date,1. open,2. high,3. low,4. close,5. volume,Ticker
2023-03-02 16:57:00,46.03,46.03,46.03,46.03,4809.0,HALO
2023-03-02 16:49:00,45.6,45.6,45.6,45.6,100.0,HALO
2023-03-02 16:02:00,46.03,46.03,46.03,46.03,760.0,HALO
2023-03-02 16:01:00,46.05,46.05,46.03,46.03,85168.0,HALO
2023-03-02 16:00:00,46.08,46.09,46.05,46.06,43602.0,HALO
2023-03-02 15:59:00,46.085,46.1,46.05,46.07,24302.0,HALO
2023-03-02 15:58:00,46.055,46.11,46.03,46.09,16536.0,HALO
2023-03-02 15:57:00,46.035,46.07,46.01,46.06,15293.0,HALO
2023-03-02 15:56:00,46.02,46.04,46.01,46.04,10426.0,HALO
2023-03-02 15:55:00,46.02,46.05,46.0,46.025,19757.0,HALO
2023-03-02 15:54:00,46.05,46.05,46.0,46.02,8509.0,HALO
2023-03-02 15:53:00,46.0857,46.0857,46.03,46.04,7412.0,HALO
2023-03-02 15:52:00,46.13,46.13,46.07,46.08,6025.0,HALO
2023-03-02 15:51:00,46.19,46.2,46.13,46.13,12054.0,HALO
2023-03-02 15:50:00,46.1175,46.21,46.1175,46.2,4048.0,HALO
2023-03-02 15:49:00,46.12,46.14,46.09,46.125,3889.0,HALO
2023-03-02 15:48:00,46.13,46.14,46.11,46.115,8220.0,HALO
2023-03-02 15:47:00,46.1,46.12,46.08,46.12,32664.0,HALO
2023-03-02 15:46:00,46.11,46.13,46.07,46.07,14336.0,HALO
2023-03-02 15:45:00,46.16,46.17,46.12,46.13,5184.0,HALO
2023-03-02 15:44:00,46.125,46.16,46.1175,46.15,3313.0,HALO
2023-03-02 15:43:00,46.215,46.215,46.13,46.135,6960.0,HALO
2023-03-02 15:42:00,46.185,46.23,46.185,46.23,4705.0,HALO
2023-03-02 15:41:00,46.25,46.25,46.18,46.19,3106.0,HALO
2023-03-02 15:40:00,46.28,46.28,46.26,46.26,2027.0,HALO
2023-03-02 15:39:00,46.2546,46.31,46.2546,46.295,3667.0,HALO
2023-03-02 15:38:00,46.28,46.28,46.24,46.265,4542.0,HALO
2023-03-02 15:37:00,46.295,46.3,46.29,46.29,2374.0,HALO
2023-03-02 15:36:00,46.29,46.3,46.29,46.295,2513.0,HALO
2023-03-02 15:35:00,46.28,46.3,46.28,46.29,2119.0,HALO
2023-03-02 15:34:00,46.29,46.29,46.28,46.29,1037.0,HALO
2023-03-02 15:33:00,46.26,46.29,46.25,46.28,4638.0,HALO
2023-03-02 15:32:00,46.265,46.28,46.265,46.28,2565.0,HALO
2023-03-02 15:31:00,46.245,46.28,46.23,46.265,4019.0,HALO
2023-03-02 15:30:00,46.26,46.26,46.24,46.24,2208.0,HALO
2023-03-02 15:29:00,46.28,46.29,46.26,46.26,3719.0,HALO
2023-03-02 15:28:00,46.285,46.29,46.275,46.28,7066.0,HALO
2023-03-02 15:27:00,46.25,46.3,46.25,46.28,15628.0,HALO
2023-03-02 15:26:00,46.22,46.24,46.2,46.24,6064.0,HALO
2023-03-02 15:25:00,46.21,46.21,46.2,46.2,848.0,HALO
2023-03-02 15:24:00,46.21,46.21,46.21,46.21,787.0,HALO
2023-03-02 15:23:00,46.205,46.21,46.185,46.21,3638.0,HALO
2023-03-02 15:22:00,46.21,46.2175,46.21,46.21,1738.0,HALO
2023-03-02 15:21:00,46.215,46.22,46.2,46.21,2327.0,HALO
2023-03-02 15:20:00,46.21,46.23,46.191,46.215,2585.0,HALO
2023-03-02 15:19:00,46.19,46.2225,46.18,46.2,4426.0,HALO
2023-03-02 15:18:00,46.2,46.2,46.1775,46.185,2476.0,HALO
2023-03-02 15:17:00,46.17,46.21,46.16,46.21,2274.0,HALO
2023-03-02 15:16:00,46.18,46.19,46.17,46.18,1179.0,HALO
2023-03-02 15:15:00,46.16,46.19,46.16,46.185,1749.0,HALO
2023-03-02 15:14:00,46.17,46.171,46.14,46.14,1995.0,HALO
2023-03-02 15:13:00,46.18,46.19,46.17,46.185,2141.0,HALO
2023-03-02 15:12:00,46.14,46.18,46.135,46.18,4073.0,HALO
2023-03-02 15:11:00,46.14,46.155,46.12,46.13,4972.0,HALO
2023-03-02 15:10:00,46.15,46.15,46.13,46.14,1271.0,HALO
2023-03-02 15:09:00,46.15,46.165,46.15,46.165,477.0,HALO
2023-03-02 15:08:00,46.16,46.16,46.16,46.16,186.0,HALO
2023-03-02 15:07:00,46.16,46.175,46.13,46.161,2348.0,HALO
2023-03-02 15:06:00,46.21,46.21,46.19,46.19,344.0,HALO
2023-03-02 15:05:00,46.22,46.245,46.21,46.21,2583.0,HALO
2023-03-02 15:04:00,46.255,46.255,46.255,46.255,284.0,HALO
2023-03-02 15:03:00,46.36,46.36,46.26,46.26,2624.0,HALO
2023-03-02 15:02:00,46.39,46.39,46.36,46.3758,3636.0,HALO
2023-03-02 15:01:00,46.31,46.39,46.31,46.38,2397.0,HALO
2023-03-02 15:00:00,46.26,46.29,46.25,46.29,2907.0,HALO
2023-03-02 14:59:00,46.29,46.3,46.26,46.26,7209.0,HALO
2023-03-02 14:58:00,46.23,46.3,46.23,46.295,5293.0,HALO
2023-03-02 14:57:00,46.245,46.255,46.245,46.245,3292.0,HALO
2023-03-02 14:56:00,46.23,46.23,46.22,46.22,1662.0,HALO
2023-03-02 14:55:00,46.255,46.255,46.21,46.24,4239.0,HALO
2023-03-02 14:54:00,46.29,46.29,46.255,46.255,1941.0,HALO
2023-03-02 14:53:00,46.27,46.29,46.27,46.29,670.0,HALO
2023-03-02 14:52:00,46.315,46.32,46.28,46.28,3196.0,HALO
2023-03-02 14:51:00,46.31,46.32,46.29,46.3,2899.0,HALO
2023-03-02 14:50:00,46.37,46.38,46.31,46.31,4751.0,HALO
2023-03-02 14:49:00,46.36,46.3815,46.36,46.3815,2482.0,HALO
2023-03-02 14:48:00,46.375,46.375,46.34,46.3485,3616.0,HALO
2023-03-02 14:47:00,46.375,46.375,46.37,46.37,354.0,HALO
2023-03-02 14:46:00,46.4,46.41,46.37,46.39,2655.0,HALO
2023-03-02 14:45:00,46.42,46.42,46.4,46.4,1382.0,HALO
2023-03-02 14:44:00,46.43,46.435,46.415,46.42,2338.0,HALO
2023-03-02 14:43:00,46.47,46.47,46.44,46.44,2336.0,HALO
2023-03-02 14:42:00,46.47,46.475,46.47,46.471,919.0,HALO
2023-03-02 14:41:00,46.45,46.47,46.44,46.47,1719.0,HALO
2023-03-02 14:40:00,46.43,46.46,46.43,46.45,2719.0,HALO
2023-03-02 14:39:00,46.4234,46.44,46.4234,46.435,14475.0,HALO
2023-03-02 14:38:00,46.42,46.43,46.41,46.41,925.0,HALO
2023-03-02 14:37:00,46.45,46.45,46.41,46.41,2172.0,HALO
2023-03-02 14:36:00,46.47,46.47,46.4406,46.4406,1974.0,HALO
2023-03-02 14:35:00,46.46,46.4774,46.45,46.4774,2702.0,HALO
2023-03-02 14:34:00,46.43,46.47,46.43,46.45,1696.0,HALO
2023-03-02 14:33:00,46.445,46.445,46.425,46.425,862.0,HALO
2023-03-02 14:32:00,46.43,46.44,46.43,46.44,1198.0,HALO
2023-03-02 14:31:00,46.38,46.445,46.375,46.445,2245.0,HALO
2023-03-02 14:30:00,46.4,46.4,46.39,46.39,3521.0,HALO
2023-03-02 14:29:00,46.4,46.4199,46.37,46.395,4907.0,HALO
2023-03-02 14:28:00,46.4,46.4,46.38,46.39,471.0,HALO
2023-03-02 14:27:00,46.36,46.4,46.36,46.4,825.0,HALO
2023-03-02 14:26:00,46.39,46.39,46.365,46.37,1448.0,HALO
2023-03-02 14:25:00,46.375,46.435,46.375,46.4,3076.0,HALO
2023-03-02 14:24:00,46.395,46.395,46.37,46.38,1002.0,HALO
2023-03-02 14:23:00,46.39,46.41,46.38,46.41,1375.0,HALO
2023-03-02 14:22:00,46.465,46.48,46.41,46.41,4629.0,HALO
2023-03-02 14:21:00,46.49,46.49,46.47,46.47,1509.0,HALO
2023-03-02 14:20:00,46.51,46.52,46.49,46.49,1664.0,HALO
2023-03-02 14:19:00,46.5,46.51,46.485,46.51,982.0,HALO
2023-03-02 14:18:00,46.49,46.5,46.49,46.5,1457.0,HALO
2023-03-02 14:17:00,46.54,46.54,46.48,46.495,2481.0,HALO
2023-03-02 14:16:00,46.5,46.56,46.5,46.54,1951.0,HALO
2023-03-02 14:15:00,46.52,46.53,46.5,46.5,1830.0,HALO
2023-03-02 14:14:00,46.5,46.54,46.5,46.54,1603.0,HALO
2023-03-02 14:13:00,46.51,46.51,46.51,46.51,203.0,HALO
2023-03-02 14:12:00,46.48,46.51,46.445,46.51,2513.0,HALO
2023-03-02 14:11:00,46.485,46.5,46.48,46.48,1195.0,HALO
2023-03-02 14:10:00,46.44,46.465,46.44,46.465,815.0,HALO
2023-03-02 14:09:00,46.41,46.455,46.41,46.455,1532.0,HALO
2023-03-02 14:08:00,46.41,46.43,46.41,46.41,1905.0,HALO
2023-03-02 14:07:00,46.46,46.46,46.4,46.42,4330.0,HALO
2023-03-02 14:06:00,46.44,46.47,46.44,46.46,1589.0,HALO
2023-03-02 14:05:00,46.451,46.451,46.43,46.431,881.0,HALO
2023-03-02 14:04:00,46.47,46.47,46.47,46.47,647.0,HALO
2023-03-02 14:03:00,46.485,46.485,46.43,46.46,2217.0,HALO
2023-03-02 14:02:00,46.4,46.49,46.4,46.471,2333.0,HALO
2023-03-02 14:01:00,46.365,46.385,46.365,46.385,825.0,HALO
2023-03-02 14:00:00,46.315,46.34,46.315,46.34,836.0,HALO
2023-03-02 13:59:00,46.29,46.315,46.285,46.31,1981.0,HALO
2023-03-02 13:58:00,46.22,46.27,46.21,46.27,1772.0,HALO
2023-03-02 13:57:00,46.21,46.23,46.2,46.23,2088.0,HALO
2023-03-02 13:56:00,46.22,46.23,46.2,46.2,1944.0,HALO
2023-03-02 13:55:00,46.22,46.23,46.22,46.22,2488.0,HALO
2023-03-02 13:54:00,46.25,46.25,46.2,46.21,3768.0,HALO
2023-03-02 13:53:00,46.1802,46.24,46.1802,46.24,5332.0,HALO
2023-03-02 13:52:00,46.17,46.2,46.17,46.18,1311.0,HALO
2023-03-02 13:51:00,46.12,46.18,46.12,46.18,1645.0,HALO
2023-03-02 13:50:00,46.1,46.135,46.09,46.135,2588.0,HALO
2023-03-02 13:49:00,46.1201,46.14,46.09,46.1,3355.0,HALO
2023-03-02 13:48:00,46.095,46.165,46.095,46.145,3374.0,HALO
2023-03-02 13:47:00,46.1,46.12,46.09,46.09,4048.0,HALO
2023-03-02 13:46:00,46.14,46.15,46.08,46.1,2101.0,HALO
2023-03-02 13:45:00,46.19,46.19,46.15,46.16,1753.0,HALO
2023-03-02 13:44:00,46.18,46.21,46.18,46.2,1039.0,HALO
2023-03-02 13:43:00,46.22,46.22,46.18,46.18,1964.0,HALO
2023-03-02 13:42:00,46.23,46.24,46.23,46.24,975.0,HALO
2023-03-02 13:41:00,46.18,46.23,46.18,46.23,1563.0,HALO
2023-03-02 13:40:00,46.205,46.205,46.205,46.205,301.0,HALO
2023-03-02 13:39:00,46.29,46.29,46.2,46.22,3601.0,HALO
2023-03-02 13:38:00,46.325,46.325,46.29,46.29,1432.0,HALO
2023-03-02 13:37:00,46.25,46.33,46.25,46.325,2169.0,HALO
2023-03-02 13:36:00,46.14,46.23,46.14,46.23,4790.0,HALO
2023-03-02 13:35:00,46.15,46.15,46.13,46.13,1574.0,HALO
2023-03-02 13:34:00,46.15,46.16,46.15,46.16,1331.0,HALO
2023-03-02 13:33:00,46.12,46.145,46.11,46.145,2034.0,HALO
2023-03-02 13:32:00,46.12,46.125,46.11,46.11,1684.0,HALO
2023-03-02 13:31:00,46.12,46.1299,46.11,46.111,894.0,HALO
2023-03-02 13:30:00,46.16,46.185,46.13,46.13,2902.0,HALO
2023-03-02 13:29:00,46.1,46.15,46.1,46.14,2475.0,HALO
2023-03-02 13:28:00,46.09,46.12,46.09,46.11,1761.0,HALO
2023-03-02 13:27:00,46.0,46.085,46.0,46.08,4469.0,HALO
2023-03-02 13:26:00,46.05,46.05,46.01,46.015,1970.0,HALO
2023-03-02 13:25:00,46.09,46.09,46.05,46.05,1054.0,HALO
2023-03-02 13:24:00,46.11,46.11,46.09,46.09,1110.0,HALO
2023-03-02 13:23:00,46.215,46.22,46.12,46.12,2997.0,HALO
2023-03-02 13:22:00,46.17,46.25,46.15,46.21,6297.0,HALO
2023-03-02 13:21:00,46.14,46.16,46.14,46.15,1465.0,HALO
2023-03-02 13:20:00,46.145,46.145,46.145,46.145,19478.0,HALO
2023-03-02 13:19:00,46.16,46.18,46.16,46.17,908.0,HALO
2023-03-02 13:18:00,46.14,46.145,46.115,46.145,1669.0,HALO
2023-03-02 13:17:00,46.15,46.15,46.14,46.14,436.0,HALO
2023-03-02 13:16:00,46.15,46.16,46.145,46.16,1293.0,HALO
2023-03-02 13:15:00,46.11,46.14,46.11,46.14,1056.0,HALO
2023-03-02 13:14:00,46.14,46.14,46.14,46.14,1394.0,HALO
2023-03-02 13:13:00,46.19,46.19,46.15,46.15,1157.0,HALO
2023-03-02 13:12:00,46.21,46.22,46.2,46.2,1101.0,HALO
2023-03-02 13:11:00,46.175,46.2,46.175,46.2,1981.0,HALO
2023-03-02 13:10:00,46.19,46.19,46.17,46.17,1153.0,HALO
2023-03-02 13:09:00,46.195,46.195,46.195,46.195,463.0,HALO
2023-03-02 13:08:00,46.25,46.25,46.2,46.2,2010.0,HALO
2023-03-02 13:07:00,46.26,46.26,46.26,46.26,554.0,HALO
2023-03-02 13:06:00,46.265,46.265,46.26,46.26,323.0,HALO
2023-03-02 13:05:00,46.28,46.28,46.26,46.27,1866.0,HALO
2023-03-02 13:04:00,46.27,46.27,46.26,46.26,774.0,HALO
2023-03-02 13:03:00,46.3,46.3,46.28,46.28,309.0,HALO
2023-03-02 13:02:00,46.285,46.29,46.28,46.29,715.0,HALO
2023-03-02 13:01:00,46.24,46.25,46.23,46.23,2509.0,HALO
2023-03-02 13:00:00,46.24,46.24,46.23,46.23,607.0,HALO
2023-03-02 12:59:00,46.195,46.23,46.195,46.22,1136.0,HALO
2023-03-02 12:58:00,46.23,46.24,46.2,46.2,1093.0,HALO
2023-03-02 12:57:00,46.22,46.26,46.22,46.235,2631.0,HALO
2023-03-02 12:56:00,46.175,46.22,46.175,46.22,3438.0,HALO
2023-03-02 12:55:00,46.2,46.21,46.19,46.19,889.0,HALO
2023-03-02 12:54:00,46.28,46.28,46.23,46.245,1771.0,HALO
2023-03-02 12:53:00,46.265,46.29,46.25,46.29,6319.0,HALO
2023-03-02 12:52:00,46.28,46.28,46.265,46.265,795.0,HALO
2023-03-02 12:51:00,46.25,46.28,46.24,46.26,2844.0,HALO
2023-03-02 12:50:00,46.3,46.3,46.256,46.256,964.0,HALO
2023-03-02 12:49:00,46.325,46.325,46.315,46.315,311.0,HALO
2023-03-02 12:48:00,46.3,46.32,46.3,46.32,3048.0,HALO
2023-03-02 12:47:00,46.31,46.36,46.301,46.31,3234.0,HALO
2023-03-02 12:46:00,46.295,46.295,46.295,46.295,232.0,HALO
2023-03-02 12:45:00,46.295,46.295,46.2861,46.295,959.0,HALO
2023-03-02 12:44:00,46.295,46.295,46.295,46.295,311.0,HALO
2023-03-02 12:43:00,46.31,46.31,46.295,46.295,318.0,HALO
2023-03-02 12:42:00,46.2554,46.31,46.24,46.3,2652.0,HALO
2023-03-02 12:41:00,46.28,46.3,46.25,46.25,1040.0,HALO
2023-03-02 12:40:00,46.33,46.33,46.28,46.28,1802.0,HALO
2023-03-02 12:39:00,46.39,46.39,46.31,46.33,2387.0,HALO
2023-03-02 12:38:00,46.425,46.44,46.4,46.405,2328.0,HALO
2023-03-02 12:37:00,46.43,46.44,46.42,46.43,2004.0,HALO
2023-03-02 12:36:00,46.465,46.465,46.4108,46.4108,2393.0,HALO
2023-03-02 12:35:00,46.51,46.51,46.45,46.45,3628.0,HALO
2023-03-02 12:34:00,46.52,46.52,46.51,46.51,987.0,HALO
2023-03-02 12:33:00,46.56,46.56,46.505,46.52,4133.0,HALO
2023-03-02 12:32:00,46.52,46.565,46.52,46.56,2997.0,HALO
2023-03-02 12:31:00,46.52,46.53,46.51,46.53,608.0,HALO
2023-03-02 12:30:00,46.54,46.54,46.52,46.52,538.0,HALO
2023-03-02 12:29:00,46.51,46.54,46.51,46.54,1650.0,HALO
2023-03-02 12:28:00,46.52,46.521,46.515,46.515,906.0,HALO
2023-03-02 12:27:00,46.54,46.54,46.53,46.53,1427.0,HALO
2023-03-02 12:26:00,46.56,46.56,46.52,46.52,1737.0,HALO
2023-03-02 12:25:00,46.55,46.58,46.55,46.57,1035.0,HALO
2023-03-02 12:24:00,46.53,46.55,46.5094,46.55,1692.0,HALO
2023-03-02 12:23:00,46.515,46.525,46.49,46.51,6715.0,HALO
2023-03-02 12:22:00,46.56,46.57,46.51,46.52,4697.0,HALO
2023-03-02 12:21:00,46.515,46.56,46.515,46.56,2276.0,HALO
2023-03-02 12:20:00,46.52,46.53,46.515,46.515,973.0,HALO
2023-03-02 12:19:00,46.52,46.52,46.52,46.52,462.0,HALO
2023-03-02 12:18:00,46.511,46.53,46.51,46.53,5708.0,HALO
2023-03-02 12:17:00,46.54,46.54,46.5,46.52,3352.0,HALO
2023-03-02 12:16:00,46.56,46.56,46.5324,46.55,1886.0,HALO
2023-03-02 12:15:00,46.561,46.561,46.561,46.561,180.0,HALO
2023-03-02 12:14:00,46.58,46.58,46.56,46.58,2211.0,HALO
2023-03-02 12:13:00,46.57,46.575,46.561,46.561,1338.0,HALO
2023-03-02 12:12:00,46.585,46.585,46.585,46.585,209.0,HALO
2023-03-02 12:11:00,46.57,46.58,46.57,46.58,1431.0,HALO
2023-03-02 12:10:00,46.56,46.59,46.56,46.585,1553.0,HALO
2023-03-02 12:09:00,46.572,46.572,46.57,46.57,758.0,HALO
2023-03-02 12:08:00,46.59,46.59,46.59,46.59,334.0,HALO
2023-03-02 12:07:00,46.59,46.605,46.59,46.605,696.0,HALO
2023-03-02 12:06:00,46.61,46.61,46.6,46.605,1720.0,HALO
2023-03-02 12:05:00,46.62,46.64,46.618,46.618,838.0,HALO
2023-03-02 12:04:00,46.62,46.65,46.62,46.65,500.0,HALO
2023-03-02 12:03:00,46.67,46.67,46.66,46.66,966.0,HALO
2023-03-02 12:02:00,46.71,46.73,46.68,46.7,3790.0,HALO
2023-03-02 12:01:00,46.72,46.7275,46.691,46.691,1353.0,HALO
2023-03-02 12:00:00,46.683,46.76,46.683,46.76,1930.0,HALO
2023-03-02 11:59:00,46.6,46.71,46.6,46.705,3758.0,HALO
2023-03-02 11:58:00,46.6,46.62,46.6,46.62,628.0,HALO
2023-03-02 11:57:00,46.5,46.615,46.5,46.59,5258.0,HALO
2023-03-02 11:56:00,46.52,46.55,46.515,46.52,12064.0,HALO
2023-03-02 11:55:00,46.66,46.66,46.505,46.52,16356.0,HALO
2023-03-02 11:54:00,46.66,46.69,46.66,46.675,575.0,HALO
2023-03-02 11:53:00,46.695,46.695,46.66,46.66,1847.0,HALO
2023-03-02 11:52:00,46.7,46.7,46.681,46.695,858.0,HALO
2023-03-02 11:51:00,46.655,46.71,46.64,46.71,2813.0,HALO
2023-03-02 11:50:00,46.635,46.66,46.635,46.66,911.0,HALO
2023-03-02 11:49:00,46.6,46.6369,46.6,46.6369,1166.0,HALO
2023-03-02 11:48:00,46.59,46.6,46.59,46.59,619.0,HALO
2023-03-02 11:47:00,46.62,46.62,46.62,46.62,567.0,HALO
2023-03-02 11:46:00,46.59,46.62,46.59,46.62,1668.0,HALO
2023-03-02 11:45:00,46.65,46.65,46.58,46.58,1902.0,HALO
2023-03-02 11:44:00,46.64,46.64,46.63,46.63,461.0,HALO
2023-03-02 11:43:00,46.64,46.64,46.621,46.621,620.0,HALO
2023-03-02 11:42:00,46.66,46.66,46.66,46.66,270.0,HALO
2023-03-02 11:41:00,46.6,46.62,46.6,46.62,2418.0,HALO
2023-03-02 11:40:00,46.635,46.635,46.635,46.635,237.0,HALO
2023-03-02 11:39:00,46.75,46.75,46.64,46.64,3464.0,HALO
2023-03-02 11:38:00,46.77,46.77,46.76,46.76,471.0,HALO
2023-03-02 11:36:00,46.76,46.76,46.76,46.76,311.0,HALO
2023-03-02 11:35:00,46.75,46.76,46.7392,46.76,1421.0,HALO
2023-03-02 11:34:00,46.72,46.72,46.72,46.72,470.0,HALO
2023-03-02 11:33:00,46.64,46.74,46.64,46.74,3969.0,HALO
2023-03-02 11:32:00,46.63,46.66,46.61,46.65,4751.0,HALO
2023-03-02 11:31:00,46.62,46.62,46.62,46.62,704.0,HALO
2023-03-02 11:30:00,46.57,46.58,46.57,46.58,304.0,HALO
2023-03-02 11:29:00,46.56,46.57,46.5399,46.57,2339.0,HALO
2023-03-02 11:28:00,46.645,46.65,46.57,46.57,4167.0,HALO
2023-03-02 11:27:00,46.66,46.66,46.59,46.62,3739.0,HALO
2023-03-02 11:25:00,46.65,46.67,46.65,46.66,2510.0,HALO
2023-03-02 11:24:00,46.69,46.69,46.62,46.635,3580.0,HALO
2023-03-02 11:23:00,46.6721,46.68,46.6721,46.68,354.0,HALO
2023-03-02 11:22:00,46.68,46.68,46.675,46.675,504.0,HALO
2023-03-02 11:21:00,46.69,46.69,46.665,46.675,1349.0,HALO
2023-03-02 11:20:00,46.75,46.75,46.69,46.69,1181.0,HALO
2023-03-02 11:19:00,46.77,46.77,46.705,46.72,3266.0,HALO
2023-03-02 11:18:00,46.79,46.79,46.74,46.77,2204.0,HALO
2023-03-02 11:17:00,46.7569,46.7569,46.7569,46.7569,151.0,HALO
2023-03-02 11:15:00,46.775,46.775,46.76,46.76,1248.0,HALO
2023-03-02 11:14:00,46.81,46.81,46.79,46.79,528.0,HALO
2023-03-02 11:13:00,46.825,46.825,46.825,46.825,140.0,HALO
2023-03-02 11:12:00,46.835,46.835,46.78,46.8,4611.0,HALO
2023-03-02 11:11:00,46.86,46.86,46.84,46.85,1270.0,HALO
2023-03-02 11:10:00,46.8581,46.8581,46.8581,46.8581,511.0,HALO
2023-03-02 11:08:00,46.8464,46.8464,46.84,46.84,838.0,HALO
2023-03-02 11:07:00,46.85,46.8599,46.84,46.8599,1286.0,HALO
2023-03-02 11:06:00,46.88,46.88,46.855,46.855,1298.0,HALO
2023-03-02 11:05:00,46.851,46.89,46.851,46.87,1324.0,HALO
2023-03-02 11:03:00,46.845,46.845,46.845,46.845,140.0,HALO
2023-03-02 11:01:00,46.82,46.86,46.82,46.83,1087.0,HALO
2023-03-02 11:00:00,46.8,46.81,46.8,46.81,1058.0,HALO
2023-03-02 10:58:00,46.8,46.8,46.79,46.79,20021.0,HALO
2023-03-02 10:57:00,46.79,46.79,46.77,46.77,27053.0,HALO
2023-03-02 10:55:00,46.86,46.86,46.84,46.84,694.0,HALO
2023-03-02 10:54:00,46.885,46.885,46.85,46.86,2045.0,HALO
2023-03-02 10:53:00,46.85,46.85,46.85,46.85,154.0,HALO
2023-03-02 10:52:00,46.83,46.87,46.83,46.87,717.0,HALO
2023-03-02 10:51:00,46.81,46.82,46.81,46.82,372.0,HALO
2023-03-02 10:50:00,46.78,46.82,46.78,46.81,13562.0,HALO
2023-03-02 10:49:00,46.82,46.82,46.81,46.815,1359.0,HALO
2023-03-02 10:48:00,46.76,46.81,46.76,46.79,2660.0,HALO
2023-03-02 10:47:00,46.77,46.77,46.755,46.755,453.0,HALO
2023-03-02 10:46:00,46.76,46.775,46.76,46.77,432.0,HALO
2023-03-02 10:45:00,46.77,46.77,46.75,46.76,906.0,HALO
2023-03-02 10:43:00,46.8,46.8,46.77,46.77,1708.0,HALO
2023-03-02 10:42:00,46.735,46.78,46.735,46.78,1030.0,HALO
2023-03-02 10:41:00,46.7256,46.7256,46.7256,46.7256,216.0,HALO
2023-03-02 10:40:00,46.77,46.77,46.74,46.74,896.0,HALO
2023-03-02 10:39:00,46.835,46.835,46.79,46.79,1082.0,HALO
2023-03-02 10:38:00,46.83,46.85,46.82,46.835,683.0,HALO
2023-03-02 10:37:00,46.87,46.88,46.79,46.82,3665.0,HALO
2023-03-02 10:36:00,46.79,46.85,46.78,46.85,4404.0,HALO
2023-03-02 10:35:00,46.825,46.825,46.79,46.79,1493.0,HALO
2023-03-02 10:34:00,46.815,46.825,46.815,46.825,375.0,HALO
2023-03-02 10:33:00,46.82,46.84,46.82,46.82,1201.0,HALO
2023-03-02 10:32:00,46.8,46.81,46.78,46.78,2296.0,HALO
2023-03-02 10:31:00,46.86,46.87,46.81,46.81,1018.0,HALO
2023-03-02 10:29:00,46.87,46.93,46.87,46.93,649.0,HALO
2023-03-02 10:27:00,46.85,46.85,46.815,46.835,2194.0,HALO
2023-03-02 10:26:00,46.8363,46.86,46.8363,46.86,531.0,HALO
2023-03-02 10:25:00,46.84,46.87,46.84,46.87,555.0,HALO
2023-03-02 10:23:00,46.79,46.79,46.79,46.79,116.0,HALO
2023-03-02 10:22:00,46.79,46.79,46.74,46.75,1855.0,HALO
2023-03-02 10:21:00,46.76,46.79,46.76,46.79,1837.0,HALO
2023-03-02 10:20:00,46.78,46.84,46.76,46.78,4673.0,HALO
2023-03-02 10:19:00,46.84,46.84,46.79,46.79,1624.0,HALO
2023-03-02 10:18:00,46.799,46.89,46.799,46.8632,2758.0,HALO
2023-03-02 10:17:00,46.84,46.88,46.79,46.79,2375.0,HALO
2023-03-02 10:16:00,46.89,46.9,46.78,46.78,1318.0,HALO
2023-03-02 10:15:00,46.99,47.01,46.92,46.94,5394.0,HALO
2023-03-02 10:14:00,47.03,47.06,46.97,46.97,7145.0,HALO
2023-03-02 10:13:00,47.005,47.035,47.0,47.02,5695.0,HALO
2023-03-02 10:12:00,46.94,46.995,46.9,46.995,7458.0,HALO
2023-03-02 10:11:00,46.86,46.99,46.86,46.94,9786.0,HALO
2023-03-02 10:10:00,46.87,46.87,46.85,46.85,1487.0,HALO
2023-03-02 10:09:00,46.84,46.86,46.82,46.86,3605.0,HALO
2023-03-02 10:08:00,46.88,46.89,46.85,46.87,4473.0,HALO
2023-03-02 10:07:00,46.89,46.895,46.86,46.895,1273.0,HALO
2023-03-02 10:06:00,46.94,46.94,46.82,46.82,2711.0,HALO
2023-03-02 10:05:00,46.89,46.89,46.86,46.86,529.0,HALO
2023-03-02 10:04:00,46.99,46.99,46.86,46.86,1682.0,HALO
2023-03-02 10:03:00,47.04,47.04,47.02,47.02,944.0,HALO
2023-03-02 10:02:00,47.06,47.07,47.06,47.07,1021.0,HALO
2023-03-02 10:01:00,47.035,47.035,47.035,47.035,759.0,HALO
2023-03-02 10:00:00,47.01,47.025,47.01,47.025,320.0,HALO
2023-03-02 09:59:00,47.04,47.04,47.04,47.04,513.0,HALO
2023-03-02 09:58:00,46.96,46.96,46.96,46.96,326.0,HALO
2023-03-02 09:57:00,46.95,47.05,46.72,47.005,14266.0,HALO
2023-03-02 09:56:00,47.01,47.01,46.95,46.95,385.0,HALO
2023-03-02 09:54:00,46.98,46.98,46.97,46.97,357.0,HALO
2023-03-02 09:53:00,47.06,47.06,47.01,47.015,1612.0,HALO
2023-03-02 09:52:00,46.82,47.0,46.82,47.0,740.0,HALO
2023-03-02 09:51:00,46.93,46.93,46.93,46.93,596.0,HALO
2023-03-02 09:50:00,46.76,46.76,46.76,46.76,953.0,HALO
2023-03-02 09:49:00,46.6,46.68,46.6,46.64,567.0,HALO
2023-03-02 09:48:00,46.6,46.64,46.6,46.64,1262.0,HALO
2023-03-02 09:47:00,46.57,46.71,46.54,46.71,2598.0,HALO
2023-03-02 09:46:00,46.76,46.76,46.51,46.51,7855.0,HALO
2023-03-02 09:45:00,46.79,46.85,46.76,46.76,1902.0,HALO
2023-03-02 09:44:00,46.971,46.985,46.76,46.78,2650.0,HALO
2023-03-02 09:43:00,47.0,47.0,47.0,47.0,163.0,HALO
2023-03-02 09:41:00,47.035,47.035,46.96,47.015,1167.0,HALO
2023-03-02 09:40:00,47.05,47.05,46.96,47.025,700.0,HALO
2023-03-02 09:39:00,47.05,47.05,47.05,47.05,261.0,HALO
2023-03-02 09:38:00,47.07,47.07,47.04,47.04,433.0,HALO
2023-03-02 09:37:00,47.115,47.115,47.115,47.115,143.0,HALO
2023-03-02 09:36:00,47.19,47.19,47.145,47.145,562.0,HALO
2023-03-02 09:35:00,47.3,47.3,47.29,47.29,530.0,HALO
2023-03-02 09:34:00,47.395,47.415,47.395,47.415,314.0,HALO
2023-03-02 09:33:00,47.22,47.44,47.22,47.44,1086.0,HALO
2023-03-02 09:32:00,47.465,47.465,47.17,47.295,2179.0,HALO
2023-03-02 09:31:00,47.27,47.46,47.0,47.32,14242.0,HALO
2023-03-02 08:02:00,47.02,47.02,47.02,47.02,831.0,HALO
2023-03-01 19:42:00,47.62,47.62,47.62,47.62,100.0,HALO
2023-03-01 18:07:00,47.62,47.62,47.62,47.62,1746.0,HALO
2023-03-01 16:02:00,47.62,47.62,47.62,47.62,1823.0,HALO
2023-03-01 16:01:00,47.62,47.62,47.62,47.62,34573.0,HALO
2023-03-01 16:00:00,47.68,47.69,47.59,47.6,23852.0,HALO
2023-03-01 15:59:00,47.69,47.705,47.68,47.68,16581.0,HALO
2023-03-01 15:58:00,47.72,47.73,47.69,47.69,12406.0,HALO
2023-03-01 15:57:00,47.705,47.72,47.67,47.72,12974.0,HALO
2023-03-01 15:56:00,47.68,47.74,47.68,47.71,8529.0,HALO
2023-03-01 15:55:00,47.67,47.67,47.63,47.67,7940.0,HALO
2023-03-01 15:54:00,47.65,47.675,47.62,47.675,3161.0,HALO
2023-03-01 15:53:00,47.675,47.675,47.62,47.65,11119.0,HALO
2023-03-01 15:52:00,47.645,47.72,47.645,47.675,12718.0,HALO
2023-03-01 15:51:00,47.595,47.67,47.595,47.645,5395.0,HALO
2023-03-01 15:50:00,47.6,47.62,47.6,47.6,2270.0,HALO
2023-03-01 15:49:00,47.62,47.62,47.59,47.59,2904.0,HALO
2023-03-01 15:48:00,47.57,47.6,47.57,47.6,3217.0,HALO
2023-03-01 15:47:00,47.635,47.635,47.58,47.59,2180.0,HALO
2023-03-01 15:46:00,47.65,47.66,47.63,47.635,3946.0,HALO
2023-03-01 15:45:00,47.68,47.68,47.64,47.64,3524.0,HALO
2023-03-01 15:44:00,47.68,47.7,47.675,47.7,2998.0,HALO
2023-03-01 15:43:00,47.69,47.705,47.68,47.7,4478.0,HALO
2023-03-01 15:42:00,47.67,47.68,47.67,47.67,1205.0,HALO
2023-03-01 15:41:00,47.679,47.7,47.67,47.7,1871.0,HALO
2023-03-01 15:40:00,47.61,47.65,47.61,47.65,1314.0,HALO
2023-03-01 15:39:00,47.59,47.61,47.59,47.61,2684.0,HALO
2023-03-01 15:38:00,47.61,47.63,47.58,47.58,2606.0,HALO
2023-03-01 15:37:00,47.55,47.63,47.55,47.63,2223.0,HALO
2023-03-01 15:36:00,47.56,47.585,47.535,47.54,3298.0,HALO
2023-03-01 15:35:00,47.58,47.58,47.56,47.56,881.0,HALO
2023-03-01 15:34:00,47.565,47.59,47.53,47.565,3365.0,HALO
2023-03-01 15:33:00,47.58,47.596,47.555,47.555,2804.0,HALO
2023-03-01 15:32:00,47.52,47.524,47.5,47.52,1966.0,HALO
2023-03-01 15:31:00,47.495,47.56,47.495,47.505,3621.0,HALO
2023-03-01 15:30:00,47.485,47.505,47.46,47.495,3570.0,HALO
2023-03-01 15:29:00,47.5,47.5,47.47,47.49,3418.0,HALO
2023-03-01 15:28:00,47.53,47.53,47.5,47.515,3916.0,HALO
2023-03-01 15:27:00,47.545,47.545,47.53,47.54,1055.0,HALO
2023-03-01 15:26:00,47.57,47.57,47.515,47.54,3031.0,HALO
2023-03-01 15:25:00,47.535,47.57,47.535,47.57,1306.0,HALO
2023-03-01 15:24:00,47.53,47.53,47.52,47.53,2201.0,HALO
2023-03-01 15:23:00,47.58,47.58,47.55,47.55,1584.0,HALO
2023-03-01 15:22:00,47.61,47.61,47.58,47.59,3484.0,HALO
2023-03-01 15:21:00,47.57,47.62,47.57,47.62,21366.0,HALO
2023-03-01 15:20:00,47.56,47.57,47.54,47.555,1891.0,HALO
2023-03-01 15:19:00,47.58,47.59,47.56,47.56,2279.0,HALO
2023-03-01 15:18:00,47.56,47.585,47.56,47.58,2348.0,HALO
2023-03-01 15:17:00,47.55,47.57,47.55,47.56,2037.0,HALO
2023-03-01 15:16:00,47.55,47.57,47.55,47.565,1368.0,HALO
2023-03-01 15:15:00,47.51,47.545,47.51,47.54,3141.0,HALO
2023-03-01 15:14:00,47.53,47.535,47.51,47.52,1987.0,HALO
2023-03-01 15:13:00,47.6,47.6,47.53,47.54,7538.0,HALO
2023-03-01 15:12:00,47.64,47.64,47.59,47.6,4035.0,HALO
2023-03-01 15:11:00,47.65,47.65,47.65,47.65,956.0,HALO
2023-03-01 15:10:00,47.6,47.645,47.6,47.635,3927.0,HALO
2023-03-01 15:09:00,47.6198,47.6198,47.6198,47.6198,248.0,HALO
2023-03-01 15:08:00,47.6,47.61,47.6,47.61,477.0,HALO
2023-03-01 15:07:00,47.59,47.59,47.58,47.59,1086.0,HALO
2023-03-01 15:06:00,47.58,47.59,47.58,47.59,531.0,HALO
2023-03-01 15:05:00,47.55,47.58,47.55,47.58,2448.0,HALO
2023-03-01 15:04:00,47.555,47.555,47.555,47.555,830.0,HALO
2023-03-01 15:03:00,47.57,47.57,47.56,47.56,888.0,HALO
2023-03-01 15:01:00,47.52,47.56,47.51,47.56,2342.0,HALO
2023-03-01 15:00:00,47.57,47.57,47.53,47.54,1601.0,HALO
2023-03-01 14:58:00,47.59,47.59,47.58,47.58,757.0,HALO
2023-03-01 14:57:00,47.6,47.6,47.6,47.6,539.0,HALO
2023-03-01 14:56:00,47.6,47.6,47.59,47.59,430.0,HALO
2023-03-01 14:55:00,47.56,47.58,47.56,47.58,1487.0,HALO
2023-03-01 14:54:00,47.54,47.555,47.54,47.555,942.0,HALO
2023-03-01 14:53:00,47.55,47.55,47.53,47.53,464.0,HALO
2023-03-01 14:52:00,47.58,47.58,47.53,47.55,3923.0,HALO
2023-03-01 14:51:00,47.59,47.59,47.59,47.59,148.0,HALO
2023-03-01 14:50:00,47.6,47.6,47.59,47.59,1051.0,HALO
2023-03-01 14:49:00,47.61,47.62,47.61,47.62,1054.0,HALO
2023-03-01 14:48:00,47.6,47.605,47.58,47.605,2236.0,HALO
2023-03-01 14:47:00,47.6,47.6,47.6,47.6,516.0,HALO
2023-03-01 14:46:00,47.6,47.6,47.59,47.59,1076.0,HALO
2023-03-01 14:45:00,47.62,47.62,47.62,47.62,626.0,HALO
2023-03-01 14:44:00,47.61,47.62,47.61,47.615,1077.0,HALO
2023-03-01 14:43:00,47.57,47.62,47.57,47.61,2072.0,HALO
2023-03-01 14:42:00,47.59,47.59,47.58,47.585,1148.0,HALO
2023-03-01 14:41:00,47.62,47.62,47.6,47.6,1098.0,HALO
2023-03-01 14:40:00,47.625,47.635,47.62,47.63,1812.0,HALO
2023-03-01 14:39:00,47.62,47.62,47.62,47.62,1266.0,HALO
2023-03-01 14:37:00,47.595,47.6,47.595,47.6,460.0,HALO
2023-03-01 14:36:00,47.58,47.6,47.58,47.6,1872.0,HALO
2023-03-01 14:34:00,47.57,47.58,47.57,47.58,394.0,HALO
2023-03-01 14:33:00,47.63,47.63,47.58,47.58,2049.0,HALO
2023-03-01 14:32:00,47.62,47.64,47.61,47.64,1492.0,HALO
2023-03-01 14:31:00,47.61,47.63,47.61,47.63,1158.0,HALO
2023-03-01 14:30:00,47.62,47.62,47.62,47.62,1020.0,HALO
2023-03-01 14:29:00,47.63,47.6372,47.63,47.6372,341.0,HALO
2023-03-01 14:28:00,47.65,47.65,47.625,47.63,1741.0,HALO
2023-03-01 14:27:00,47.64,47.65,47.64,47.65,539.0,HALO
2023-03-01 14:26:00,47.64,47.65,47.64,47.64,851.0,HALO
2023-03-01 14:25:00,47.63,47.63,47.63,47.63,307.0,HALO
2023-03-01 14:24:00,47.62,47.646,47.62,47.646,1057.0,HALO
2023-03-01 14:23:00,47.63,47.63,47.63,47.63,339.0,HALO
2023-03-01 14:22:00,47.64,47.64,47.615,47.62,1942.0,HALO
2023-03-01 14:21:00,47.62,47.62,47.62,47.62,1483.0,HALO
2023-03-01 14:20:00,47.6,47.61,47.6,47.61,753.0,HALO
2023-03-01 14:19:00,47.61,47.61,47.61,47.61,438.0,HALO
2023-03-01 14:18:00,47.6,47.61,47.6,47.61,687.0,HALO
2023-03-01 14:17:00,47.62,47.62,47.59,47.595,1604.0,HALO
2023-03-01 14:16:00,47.64,47.65,47.6245,47.65,1206.0,HALO
2023-03-01 14:15:00,47.64,47.64,47.64,47.64,880.0,HALO
2023-03-01 14:14:00,47.64,47.64,47.625,47.625,968.0,HALO
2023-03-01 14:13:00,47.63,47.64,47.63,47.64,786.0,HALO
2023-03-01 14:10:00,47.6,47.62,47.6,47.62,915.0,HALO
2023-03-01 14:09:00,47.6,47.6,47.585,47.585,917.0,HALO
2023-03-01 14:08:00,47.63,47.63,47.63,47.63,250.0,HALO
2023-03-01 14:07:00,47.63,47.64,47.63,47.64,704.0,HALO
2023-03-01 14:05:00,47.59,47.61,47.59,47.61,742.0,HALO
2023-03-01 14:04:00,47.6,47.6,47.6,47.6,456.0,HALO
2023-03-01 14:03:00,47.61,47.63,47.61,47.63,2110.0,HALO
2023-03-01 14:02:00,47.635,47.635,47.62,47.62,1953.0,HALO
2023-03-01 14:01:00,47.68,47.69,47.64,47.64,2259.0,HALO
2023-03-01 14:00:00,47.7,47.71,47.7,47.71,465.0,HALO
2023-03-01 13:59:00,47.68,47.68,47.675,47.675,1184.0,HALO
2023-03-01 13:58:00,47.675,47.675,47.66,47.66,419.0,HALO
2023-03-01 13:57:00,47.67,47.67,47.67,47.67,602.0,HALO
2023-03-01 13:56:00,47.67,47.68,47.67,47.68,538.0,HALO
2023-03-01 13:54:00,47.635,47.65,47.635,47.65,326.0,HALO
2023-03-01 13:53:00,47.69,47.695,47.66,47.66,1931.0,HALO
2023-03-01 13:52:00,47.7,47.7,47.7,47.7,407.0,HALO
2023-03-01 13:51:00,47.68,47.69,47.68,47.69,573.0,HALO
2023-03-01 13:50:00,47.63,47.66,47.63,47.66,999.0,HALO
2023-03-01 13:49:00,47.65,47.65,47.64,47.64,561.0,HALO
2023-03-01 13:46:00,47.67,47.67,47.67,47.67,514.0,HALO
2023-03-01 13:45:00,47.7,47.7,47.67,47.68,996.0,HALO
2023-03-01 13:44:00,47.67,47.7,47.67,47.7,1714.0,HALO
2023-03-01 13:42:00,47.67,47.67,47.65,47.66,1573.0,HALO
2023-03-01 13:41:00,47.665,47.695,47.665,47.68,2666.0,HALO
2023-03-01 13:39:00,47.67,47.67,47.67,47.67,221.0,HALO
2023-03-01 13:38:00,47.69,47.69,47.68,47.68,1070.0,HALO
2023-03-01 13:37:00,47.67,47.67,47.67,47.67,419.0,HALO
2023-03-01 13:36:00,47.64,47.64,47.64,47.64,945.0,HALO
2023-03-01 13:35:00,47.63,47.63,47.63,47.63,159.0,HALO
2023-03-01 13:34:00,47.635,47.635,47.635,47.635,105.0,HALO
2023-03-01 13:33:00,47.61,47.63,47.61,47.63,582.0,HALO
2023-03-01 13:32:00,47.62,47.62,47.61,47.61,603.0,HALO
2023-03-01 13:31:00,47.62,47.62,47.62,47.62,778.0,HALO
2023-03-01 13:30:00,47.63,47.63,47.63,47.63,810.0,HALO
2023-03-01 13:29:00,47.58,47.59,47.58,47.59,882.0,HALO
2023-03-01 13:28:00,47.59,47.59,47.59,47.59,315.0,HALO
2023-03-01 13:27:00,47.61,47.61,47.61,47.61,411.0,HALO
2023-03-01 13:26:00,47.6,47.62,47.6,47.62,671.0,HALO
2023-03-01 13:25:00,47.59,47.59,47.59,47.59,484.0,HALO
2023-03-01 13:24:00,47.61,47.62,47.61,47.62,1350.0,HALO
2023-03-01 13:23:00,47.62,47.635,47.62,47.635,570.0,HALO
2023-03-01 13:22:00,47.65,47.65,47.65,47.65,1059.0,HALO
2023-03-01 13:20:00,47.685,47.69,47.66,47.66,709.0,HALO
2023-03-01 13:19:00,47.65,47.66,47.61,47.66,4572.0,HALO
2023-03-01 13:18:00,47.6604,47.6604,47.6604,47.6604,674.0,HALO
2023-03-01 13:17:00,47.7,47.7,47.66,47.68,1463.0,HALO
2023-03-01 13:16:00,47.72,47.72,47.7,47.7,1500.0,HALO
2023-03-01 13:15:00,47.735,47.735,47.735,47.735,671.0,HALO
2023-03-01 13:14:00,47.73,47.73,47.73,47.73,863.0,HALO
2023-03-01 13:13:00,47.73,47.73,47.73,47.73,799.0,HALO
2023-03-01 13:11:00,47.71,47.71,47.71,47.71,374.0,HALO
2023-03-01 13:10:00,47.73,47.73,47.72,47.72,566.0,HALO
2023-03-01 13:09:00,47.749,47.76,47.749,47.76,1608.0,HALO
2023-03-01 13:08:00,47.735,47.735,47.735,47.735,209.0,HALO
2023-03-01 13:07:00,47.75,47.75,47.75,47.75,593.0,HALO
2023-03-01 13:06:00,47.765,47.765,47.76,47.76,329.0,HALO
2023-03-01 13:05:00,47.74,47.76,47.74,47.76,777.0,HALO
2023-03-01 13:04:00,47.73,47.75,47.73,47.75,302.0,HALO
2023-03-01 13:03:00,47.73,47.73,47.73,47.73,130.0,HALO
2023-03-01 13:02:00,47.74,47.74,47.735,47.735,283.0,HALO
2023-03-01 13:01:00,47.75,47.75,47.74,47.74,650.0,HALO
2023-03-01 13:00:00,47.765,47.765,47.765,47.765,140.0,HALO
2023-03-01 12:59:00,47.785,47.785,47.74,47.76,1142.0,HALO
2023-03-01 12:58:00,47.8,47.8,47.79,47.79,700.0,HALO
2023-03-01 12:57:00,47.76,47.76,47.76,47.76,830.0,HALO
2023-03-01 12:56:00,47.8,47.8,47.745,47.745,1182.0,HALO
2023-03-01 12:54:00,47.815,47.815,47.815,47.815,211.0,HALO
2023-03-01 12:53:00,47.815,47.815,47.815,47.815,432.0,HALO
2023-03-01 12:52:00,47.79,47.81,47.79,47.81,953.0,HALO
2023-03-01 12:50:00,47.79,47.8,47.785,47.785,956.0,HALO
2023-03-01 12:48:00,47.755,47.79,47.73,47.78,3978.0,HALO
2023-03-01 12:47:00,47.77,47.77,47.755,47.76,1629.0,HALO
2023-03-01 12:46:00,47.755,47.79,47.755,47.79,879.0,HALO
2023-03-01 12:45:00,47.755,47.755,47.755,47.755,121.0,HALO
2023-03-01 12:44:00,47.76,47.76,47.76,47.76,724.0,HALO
2023-03-01 12:42:00,47.7,47.73,47.7,47.73,1235.0,HALO
2023-03-01 12:41:00,47.71,47.72,47.7,47.7,1499.0,HALO
2023-03-01 12:40:00,47.71,47.71,47.7,47.7,653.0,HALO
2023-03-01 12:39:00,47.7,47.72,47.69,47.72,725.0,HALO
2023-03-01 12:37:00,47.715,47.715,47.715,47.715,203.0,HALO
2023-03-01 12:36:00,47.67,47.68,47.67,47.68,1122.0,HALO
2023-03-01 12:35:00,47.67,47.67,47.67,47.67,379.0,HALO
2023-03-01 12:33:00,47.68,47.68,47.68,47.68,114.0,HALO
2023-03-01 12:32:00,47.685,47.685,47.685,47.685,275.0,HALO
2023-03-01 12:31:00,47.655,47.66,47.64,47.66,1571.0,HALO
2023-03-01 12:30:00,47.67,47.67,47.67,47.67,732.0,HALO
2023-03-01 12:28:00,47.76,47.76,47.73,47.73,850.0,HALO
2023-03-01 12:26:00,47.68,47.7,47.68,47.7,625.0,HALO
2023-03-01 12:25:00,47.66,47.66,47.55,47.66,10390.0,HALO
2023-03-01 12:24:00,47.67,47.67,47.67,47.67,2654.0,HALO
2023-03-01 12:23:00,47.67,47.675,47.66,47.675,1803.0,HALO
2023-03-01 12:21:00,47.67,47.67,47.67,47.67,1790.0,HALO
2023-03-01 12:20:00,47.68,47.68,47.68,47.68,468.0,HALO
2023-03-01 12:19:00,47.7,47.7,47.67,47.69,8029.0,HALO
2023-03-01 12:18:00,47.725,47.725,47.725,47.725,966.0,HALO
2023-03-01 12:17:00,47.73,47.73,47.72,47.72,1133.0,HALO
2023-03-01 12:16:00,47.75,47.75,47.7318,47.7318,461.0,HALO
2023-03-01 12:15:00,47.74,47.74,47.74,47.74,484.0,HALO
2023-03-01 12:14:00,47.77,47.77,47.77,47.77,770.0,HALO
2023-03-01 12:12:00,47.86,47.86,47.79,47.79,1764.0,HALO
2023-03-01 12:11:00,47.875,47.875,47.855,47.855,2521.0,HALO
2023-03-01 12:10:00,47.85,47.88,47.85,47.88,1020.0,HALO
2023-03-01 12:08:00,47.85,47.87,47.85,47.87,923.0,HALO
2023-03-01 12:07:00,47.85,47.85,47.85,47.85,106.0,HALO
2023-03-01 12:06:00,47.81,47.83,47.81,47.83,760.0,HALO
2023-03-01 12:05:00,47.81,47.85,47.81,47.82,3822.0,HALO
2023-03-01 12:04:00,47.795,47.795,47.78,47.78,731.0,HALO
2023-03-01 12:03:00,47.84,47.84,47.82,47.82,745.0,HALO
2023-03-01 12:01:00,47.91,47.91,47.88,47.89,1884.0,HALO
2023-03-01 12:00:00,47.89,47.91,47.89,47.91,1477.0,HALO
2023-03-01 11:59:00,47.89,47.89,47.89,47.89,150.0,HALO
2023-03-01 11:58:00,47.91,47.91,47.91,47.91,103.0,HALO
2023-03-01 11:57:00,47.88,47.93,47.88,47.9,2030.0,HALO
2023-03-01 11:56:00,47.92,47.92,47.88,47.88,2160.0,HALO
2023-03-01 11:55:00,48.01,48.01,48.0,48.0,649.0,HALO
2023-03-01 11:53:00,47.99,48.04,47.99,48.04,1070.0,HALO
2023-03-01 11:52:00,48.08,48.08,48.02,48.02,1758.0,HALO
2023-03-01 11:51:00,48.01,48.05,48.01,48.05,2277.0,HALO
2023-03-01 11:50:00,48.0,48.01,47.98,47.98,1283.0,HALO
2023-03-01 11:49:00,48.07,48.07,48.02,48.02,2132.0,HALO
2023-03-01 11:48:00,48.06,48.11,48.05,48.11,1793.0,HALO
2023-03-01 11:47:00,47.98,48.06,47.98,48.06,2783.0,HALO
2023-03-01 11:46:00,48.0,48.0,47.985,47.985,975.0,HALO
2023-03-01 11:45:00,47.945,47.98,47.945,47.98,1302.0,HALO
2023-03-01 11:44:00,47.93,47.93,47.93,47.93,726.0,HALO
2023-03-01 11:43:00,47.89,47.91,47.87,47.91,1029.0,HALO
2023-03-01 11:42:00,47.85,47.88,47.85,47.88,677.0,HALO
2023-03-01 11:41:00,47.85,47.905,47.82,47.83,3416.0,HALO
2023-03-01 11:40:00,47.87,47.87,47.87,47.87,390.0,HALO
2023-03-01 11:39:00,47.85,47.87,47.85,47.87,918.0,HALO
2023-03-01 11:38:00,47.84,47.84,47.82,47.82,354.0,HALO
2023-03-01 11:37:00,47.83,47.86,47.83,47.84,1964.0,HALO
2023-03-01 11:35:00,47.82,47.82,47.82,47.82,375.0,HALO
2023-03-01 11:34:00,47.81,47.81,47.81,47.81,119.0,HALO
2023-03-01 11:33:00,47.85,47.85,47.84,47.84,906.0,HALO
2023-03-01 11:31:00,47.83,47.83,47.83,47.83,251.0,HALO
2023-03-01 11:30:00,47.87,47.87,47.84,47.84,1959.0,HALO
2023-03-01 11:29:00,47.85,47.875,47.85,47.87,1018.0,HALO
2023-03-01 11:28:00,47.84,47.84,47.84,47.84,246.0,HALO
2023-03-01 11:27:00,47.83,47.83,47.83,47.83,217.0,HALO
2023-03-01 11:26:00,47.815,47.815,47.815,47.815,109.0,HALO
2023-03-01 11:25:00,47.77,47.79,47.77,47.79,350.0,HALO
2023-03-01 11:24:00,47.81,47.81,47.79,47.79,970.0,HALO
2023-03-01 11:23:00,47.76,47.76,47.76,47.76,1375.0,HALO
2023-03-01 11:22:00,47.76,47.77,47.76,47.77,665.0,HALO
2023-03-01 11:21:00,47.73,47.73,47.73,47.73,744.0,HALO
2023-03-01 11:20:00,47.73,47.73,47.72,47.72,501.0,HALO
2023-03-01 11:17:00,47.805,47.805,47.77,47.77,466.0,HALO
2023-03-01 11:16:00,47.86,47.86,47.85,47.85,632.0,HALO
2023-03-01 11:15:00,47.88,47.88,47.88,47.88,173.0,HALO
2023-03-01 11:13:00,47.895,47.895,47.89,47.89,542.0,HALO
2023-03-01 11:12:00,47.84,47.91,47.81,47.91,3067.0,HALO
2023-03-01 11:11:00,47.88,47.88,47.86,47.86,418.0,HALO
2023-03-01 11:10:00,47.89,47.9,47.89,47.899,1496.0,HALO
2023-03-01 11:09:00,48.075,48.075,47.93,47.93,4660.0,HALO
2023-03-01 11:08:00,48.07,48.07,48.07,48.07,1452.0,HALO
2023-03-01 11:05:00,48.12,48.12,48.12,48.12,1739.0,HALO
2023-03-01 11:04:00,48.19,48.19,48.18,48.18,427.0,HALO
2023-03-01 11:02:00,48.205,48.205,48.205,48.205,327.0,HALO
2023-03-01 11:01:00,48.2,48.2,48.2,48.2,399.0,HALO
2023-03-01 11:00:00,48.15,48.219,48.15,48.219,2383.0,HALO
2023-03-01 10:58:00,48.1,48.1,48.1,48.1,807.0,HALO
2023-03-01 10:56:00,48.175,48.2,48.16,48.175,761.0,HALO
2023-03-01 10:54:00,48.19,48.19,48.19,48.19,500.0,HALO
2023-03-01 10:52:00,48.22,48.22,48.22,48.22,419.0,HALO
2023-03-01 10:51:00,48.23,48.23,48.19,48.21,3354.0,HALO
2023-03-01 10:49:00,48.22,48.23,48.22,48.23,228.0,HALO
2023-03-01 10:47:00,48.165,48.195,48.165,48.195,673.0,HALO
2023-03-01 10:46:00,48.25,48.25,48.19,48.19,1093.0,HALO
2023-03-01 10:45:00,48.27,48.27,48.27,48.27,437.0,HALO
2023-03-01 10:44:00,48.27,48.27,48.27,48.27,250.0,HALO
2023-03-01 10:42:00,48.19,48.23,48.19,48.23,593.0,HALO
2023-03-01 10:41:00,48.18,48.19,48.18,48.19,701.0,HALO
2023-03-01 10:40:00,48.18,48.18,48.14,48.14,782.0,HALO
2023-03-01 10:39:00,48.2,48.215,48.18,48.215,996.0,HALO
2023-03-01 10:38:00,48.13,48.17,48.12,48.16,1011.0,HALO
2023-03-01 10:37:00,48.1,48.12,48.1,48.12,1249.0,HALO
2023-03-01 10:36:00,48.065,48.065,48.065,48.065,483.0,HALO
2023-03-01 10:35:00,48.07,48.08,48.02,48.08,1505.0,HALO
2023-03-01 10:34:00,48.01,48.02,48.01,48.02,552.0,HALO
2023-03-01 10:33:00,47.98,48.005,47.98,47.98,758.0,HALO
2023-03-01 10:29:00,48.11,48.11,48.08,48.08,753.0,HALO
2023-03-01 10:28:00,48.15,48.16,48.14,48.14,2026.0,HALO
2023-03-01 10:27:00,48.15,48.195,48.15,48.16,1434.0,HALO
2023-03-01 10:26:00,48.13,48.13,48.13,48.13,168.0,HALO
2023-03-01 10:24:00,48.08,48.12,48.08,48.12,376.0,HALO
2023-03-01 10:23:00,48.07,48.07,48.07,48.07,122.0,HALO
2023-03-01 10:18:00,47.935,47.985,47.935,47.985,991.0,HALO
2023-03-01 10:17:00,47.935,47.935,47.935,47.935,310.0,HALO
2023-03-01 10:16:00,47.92,47.97,47.92,47.97,2152.0,HALO
2023-03-01 10:14:00,47.95,47.95,47.91,47.91,1977.0,HALO
2023-03-01 10:13:00,47.945,47.98,47.945,47.98,732.0,HALO
2023-03-01 10:12:00,47.96,47.9727,47.96,47.9727,467.0,HALO
2023-03-01 10:11:00,47.99,47.99,47.97,47.97,782.0,HALO
2023-03-01 10:10:00,48.055,48.055,48.055,48.055,346.0,HALO
2023-03-01 10:09:00,48.11,48.11,48.07,48.07,1559.0,HALO
2023-03-01 10:08:00,48.135,48.135,48.135,48.135,301.0,HALO
2023-03-01 10:07:00,48.15,48.16,48.14,48.14,1347.0,HALO
2023-03-01 10:06:00,48.2,48.2,48.15,48.15,901.0,HALO
2023-03-01 10:03:00,48.22,48.22,48.22,48.22,163.0,HALO
2023-03-01 10:02:00,48.2,48.2,48.17,48.17,715.0,HALO
2023-03-01 10:01:00,48.215,48.215,48.215,48.215,621.0,HALO
2023-03-01 10:00:00,48.195,48.195,48.195,48.195,225.0,HALO
2023-03-01 09:59:00,48.25,48.25,48.22,48.22,773.0,HALO
2023-03-01 09:58:00,48.2829,48.2829,48.25,48.25,230.0,HALO
2023-03-01 09:57:00,48.265,48.265,48.265,48.265,120.0,HALO
2023-03-01 09:56:00,48.3,48.31,48.23,48.23,2111.0,HALO
2023-03-01 09:50:00,48.215,48.215,48.215,48.215,128.0,HALO
2023-03-01 09:49:00,48.2037,48.2037,48.2037,48.2037,500.0,HALO
2023-03-01 09:48:00,48.16,48.19,48.15,48.19,574.0,HALO
2023-03-01 09:44:00,48.13,48.145,48.07,48.07,4701.0,HALO
2023-03-01 09:43:00,48.07,48.19,48.07,48.135,4790.0,HALO
2023-03-01 09:42:00,48.14,48.14,48.11,48.11,3379.0,HALO
2023-03-01 09:41:00,48.12,48.155,48.11,48.155,1128.0,HALO
2023-03-01 09:39:00,48.035,48.12,48.035,48.12,297.0,HALO
2023-03-01 09:36:00,47.985,47.985,47.985,47.985,130.0,HALO
2023-03-01 09:32:00,47.915,47.915,47.915,47.915,1741.0,HALO
2023-03-01 09:31:00,47.71,47.74,47.71,47.71,18680.0,HALO
2023-03-01 09:26:00,47.66,47.66,47.64,47.64,586.0,HALO
2023-02-28 17:06:00,47.99,47.99,47.99,47.99,4650.0,HALO
2023-02-28 16:09:00,47.99,47.99,47.99,47.99,1833.0,HALO
2023-02-28 16:04:00,47.99,47.99,47.99,47.99,5464.0,HALO
2023-02-28 16:03:00,47.99,47.99,47.99,47.99,10430.0,HALO
2023-02-28 16:02:00,47.99,47.99,47.99,47.99,6340.0,HALO
2023-02-28 16:01:00,47.99,47.99,47.99,47.99,167063.0,HALO
2023-02-28 16:00:00,48.06,48.06,47.93,47.98,56632.0,HALO
2023-02-28 15:59:00,48.065,48.065,48.02,48.06,21265.0,HALO
2023-02-28 15:58:00,48.05,48.07,48.05,48.07,16814.0,HALO
2023-02-28 15:57:00,48.015,48.06,48.015,48.05,19665.0,HALO
2023-02-28 15:56:00,48.01,48.07,48.0,48.02,27844.0,HALO
2023-02-28 15:55:00,47.98,48.1,47.93,48.02,19038.0,HALO
2023-02-28 15:54:00,47.98,48.0025,47.97,47.97,7585.0,HALO
2023-02-28 15:53:00,48.035,48.035,47.98,47.98,9518.0,HALO
2023-02-28 15:52:00,47.9,48.03,47.9,48.03,16842.0,HALO
2023-02-28 15:51:00,47.85,47.94,47.84,47.91,10546.0,HALO
2023-02-28 15:50:00,47.88,47.89,47.853,47.86,3900.0,HALO
2023-02-28 15:49:00,47.93,47.94,47.875,47.875,3549.0,HALO
2023-02-28 15:48:00,47.9,47.94,47.9,47.94,1442.0,HALO
2023-02-28 15:47:00,47.91,47.94,47.9,47.9,4422.0,HALO
2023-02-28 15:46:00,47.87,47.905,47.86,47.905,2917.0,HALO
2023-02-28 15:45:00,47.88,47.9,47.88,47.88,1757.0,HALO
2023-02-28 15:44:00,47.89,47.89,47.88,47.88,2238.0,HALO
2023-02-28 15:43:00,47.895,47.9,47.885,47.89,1405.0,HALO
2023-02-28 15:42:00,47.86,47.89,47.825,47.89,5618.0,HALO
2023-02-28 15:41:00,47.875,47.88,47.85,47.86,2543.0,HALO
2023-02-28 15:40:00,47.895,47.9,47.88,47.88,822.0,HALO
2023-02-28 15:39:00,47.84,47.91,47.84,47.89,2346.0,HALO
2023-02-28 15:38:00,47.86,47.86,47.835,47.835,2781.0,HALO
2023-02-28 15:37:00,47.86,47.865,47.86,47.865,504.0,HALO
2023-02-28 15:36:00,47.9,47.92,47.83,47.83,2920.0,HALO
2023-02-28 15:35:00,47.855,47.89,47.82,47.89,3962.0,HALO
2023-02-28 15:34:00,47.92,47.92,47.84,47.84,1293.0,HALO
2023-02-28 15:33:00,47.935,47.935,47.925,47.925,802.0,HALO
2023-02-28 15:32:00,47.975,47.975,47.94,47.96,2088.0,HALO
2023-02-28 15:31:00,47.95,47.98,47.92,47.98,2063.0,HALO
2023-02-28 15:30:00,47.98,47.98,47.95,47.96,1548.0,HALO
2023-02-28 15:29:00,47.93,47.98,47.93,47.98,3206.0,HALO
2023-02-28 15:28:00,47.93,47.93,47.93,47.93,785.0,HALO
2023-02-28 15:27:00,47.955,47.955,47.93,47.935,2126.0,HALO
2023-02-28 15:26:00,47.9975,47.9975,47.98,47.98,1456.0,HALO
2023-02-28 15:25:00,47.98,48.005,47.98,48.0,988.0,HALO
2023-02-28 15:24:00,47.91,47.96,47.91,47.96,3156.0,HALO
2023-02-28 15:23:00,47.92,47.93,47.9,47.9,974.0,HALO
2023-02-28 15:22:00,47.96,47.97,47.94,47.94,1574.0,HALO
2023-02-28 15:21:00,47.97,47.97,47.95,47.96,1746.0,HALO
2023-02-28 15:20:00,47.987,47.99,47.98,47.99,1674.0,HALO
2023-02-28 15:19:00,47.99,48.015,47.98,47.99,3290.0,HALO
2023-02-28 15:18:00,47.96,47.99,47.94,47.99,2808.0,HALO
2023-02-28 15:17:00,47.92,47.96,47.92,47.96,2192.0,HALO
2023-02-28 15:16:00,47.95,47.95,47.92,47.92,1672.0,HALO
2023-02-28 15:15:00,47.935,47.95,47.935,47.95,437.0,HALO
2023-02-28 15:14:00,47.91,47.95,47.91,47.95,2000.0,HALO
2023-02-28 15:12:00,47.91,47.92,47.91,47.92,417.0,HALO
2023-02-28 15:11:00,47.9,47.9,47.86,47.9,2122.0,HALO
2023-02-28 15:10:00,47.88,47.9,47.88,47.9,1380.0,HALO
2023-02-28 15:09:00,47.86,47.9,47.86,47.9,1628.0,HALO
2023-02-28 15:08:00,47.925,47.925,47.845,47.845,4843.0,HALO
2023-02-28 15:07:00,47.92,47.93,47.92,47.93,2050.0,HALO
2023-02-28 15:06:00,47.9,47.9,47.9,47.9,574.0,HALO
2023-02-28 15:05:00,47.89,47.9,47.89,47.9,919.0,HALO
2023-02-28 15:04:00,47.83,47.88,47.83,47.88,1863.0,HALO
2023-02-28 15:03:00,47.9,47.9,47.81,47.82,4613.0,HALO
2023-02-28 15:02:00,47.94,47.94,47.94,47.94,138.0,HALO
2023-02-28 15:01:00,47.94,47.94,47.93,47.94,1800.0,HALO
2023-02-28 15:00:00,47.97,47.97,47.96,47.96,588.0,HALO
2023-02-28 14:59:00,47.96,47.97,47.96,47.97,561.0,HALO
2023-02-28 14:58:00,47.97,47.98,47.95,47.95,2124.0,HALO
2023-02-28 14:57:00,47.97,47.97,47.97,47.97,695.0,HALO
2023-02-28 14:56:00,47.99,48.0,47.96,47.97,4131.0,HALO
2023-02-28 14:55:00,47.99,48.0,47.99,48.0,958.0,HALO
2023-02-28 14:54:00,47.995,47.995,47.98,47.98,543.0,HALO
2023-02-28 14:53:00,48.005,48.01,47.99,48.0,2175.0,HALO
2023-02-28 14:52:00,48.005,48.01,48.0,48.01,713.0,HALO
2023-02-28 14:51:00,48.02,48.02,48.005,48.005,1170.0,HALO
2023-02-28 14:50:00,48.02,48.02,48.0,48.01,2361.0,HALO
2023-02-28 14:49:00,48.0,48.02,48.0,48.02,2869.0,HALO
2023-02-28 14:48:00,48.0,48.0,47.98,48.0,4924.0,HALO
2023-02-28 14:47:00,48.01,48.0125,47.99,48.0,5739.0,HALO
2023-02-28 14:46:00,48.01,48.02,48.0,48.02,884.0,HALO
2023-02-28 14:45:00,48.045,48.045,48.03,48.03,505.0,HALO
2023-02-28 14:44:00,48.085,48.095,48.06,48.06,1190.0,HALO
2023-02-28 14:43:00,48.09,48.09,48.075,48.075,2136.0,HALO
2023-02-28 14:42:00,48.13,48.13,48.13,48.13,1051.0,HALO
2023-02-28 14:41:00,48.175,48.19,48.16,48.16,1139.0,HALO
2023-02-28 14:40:00,48.175,48.185,48.17,48.17,1146.0,HALO
2023-02-28 14:39:00,48.14,48.17,48.14,48.17,699.0,HALO
2023-02-28 14:38:00,48.13,48.15,48.13,48.15,808.0,HALO
2023-02-28 14:37:00,48.1,48.11,48.1,48.11,848.0,HALO
2023-02-28 14:36:00,48.085,48.085,48.085,48.085,123.0,HALO
2023-02-28 14:35:00,48.07,48.09,48.07,48.09,1680.0,HALO
2023-02-28 14:34:00,48.09,48.09,48.08,48.085,1360.0,HALO
2023-02-28 14:33:00,48.1,48.12,48.08,48.09,2755.0,HALO
2023-02-28 14:32:00,48.03,48.09,48.0,48.09,4723.0,HALO
2023-02-28 14:31:00,48.04,48.04,48.04,48.04,945.0,HALO
2023-02-28 14:30:00,48.01,48.03,48.01,48.025,676.0,HALO
2023-02-28 14:29:00,48.04,48.04,48.01,48.01,1787.0,HALO
2023-02-28 14:28:00,48.01,48.04,48.0,48.04,3552.0,HALO
2023-02-28 14:27:00,48.02,48.02,48.02,48.02,1080.0,HALO
2023-02-28 14:26:00,47.98,48.01,47.97,48.01,5334.0,HALO
2023-02-28 14:25:00,47.97,47.97,47.96,47.96,1069.0,HALO
2023-02-28 14:24:00,47.975,47.975,47.975,47.975,1220.0,HALO
2023-02-28 14:23:00,47.995,47.995,47.97,47.98,1443.0,HALO
2023-02-28 14:22:00,47.92,48.01,47.92,48.0,1860.0,HALO
2023-02-28 14:21:00,47.86,47.94,47.86,47.935,1251.0,HALO
2023-02-28 14:20:00,47.8,47.87,47.79,47.87,2025.0,HALO
2023-02-28 14:19:00,47.74,47.8,47.74,47.79,43989.0,HALO
2023-02-28 14:18:00,47.755,47.755,47.755,47.755,107.0,HALO
2023-02-28 14:16:00,47.75,47.75,47.74,47.74,693.0,HALO
2023-02-28 14:15:00,47.78,47.79,47.755,47.755,1991.0,HALO
2023-02-28 14:14:00,47.76,47.78,47.76,47.78,1439.0,HALO
2023-02-28 14:13:00,47.75,47.75,47.75,47.75,1259.0,HALO
2023-02-28 14:12:00,47.74,47.74,47.735,47.735,1069.0,HALO
2023-02-28 14:11:00,47.77,47.77,47.75,47.75,725.0,HALO
2023-02-28 14:09:00,47.77,47.77,47.77,47.77,256.0,HALO
2023-02-28 14:08:00,47.78,47.795,47.77,47.77,2651.0,HALO
2023-02-28 14:07:00,47.77,47.77,47.77,47.77,113.0,HALO
2023-02-28 14:06:00,47.8,47.8,47.75,47.75,1952.0,HALO
2023-02-28 14:05:00,47.83,47.83,47.81,47.82,911.0,HALO
2023-02-28 14:04:00,47.825,47.825,47.8,47.81,1584.0,HALO
2023-02-28 14:01:00,47.84,47.84,47.84,47.84,303.0,HALO
2023-02-28 14:00:00,47.83,47.84,47.82,47.84,1730.0,HALO
2023-02-28 13:59:00,47.85,47.85,47.85,47.85,846.0,HALO
2023-02-28 13:58:00,47.84,47.84,47.84,47.84,831.0,HALO
2023-02-28 13:57:00,47.84,47.84,47.83,47.84,747.0,HALO
2023-02-28 13:56:00,47.87,47.87,47.855,47.855,881.0,HALO
2023-02-28 13:55:00,47.85,47.9,47.85,47.89,4938.0,HALO
2023-02-28 13:54:00,47.84,47.84,47.84,47.84,967.0,HALO
2023-02-28 13:53:00,47.8,47.81,47.795,47.81,1783.0,HALO
2023-02-28 13:52:00,47.81,47.81,47.78,47.78,892.0,HALO
2023-02-28 13:51:00,47.84,47.84,47.81,47.83,3405.0,HALO
2023-02-28 13:50:00,47.87,47.87,47.87,47.87,209.0,HALO
2023-02-28 13:49:00,47.94,47.94,47.87,47.87,3515.0,HALO
2023-02-28 13:48:00,47.925,47.95,47.895,47.895,9615.0,HALO
2023-02-28 13:46:00,47.925,47.925,47.9249,47.925,1462.0,HALO
2023-02-28 13:45:00,47.925,47.9383,47.925,47.9383,624.0,HALO
2023-02-28 13:44:00,47.92,47.92,47.92,47.92,437.0,HALO
2023-02-28 13:42:00,47.98,47.9815,47.96,47.96,1924.0,HALO
2023-02-28 13:41:00,48.01,48.01,47.99,47.99,913.0,HALO
2023-02-28 13:40:00,48.0172,48.03,47.99,48.02,4043.0,HALO
2023-02-28 13:39:00,48.04,48.04,48.03,48.03,964.0,HALO
2023-02-28 13:38:00,48.06,48.065,48.04,48.04,2076.0,HALO
2023-02-28 13:36:00,48.06,48.07,48.06,48.07,1050.0,HALO
2023-02-28 13:35:00,48.07,48.07,48.05,48.05,1429.0,HALO
2023-02-28 13:33:00,48.07,48.07,48.06,48.06,582.0,HALO
2023-02-28 13:30:00,48.1,48.1,48.1,48.1,291.0,HALO
2023-02-28 13:29:00,48.055,48.1,48.05,48.1,1193.0,HALO
2023-02-28 13:28:00,48.07,48.07,48.07,48.07,480.0,HALO
2023-02-28 13:27:00,48.09,48.09,48.0879,48.0879,541.0,HALO
2023-02-28 13:26:00,48.11,48.12,48.1,48.1,1214.0,HALO
2023-02-28 13:25:00,48.08,48.08,48.08,48.08,363.0,HALO
2023-02-28 13:24:00,48.02,48.05,48.02,48.05,843.0,HALO
2023-02-28 13:22:00,48.0,48.02,48.0,48.0,1768.0,HALO
2023-02-28 13:21:00,48.01,48.01,48.0,48.0,1059.0,HALO
2023-02-28 13:20:00,47.99,48.03,47.99,48.03,1037.0,HALO
2023-02-28 13:19:00,47.96,47.98,47.96,47.98,2476.0,HALO
2023-02-28 13:18:00,47.94,47.96,47.94,47.96,599.0,HALO
2023-02-28 13:17:00,47.93,47.93,47.93,47.93,956.0,HALO
2023-02-28 13:16:00,47.9,47.96,47.9,47.96,2010.0,HALO
2023-02-28 13:13:00,47.935,47.935,47.935,47.935,281.0,HALO
2023-02-28 13:12:00,47.93,47.93,47.915,47.93,1081.0,HALO
2023-02-28 13:11:00,47.93,47.945,47.92,47.92,2910.0,HALO
2023-02-28 13:10:00,47.95,47.95,47.93,47.93,1023.0,HALO
2023-02-28 13:08:00,47.975,47.975,47.975,47.975,985.0,HALO
2023-02-28 13:07:00,47.99,47.995,47.98,47.98,679.0,HALO
2023-02-28 13:06:00,48.0,48.0,47.98,47.98,1137.0,HALO
2023-02-28 13:05:00,48.02,48.02,48.01,48.01,724.0,HALO
2023-02-28 13:03:00,48.02,48.02,48.015,48.02,2453.0,HALO
2023-02-28 13:02:00,48.05,48.05,48.025,48.025,1568.0,HALO
2023-02-28 13:01:00,48.06,48.06,48.035,48.035,961.0,HALO
2023-02-28 13:00:00,48.07,48.08,48.06,48.08,2921.0,HALO
2023-02-28 12:59:00,48.07,48.09,48.07,48.09,240.0,HALO
2023-02-28 12:57:00,48.17,48.17,48.05,48.06,5856.0,HALO
2023-02-28 12:56:00,48.16,48.16,48.16,48.16,703.0,HALO
2023-02-28 12:55:00,48.135,48.135,48.135,48.135,257.0,HALO
2023-02-28 12:54:00,48.14,48.14,48.12,48.12,747.0,HALO
2023-02-28 12:53:00,48.12,48.14,48.12,48.14,499.0,HALO
2023-02-28 12:52:00,48.12,48.12,48.09,48.09,977.0,HALO
2023-02-28 12:51:00,48.1,48.13,48.1,48.13,2004.0,HALO
2023-02-28 12:50:00,48.1,48.1,48.06,48.06,449.0,HALO
2023-02-28 12:47:00,48.11,48.11,48.09,48.1,1069.0,HALO
2023-02-28 12:46:00,48.13,48.13,48.13,48.13,383.0,HALO
2023-02-28 12:44:00,48.11,48.14,48.11,48.13,1590.0,HALO
2023-02-28 12:43:00,48.1,48.1,48.1,48.1,100.0,HALO
2023-02-28 12:42:00,48.11,48.11,48.08,48.09,535.0,HALO
2023-02-28 12:41:00,48.11,48.12,48.105,48.11,1324.0,HALO
2023-02-28 12:40:00,48.14,48.14,48.12,48.12,865.0,HALO
2023-02-28 12:39:00,48.16,48.16,48.16,48.16,400.0,HALO
2023-02-28 12:38:00,48.15,48.15,48.14,48.14,630.0,HALO
2023-02-28 12:37:00,48.19,48.19,48.16,48.17,1864.0,HALO
2023-02-28 12:36:00,48.18,48.18,48.18,48.18,463.0,HALO
2023-02-28 12:35:00,48.19,48.19,48.18,48.18,701.0,HALO
2023-02-28 12:34:00,48.2,48.2,48.2,48.2,139.0,HALO
2023-02-28 12:32:00,48.1801,48.19,48.1801,48.19,347.0,HALO
2023-02-28 12:31:00,48.19,48.2,48.17,48.19,2207.0,HALO
2023-02-28 12:30:00,48.175,48.175,48.175,48.175,133.0,HALO
2023-02-28 12:29:00,48.19,48.19,48.18,48.18,559.0,HALO
2023-02-28 12:28:00,48.17,48.19,48.17,48.18,791.0,HALO
2023-02-28 12:27:00,48.22,48.22,48.185,48.185,1791.0,HALO
2023-02-28 12:26:00,48.235,48.24,48.23,48.24,821.0,HALO
2023-02-28 12:25:00,48.23,48.23,48.23,48.23,226.0,HALO
2023-02-28 12:24:00,48.25,48.25,48.2,48.21,1941.0,HALO
2023-02-28 12:23:00,48.21,48.225,48.21,48.225,217.0,HALO
2023-02-28 12:22:00,48.21,48.24,48.21,48.24,614.0,HALO
2023-02-28 12:21:00,48.16,48.19,48.16,48.19,1934.0,HALO
2023-02-28 12:20:00,48.135,48.17,48.12,48.17,2420.0,HALO
2023-02-28 12:19:00,48.135,48.135,48.135,48.135,124.0,HALO
2023-02-28 12:18:00,48.225,48.225,48.17,48.18,2678.0,HALO
2023-02-28 12:17:00,48.22,48.24,48.22,48.23,1777.0,HALO
2023-02-28 12:16:00,48.115,48.23,48.115,48.225,3734.0,HALO
2023-02-28 12:15:00,48.12,48.13,48.1,48.1,5306.0,HALO
2023-02-28 12:13:00,48.07,48.1,48.07,48.1,956.0,HALO
2023-02-28 12:12:00,48.05,48.05,48.04,48.04,319.0,HALO
2023-02-28 12:11:00,48.05,48.05,48.05,48.05,431.0,HALO
2023-02-28 12:10:00,48.01,48.05,48.01,48.05,1193.0,HALO
2023-02-28 12:08:00,48.01,48.01,48.01,48.01,436.0,HALO
2023-02-28 12:07:00,47.99,48.02,47.99,48.02,1006.0,HALO
2023-02-28 12:06:00,48.02,48.02,47.97,47.97,2167.0,HALO
2023-02-28 12:05:00,47.935,48.01,47.935,48.01,1304.0,HALO
2023-02-28 12:04:00,47.94,47.94,47.93,47.94,1096.0,HALO
2023-02-28 12:03:00,47.95,47.96,47.94,47.96,1568.0,HALO
2023-02-28 12:02:00,47.985,47.985,47.94,47.94,1512.0,HALO
2023-02-28 12:00:00,47.96,47.98,47.96,47.98,392.0,HALO
2023-02-28 11:58:00,47.97,47.97,47.95,47.96,946.0,HALO
2023-02-28 11:56:00,47.97,48.0,47.97,47.975,1297.0,HALO
2023-02-28 11:55:00,47.915,47.96,47.9,47.94,5035.0,HALO
2023-02-28 11:54:00,47.94,47.94,47.92,47.92,2382.0,HALO
2023-02-28 11:53:00,47.97,47.97,47.97,47.97,242.0,HALO
2023-02-28 11:51:00,47.955,47.98,47.955,47.98,964.0,HALO
2023-02-28 11:50:00,47.95,47.955,47.94,47.955,697.0,HALO
2023-02-28 11:49:00,48.04,48.04,47.97,47.97,1868.0,HALO
2023-02-28 11:46:00,48.03,48.07,48.03,48.06,1741.0,HALO
2023-02-28 11:45:00,48.06,48.06,48.04,48.05,1819.0,HALO
2023-02-28 11:44:00,48.07,48.07,48.07,48.07,152.0,HALO
2023-02-28 11:43:00,48.07,48.08,48.07,48.08,1245.0,HALO
2023-02-28 11:42:00,48.09,48.09,48.09,48.09,404.0,HALO
2023-02-28 11:41:00,48.01,48.06,48.01,48.06,1293.0,HALO
2023-02-28 11:39:00,48.01,48.01,48.0,48.0,497.0,HALO
2023-02-28 11:38:00,47.97,47.98,47.96,47.97,1005.0,HALO
2023-02-28 11:37:00,47.95,47.95,47.93,47.93,1735.0,HALO
2023-02-28 11:36:00,47.95,47.97,47.95,47.954,2556.0,HALO
2023-02-28 11:35:00,47.97,47.97,47.91,47.94,11418.0,HALO
2023-02-28 11:34:00,47.99,47.99,47.99,47.99,417.0,HALO
2023-02-28 11:33:00,48.02,48.02,48.01,48.01,413.0,HALO
2023-02-28 11:32:00,48.045,48.045,48.045,48.045,551.0,HALO
2023-02-28 11:30:00,48.08,48.08,48.05,48.05,750.0,HALO
2023-02-28 11:29:00,48.11,48.11,48.08,48.08,1315.0,HALO
2023-02-28 11:28:00,48.115,48.13,48.115,48.13,566.0,HALO
2023-02-28 11:27:00,48.11,48.11,48.11,48.11,437.0,HALO
2023-02-28 11:26:00,48.19,48.19,48.13,48.13,1684.0,HALO
2023-02-28 11:25:00,48.22,48.22,48.22,48.22,106.0,HALO
2023-02-28 11:24:00,48.21,48.21,48.2,48.2,905.0,HALO
2023-02-28 11:23:00,48.23,48.23,48.23,48.23,201.0,HALO
2023-02-28 11:22:00,48.195,48.21,48.195,48.21,455.0,HALO
2023-02-28 11:21:00,48.2,48.2125,48.2,48.2125,1157.0,HALO
2023-02-28 11:20:00,48.16,48.17,48.135,48.17,2980.0,HALO
2023-02-28 11:19:00,48.18,48.18,48.145,48.145,1111.0,HALO
2023-02-28 11:18:00,48.155,48.155,48.155,48.155,367.0,HALO
2023-02-28 11:15:00,48.14,48.14,48.14,48.14,670.0,HALO
2023-02-28 11:14:00,48.125,48.1528,48.12,48.1528,1758.0,HALO
2023-02-28 11:13:00,48.12,48.12,48.11,48.11,1217.0,HALO
2023-02-28 11:12:00,48.12,48.135,48.12,48.135,569.0,HALO
2023-02-28 11:11:00,48.16,48.16,48.14,48.14,1034.0,HALO
2023-02-28 11:10:00,48.18,48.18,48.18,48.18,555.0,HALO
2023-02-28 11:07:00,48.17,48.18,48.17,48.18,424.0,HALO
2023-02-28 11:06:00,48.16,48.17,48.16,48.17,579.0,HALO
2023-02-28 11:05:00,48.06,48.12,48.06,48.12,1392.0,HALO
2023-02-28 11:04:00,48.13,48.13,48.08,48.08,379.0,HALO
2023-02-28 11:01:00,48.12,48.13,48.11,48.11,2392.0,HALO
2023-02-28 11:00:00,48.17,48.17,48.11,48.11,2998.0,HALO
2023-02-28 10:59:00,48.155,48.155,48.155,48.155,104.0,HALO
2023-02-28 10:58:00,48.17,48.17,48.16,48.16,980.0,HALO
2023-02-28 10:57:00,48.11,48.12,48.11,48.12,635.0,HALO
2023-02-28 10:54:00,47.9701,48.04,47.9701,48.04,4917.0,HALO
2023-02-28 10:53:00,47.97,48.01,47.97,47.99,1888.0,HALO
2023-02-28 10:52:00,48.05,48.05,47.98,47.99,2746.0,HALO
2023-02-28 10:51:00,48.04,48.04,48.04,48.04,801.0,HALO
2023-02-28 10:50:00,48.04,48.08,48.04,48.08,464.0,HALO
2023-02-28 10:49:00,47.96,48.02,47.96,48.02,5223.0,HALO
2023-02-28 10:48:00,47.96,47.96,47.86,47.93,4019.0,HALO
2023-02-28 10:47:00,48.11,48.11,47.95,47.96,8305.0,HALO
2023-02-28 10:46:00,48.16,48.17,48.14,48.14,1235.0,HALO
2023-02-28 10:45:00,48.18,48.18,48.11,48.11,3473.0,HALO
2023-02-28 10:44:00,48.18,48.18,48.18,48.18,251.0,HALO
2023-02-28 10:43:00,48.23,48.23,48.2,48.2,2049.0,HALO
2023-02-28 10:42:00,48.17,48.22,48.17,48.22,1021.0,HALO
2023-02-28 10:41:00,48.16,48.16,48.16,48.16,305.0,HALO
2023-02-28 10:40:00,48.15,48.15,48.15,48.15,1027.0,HALO
2023-02-28 10:39:00,48.23,48.23,48.23,48.23,241.0,HALO
2023-02-28 10:38:00,48.2,48.22,48.19,48.22,1203.0,HALO
2023-02-28 10:37:00,48.23,48.255,48.205,48.24,4731.0,HALO
2023-02-28 10:36:00,48.305,48.305,48.23,48.23,2895.0,HALO
2023-02-28 10:35:00,48.27,48.31,48.27,48.31,2133.0,HALO
2023-02-28 10:34:00,48.29,48.29,48.2691,48.27,2797.0,HALO
2023-02-28 10:32:00,48.33,48.33,48.32,48.32,512.0,HALO
2023-02-28 10:30:00,48.34,48.38,48.305,48.32,7325.0,HALO
2023-02-28 10:29:00,48.36,48.37,48.34,48.34,1030.0,HALO
2023-02-28 10:28:00,48.39,48.39,48.36,48.36,1764.0,HALO
2023-02-28 10:27:00,48.405,48.43,48.405,48.41,2399.0,HALO
2023-02-28 10:26:00,48.41,48.41,48.405,48.405,601.0,HALO
2023-02-28 10:25:00,48.47,48.47,48.435,48.435,1471.0,HALO
2023-02-28 10:24:00,48.49,48.49,48.49,48.49,310.0,HALO
2023-02-28 10:23:00,48.51,48.51,48.485,48.485,269.0,HALO
2023-02-28 10:22:00,48.48,48.51,48.48,48.485,2955.0,HALO
2023-02-28 10:21:00,48.51,48.51,48.51,48.51,910.0,HALO
2023-02-28 10:20:00,48.46,48.51,48.46,48.51,898.0,HALO
2023-02-28 10:19:00,48.51,48.51,48.51,48.51,892.0,HALO
2023-02-28 10:18:00,48.455,48.455,48.455,48.455,123.0,HALO
2023-02-28 10:17:00,48.47,48.52,48.44,48.49,6704.0,HALO
2023-02-28 10:16:00,48.435,48.445,48.41,48.44,2256.0,HALO
2023-02-28 10:15:00,48.455,48.4675,48.43,48.43,1502.0,HALO
2023-02-28 10:14:00,48.445,48.445,48.4,48.4,1343.0,HALO
2023-02-28 10:13:00,48.435,48.435,48.435,48.435,296.0,HALO
2023-02-28 10:11:00,48.56,48.56,48.42,48.445,4883.0,HALO
2023-02-28 10:10:00,48.58,48.61,48.55,48.5725,3982.0,HALO
2023-02-28 10:09:00,48.5822,48.5822,48.58,48.58,1232.0,HALO
2023-02-28 10:08:00,48.58,48.58,48.58,48.58,127.0,HALO
2023-02-28 10:07:00,48.58,48.58,48.58,48.58,615.0,HALO
2023-02-28 10:06:00,48.58,48.58,48.55,48.55,1626.0,HALO
2023-02-28 10:05:00,48.505,48.59,48.49,48.58,9080.0,HALO
2023-02-28 10:02:00,48.5,48.5,48.475,48.5,1329.0,HALO
2023-02-28 10:01:00,48.52,48.52,48.475,48.4775,2900.0,HALO
2023-02-28 10:00:00,48.52,48.52,48.52,48.52,125.0,HALO
2023-02-28 09:59:00,48.66,48.66,48.52,48.52,6470.0,HALO
2023-02-28 09:58:00,48.69,48.69,48.69,48.69,171.0,HALO
2023-02-28 09:56:00,48.69,48.69,48.69,48.69,119.0,HALO
2023-02-28 09:55:00,48.69,48.69,48.69,48.69,221.0,HALO
2023-02-28 09:54:00,48.73,48.73,48.73,48.73,269.0,HALO
2023-02-28 09:50:00,48.69,48.7,48.69,48.7,1037.0,HALO
2023-02-28 09:49:00,48.63,48.63,48.63,48.63,241.0,HALO
2023-02-28 09:47:00,48.63,48.63,48.63,48.63,111.0,HALO
2023-02-28 09:46:00,48.56,48.56,48.56,48.56,2722.0,HALO
2023-02-28 09:45:00,48.64,48.64,48.53,48.53,1194.0,HALO
2023-02-28 09:43:00,48.59,48.59,48.59,48.59,447.0,HALO
2023-02-28 09:42:00,48.51,48.62,48.51,48.62,861.0,HALO
2023-02-28 09:41:00,48.46,48.47,48.46,48.47,762.0,HALO
2023-02-28 09:40:00,48.45,48.46,48.45,48.45,497.0,HALO
2023-02-28 09:39:00,48.42,48.42,48.42,48.42,187.0,HALO
2023-02-28 09:38:00,48.475,48.475,48.44,48.44,1071.0,HALO
2023-02-28 09:37:00,48.5,48.5,48.5,48.5,332.0,HALO
2023-02-28 09:36:00,48.605,48.605,48.52,48.55,1764.0,HALO
2023-02-28 09:35:00,48.675,48.675,48.61,48.61,419.0,HALO
2023-02-28 09:34:00,48.675,48.74,48.675,48.74,257.0,HALO
2023-02-28 09:33:00,48.685,48.695,48.685,48.695,366.0,HALO
2023-02-28 09:32:00,48.46,48.68,48.46,48.68,479.0,HALO
2023-02-28 09:31:00,48.51,48.51,48.275,48.47,19500.0,HALO
2023-02-28 09:30:00,48.52,48.59,48.52,48.52,646.0,HALO
2023-02-27 19:43:00,47.63,47.64,47.63,47.64,442.0,HALO
2023-02-27 18:57:00,48.38,48.38,48.38,48.38,524.0,HALO
2023-02-27 16:46:00,48.55,48.55,48.55,48.55,4888.0,HALO
2023-02-27 16:02:00,48.55,48.55,48.55,48.55,5200.0,HALO
2023-02-27 16:01:00,48.55,48.55,48.55,48.55,9523.0,HALO
2023-02-27 16:00:00,48.62,48.655,48.53,48.535,44235.0,HALO
2023-02-27 15:59:00,48.61,48.62,48.58,48.61,28429.0,HALO
2023-02-27 15:58:00,48.58,48.645,48.58,48.605,32214.0,HALO
2023-02-27 15:57:00,48.6,48.62,48.57,48.58,19556.0,HALO
2023-02-27 15:56:00,48.6,48.645,48.56,48.5901,28323.0,HALO
2023-02-27 15:55:00,48.65,48.65,48.58,48.62,16866.0,HALO
2023-02-27 15:54:00,48.685,48.69,48.62,48.65,9377.0,HALO
2023-02-27 15:53:00,48.65,48.685,48.64,48.675,7132.0,HALO
2023-02-27 15:52:00,48.695,48.7,48.65,48.66,8983.0,HALO
2023-02-27 15:51:00,48.74,48.74,48.695,48.7,8404.0,HALO
2023-02-27 15:50:00,48.755,48.755,48.715,48.72,3753.0,HALO
2023-02-27 15:49:00,48.78,48.79,48.77,48.77,2941.0,HALO
2023-02-27 15:48:00,48.78,48.78,48.775,48.775,907.0,HALO
2023-02-27 15:47:00,48.79,48.79,48.76,48.775,2004.0,HALO
2023-02-27 15:46:00,48.79,48.81,48.78,48.8,2871.0,HALO
2023-02-27 15:45:00,48.8,48.8,48.8,48.8,1358.0,HALO
2023-02-27 15:44:00,48.78,48.81,48.78,48.805,1812.0,HALO
2023-02-27 15:43:00,48.76,48.78,48.75,48.78,2715.0,HALO
2023-02-27 15:42:00,48.72,48.75,48.72,48.75,2752.0,HALO
2023-02-27 15:41:00,48.73,48.73,48.71,48.72,2582.0,HALO
2023-02-27 15:40:00,48.74,48.74,48.72,48.72,1953.0,HALO
2023-02-27 15:39:00,48.74,48.75,48.74,48.74,1219.0,HALO
2023-02-27 15:38:00,48.79,48.79,48.72,48.72,1927.0,HALO
2023-02-27 15:37:00,48.82,48.82,48.78,48.78,1580.0,HALO
2023-02-27 15:36:00,48.85,48.85,48.83,48.83,1445.0,HALO
2023-02-27 15:35:00,48.83,48.83,48.83,48.83,261.0,HALO
2023-02-27 15:34:00,48.82,48.82,48.79,48.82,1683.0,HALO
2023-02-27 15:33:00,48.83,48.84,48.82,48.82,2768.0,HALO
2023-02-27 15:32:00,48.82,48.835,48.82,48.83,1362.0,HALO
2023-02-27 15:31:00,48.89,48.89,48.81,48.82,2452.0,HALO
2023-02-27 15:30:00,48.88,48.89,48.87,48.89,1536.0,HALO
2023-02-27 15:29:00,48.87,48.87,48.865,48.87,1132.0,HALO
2023-02-27 15:27:00,48.89,48.89,48.845,48.845,1961.0,HALO
2023-02-27 15:26:00,48.875,48.875,48.87,48.87,941.0,HALO
2023-02-27 15:25:00,48.84,48.87,48.84,48.87,1055.0,HALO
2023-02-27 15:24:00,48.835,48.86,48.83,48.86,1410.0,HALO
2023-02-27 15:23:00,48.83,48.835,48.82,48.835,2253.0,HALO
2023-02-27 15:22:00,48.83,48.86,48.83,48.83,1307.0,HALO
2023-02-27 15:21:00,48.83,48.85,48.82,48.82,2591.0,HALO
2023-02-27 15:20:00,48.81,48.82,48.81,48.82,1200.0,HALO
2023-02-27 15:18:00,48.79,48.795,48.79,48.795,834.0,HALO
2023-02-27 15:17:00,48.85,48.85,48.81,48.81,1139.0,HALO
2023-02-27 15:16:00,48.9,48.9,48.81,48.81,1964.0,HALO
2023-02-27 15:15:00,48.89,48.89,48.89,48.89,216.0,HALO
2023-02-27 15:14:00,48.91,48.91,48.885,48.885,1907.0,HALO
2023-02-27 15:12:00,48.86,48.92,48.86,48.92,1400.0,HALO
2023-02-27 15:11:00,48.845,48.868,48.845,48.868,950.0,HALO
2023-02-27 15:10:00,48.85,48.87,48.85,48.87,979.0,HALO
2023-02-27 15:09:00,48.86,48.87,48.84,48.87,1094.0,HALO
2023-02-27 15:08:00,48.86,48.86,48.85,48.85,822.0,HALO
2023-02-27 15:07:00,48.87,48.88,48.87,48.875,836.0,HALO
2023-02-27 15:06:00,48.88,48.88,48.84,48.84,1880.0,HALO
2023-02-27 15:04:00,48.905,48.905,48.905,48.905,118.0,HALO
2023-02-27 15:03:00,48.95,48.95,48.9,48.9,1601.0,HALO
2023-02-27 15:02:00,48.98,48.99,48.96,48.96,1366.0,HALO
2023-02-27 15:01:00,48.92,48.96,48.92,48.96,2033.0,HALO
2023-02-27 15:00:00,48.95,48.96,48.94,48.94,2411.0,HALO
2023-02-27 14:59:00,48.97,48.97,48.97,48.97,543.0,HALO
2023-02-27 14:58:00,48.965,48.965,48.965,48.965,160.0,HALO
2023-02-27 14:57:00,48.955,48.96,48.95,48.96,2355.0,HALO
2023-02-27 14:56:00,49.0,49.01,48.9471,48.9471,2853.0,HALO
2023-02-27 14:55:00,48.97,48.99,48.97,48.99,1164.0,HALO
2023-02-27 14:54:00,48.965,48.965,48.965,48.965,357.0,HALO
2023-02-27 14:53:00,48.955,48.955,48.955,48.955,438.0,HALO
2023-02-27 14:52:00,48.98,48.98,48.97,48.97,1092.0,HALO
2023-02-27 14:51:00,48.99,48.99,48.99,48.99,356.0,HALO
2023-02-27 14:50:00,48.99,49.02,48.99,49.01,2190.0,HALO
2023-02-27 14:49:00,48.96,48.98,48.96,48.975,969.0,HALO
2023-02-27 14:48:00,48.955,48.955,48.955,48.955,249.0,HALO
2023-02-27 14:47:00,49.0,49.0,48.95,48.95,1746.0,HALO
2023-02-27 14:46:00,49.085,49.085,48.98,48.98,4447.0,HALO
2023-02-27 14:45:00,49.09,49.11,49.07,49.085,2799.0,HALO
2023-02-27 14:44:00,49.115,49.115,49.09,49.09,1345.0,HALO
2023-02-27 14:43:00,49.17,49.17,49.105,49.105,2064.0,HALO
2023-02-27 14:42:00,49.165,49.19,49.165,49.18,2711.0,HALO
2023-02-27 14:41:00,49.15,49.165,49.15,49.165,346.0,HALO
2023-02-27 14:40:00,49.17,49.17,49.165,49.165,280.0,HALO
2023-02-27 14:39:00,49.17,49.17,49.155,49.155,1352.0,HALO
2023-02-27 14:38:00,49.155,49.17,49.155,49.155,1658.0,HALO
2023-02-27 14:37:00,49.15,49.155,49.15,49.155,418.0,HALO
2023-02-27 14:36:00,49.16,49.16,49.12,49.15,5633.0,HALO
2023-02-27 14:35:00,49.16,49.16,49.15,49.155,1433.0,HALO
2023-02-27 14:34:00,49.18,49.18,49.18,49.18,206.0,HALO
2023-02-27 14:32:00,49.19,49.2,49.18,49.18,1590.0,HALO
2023-02-27 14:31:00,49.21,49.22,49.195,49.195,2704.0,HALO
2023-02-27 14:30:00,49.16,49.19,49.15,49.19,888.0,HALO
2023-02-27 14:29:00,49.16,49.16,49.15,49.15,1807.0,HALO
2023-02-27 14:28:00,49.175,49.175,49.175,49.175,915.0,HALO
2023-02-27 14:27:00,49.16,49.185,49.16,49.185,1364.0,HALO
2023-02-27 14:26:00,49.17,49.1848,49.17,49.1848,2253.0,HALO
2023-02-27 14:25:00,49.19,49.19,49.19,49.19,134.0,HALO
2023-02-27 14:23:00,49.14,49.19,49.12,49.185,2798.0,HALO
2023-02-27 14:22:00,49.13,49.14,49.12,49.14,656.0,HALO
2023-02-27 14:21:00,49.14,49.14,49.12,49.12,1323.0,HALO
2023-02-27 14:19:00,49.165,49.165,49.165,49.165,111.0,HALO
2023-02-27 14:17:00,49.17,49.17,49.16,49.16,741.0,HALO
2023-02-27 14:16:00,49.19,49.19,49.18,49.18,339.0,HALO
2023-02-27 14:15:00,49.24,49.24,49.2,49.2,808.0,HALO
2023-02-27 14:13:00,49.28,49.28,49.25,49.25,1359.0,HALO
2023-02-27 14:12:00,49.225,49.27,49.225,49.27,930.0,HALO
2023-02-27 14:11:00,49.2186,49.2186,49.2186,49.2186,313.0,HALO
2023-02-27 14:10:00,49.23,49.23,49.2,49.21,936.0,HALO
2023-02-27 14:09:00,49.23,49.23,49.23,49.23,100.0,HALO
2023-02-27 14:08:00,49.23,49.23,49.22,49.22,1314.0,HALO
2023-02-27 14:03:00,49.235,49.235,49.22,49.22,1425.0,HALO
2023-02-27 14:02:00,49.18,49.22,49.18,49.22,438.0,HALO
2023-02-27 14:00:00,49.165,49.165,49.165,49.165,146.0,HALO
2023-02-27 13:59:00,49.15,49.15,49.145,49.145,794.0,HALO
2023-02-27 13:58:00,49.14,49.17,49.14,49.165,1994.0,HALO
2023-02-27 13:57:00,49.12,49.12,49.12,49.12,471.0,HALO
2023-02-27 13:53:00,49.15,49.15,49.12,49.13,2366.0,HALO
2023-02-27 13:52:00,49.18,49.19,49.17,49.18,1474.0,HALO
2023-02-27 13:51:00,49.17,49.18,49.17,49.175,1087.0,HALO
2023-02-27 13:50:00,49.14,49.14,49.13,49.13,637.0,HALO
2023-02-27 13:49:00,49.15,49.1529,49.15,49.1529,816.0,HALO
2023-02-27 13:47:00,49.22,49.22,49.19,49.19,1224.0,HALO
2023-02-27 13:46:00,49.24,49.24,49.24,49.24,106.0,HALO
2023-02-27 13:45:00,49.24,49.24,49.24,49.24,100.0,HALO
2023-02-27 13:44:00,49.285,49.285,49.26,49.26,656.0,HALO
2023-02-27 13:42:00,49.34,49.34,49.28,49.29,1589.0,HALO
2023-02-27 13:41:00,49.325,49.34,49.325,49.33,872.0,HALO
2023-02-27 13:40:00,49.33,49.34,49.32,49.34,839.0,HALO
2023-02-27 13:39:00,49.33,49.33,49.33,49.33,231.0,HALO
2023-02-27 13:38:00,49.31,49.31,49.31,49.31,404.0,HALO
2023-02-27 13:36:00,49.335,49.335,49.31,49.32,528.0,HALO
2023-02-27 13:35:00,49.35,49.35,49.34,49.34,1129.0,HALO
2023-02-27 13:32:00,49.3158,49.34,49.31,49.34,2178.0,HALO
2023-02-27 13:30:00,49.29,49.29,49.29,49.29,100.0,HALO
2023-02-27 13:28:00,49.305,49.305,49.275,49.275,823.0,HALO
2023-02-27 13:25:00,49.33,49.33,49.31,49.31,893.0,HALO
2023-02-27 13:24:00,49.35,49.36,49.34,49.35,1234.0,HALO
2023-02-27 13:22:00,49.37,49.37,49.36,49.36,1049.0,HALO
2023-02-27 13:21:00,49.36,49.37,49.36,49.36,690.0,HALO
2023-02-27 13:20:00,49.35,49.365,49.34,49.34,1478.0,HALO
2023-02-27 13:19:00,49.36,49.37,49.36,49.365,1444.0,HALO
2023-02-27 13:17:00,49.4,49.4,49.4,49.4,122.0,HALO
2023-02-27 13:16:00,49.405,49.405,49.405,49.405,201.0,HALO
2023-02-27 13:15:00,49.415,49.415,49.375,49.375,725.0,HALO
2023-02-27 13:14:00,49.41,49.43,49.41,49.42,1297.0,HALO
2023-02-27 13:13:00,49.41,49.41,49.41,49.41,200.0,HALO
2023-02-27 13:10:00,49.39,49.405,49.39,49.405,728.0,HALO
2023-02-27 13:09:00,49.4,49.4,49.38,49.38,1644.0,HALO
2023-02-27 13:08:00,49.37,49.4,49.37,49.4,1250.0,HALO
2023-02-27 13:07:00,49.35,49.36,49.35,49.36,666.0,HALO
2023-02-27 13:05:00,49.37,49.37,49.36,49.36,562.0,HALO
2023-02-27 13:03:00,49.35,49.35,49.35,49.35,430.0,HALO
2023-02-27 13:02:00,49.37,49.37,49.36,49.36,811.0,HALO
2023-02-27 13:01:00,49.38,49.38,49.38,49.38,329.0,HALO
2023-02-27 13:00:00,49.37,49.37,49.37,49.37,203.0,HALO
2023-02-27 12:59:00,49.34,49.37,49.34,49.37,811.0,HALO
2023-02-27 12:58:00,49.325,49.325,49.315,49.315,728.0,HALO
2023-02-27 12:57:00,49.3076,49.33,49.2938,49.33,3001.0,HALO
2023-02-27 12:54:00,49.31,49.31,49.31,49.31,248.0,HALO
2023-02-27 12:53:00,49.295,49.31,49.27,49.31,1466.0,HALO
2023-02-27 12:52:00,49.32,49.32,49.3,49.3,582.0,HALO
2023-02-27 12:51:00,49.2984,49.2984,49.2984,49.2984,444.0,HALO
2023-02-27 12:49:00,49.28,49.28,49.28,49.28,225.0,HALO
2023-02-27 12:48:00,49.28,49.29,49.28,49.29,490.0,HALO
2023-02-27 12:47:00,49.32,49.32,49.305,49.305,1062.0,HALO
2023-02-27 12:46:00,49.3,49.34,49.295,49.32,2336.0,HALO
2023-02-27 12:44:00,49.29,49.29,49.28,49.28,561.0,HALO
2023-02-27 12:43:00,49.29,49.29,49.27,49.28,690.0,HALO
2023-02-27 12:42:00,49.29,49.29,49.29,49.29,438.0,HALO
2023-02-27 12:41:00,49.29,49.29,49.29,49.29,550.0,HALO
2023-02-27 12:40:00,49.29,49.31,49.29,49.31,287.0,HALO
2023-02-27 12:38:00,49.31,49.31,49.31,49.31,165.0,HALO
2023-02-27 12:36:00,49.31,49.31,49.31,49.31,229.0,HALO
2023-02-27 12:34:00,49.32,49.32,49.3,49.305,897.0,HALO
2023-02-27 12:33:00,49.3201,49.3201,49.3201,49.3201,230.0,HALO
2023-02-27 12:32:00,49.36,49.36,49.3484,49.3484,786.0,HALO
2023-02-27 12:30:00,49.34,49.34,49.34,49.34,336.0,HALO
2023-02-27 12:29:00,49.33,49.33,49.33,49.33,306.0,HALO
2023-02-27 12:28:00,49.33,49.33,49.32,49.33,1366.0,HALO
2023-02-27 12:27:00,49.35,49.35,49.34,49.345,972.0,HALO
2023-02-27 12:26:00,49.33,49.345,49.33,49.345,364.0,HALO
2023-02-27 12:24:00,49.34,49.35,49.34,49.35,379.0,HALO
2023-02-27 12:23:00,49.3,49.33,49.3,49.33,962.0,HALO
2023-02-27 12:22:00,49.2938,49.2938,49.2938,49.2938,208.0,HALO
2023-02-27 12:21:00,49.32,49.32,49.27,49.29,1585.0,HALO
2023-02-27 12:18:00,49.33,49.335,49.32,49.32,571.0,HALO
2023-02-27 12:17:00,49.365,49.365,49.34,49.34,1445.0,HALO
2023-02-27 12:15:00,49.36,49.37,49.36,49.37,850.0,HALO
2023-02-27 12:14:00,49.34,49.35,49.34,49.34,708.0,HALO
2023-02-27 12:12:00,49.32,49.32,49.32,49.32,136.0,HALO
2023-02-27 12:11:00,49.2922,49.33,49.2922,49.31,2046.0,HALO
2023-02-27 12:10:00,49.29,49.29,49.29,49.29,782.0,HALO
2023-02-27 12:09:00,49.285,49.285,49.285,49.285,203.0,HALO
2023-02-27 12:07:00,49.27,49.3,49.27,49.3,993.0,HALO
2023-02-27 12:06:00,49.32,49.32,49.3,49.3,1169.0,HALO
2023-02-27 12:04:00,49.34,49.345,49.34,49.345,251.0,HALO
2023-02-27 12:03:00,49.34,49.34,49.31,49.34,3176.0,HALO
2023-02-27 12:02:00,49.35,49.365,49.34,49.35,1146.0,HALO
2023-02-27 12:01:00,49.36,49.37,49.36,49.37,387.0,HALO
2023-02-27 11:54:00,49.34,49.34,49.34,49.34,330.0,HALO
2023-02-27 11:53:00,49.335,49.335,49.31,49.33,566.0,HALO
2023-02-27 11:52:00,49.29,49.36,49.29,49.36,1142.0,HALO
2023-02-27 11:50:00,49.31,49.31,49.31,49.31,481.0,HALO
2023-02-27 11:49:00,49.3,49.32,49.3,49.32,1227.0,HALO
2023-02-27 11:44:00,49.26,49.27,49.26,49.27,923.0,HALO
2023-02-27 11:43:00,49.27,49.27,49.24,49.245,3704.0,HALO
2023-02-27 11:42:00,49.28,49.3,49.25,49.25,1971.0,HALO
2023-02-27 11:41:00,49.31,49.33,49.3,49.3,804.0,HALO
2023-02-27 11:39:00,49.36,49.365,49.32,49.335,1560.0,HALO
2023-02-27 11:38:00,49.4,49.4,49.385,49.385,763.0,HALO
2023-02-27 11:37:00,49.42,49.42,49.42,49.42,286.0,HALO
2023-02-27 11:36:00,49.39,49.41,49.37,49.41,589.0,HALO
2023-02-27 11:35:00,49.36,49.36,49.36,49.36,498.0,HALO
2023-02-27 11:34:00,49.35,49.385,49.34,49.345,874.0,HALO
2023-02-27 11:33:00,49.36,49.375,49.36,49.375,443.0,HALO
2023-02-27 11:32:00,49.425,49.425,49.37,49.37,1230.0,HALO
2023-02-27 11:31:00,49.44,49.44,49.43,49.43,651.0,HALO
2023-02-27 11:30:00,49.5,49.5,49.44,49.45,1946.0,HALO
2023-02-27 11:29:00,49.45,49.49,49.45,49.49,1400.0,HALO
2023-02-27 11:28:00,49.44,49.44,49.44,49.44,260.0,HALO
2023-02-27 11:27:00,49.435,49.435,49.435,49.435,383.0,HALO
2023-02-27 11:25:00,49.42,49.42,49.39,49.39,597.0,HALO
2023-02-27 11:23:00,49.455,49.455,49.42,49.43,980.0,HALO
2023-02-27 11:21:00,49.455,49.455,49.455,49.455,340.0,HALO
2023-02-27 11:20:00,49.52,49.52,49.44,49.44,1936.0,HALO
2023-02-27 11:19:00,49.555,49.555,49.555,49.555,122.0,HALO
2023-02-27 11:18:00,49.58,49.61,49.565,49.565,1670.0,HALO
2023-02-27 11:17:00,49.51,49.57,49.485,49.56,3440.0,HALO
2023-02-27 11:16:00,49.495,49.51,49.495,49.51,1218.0,HALO
2023-02-27 11:15:00,49.54,49.54,49.51,49.51,1979.0,HALO
2023-02-27 11:14:00,49.505,49.535,49.49,49.525,2235.0,HALO
2023-02-27 11:13:00,49.51,49.51,49.46,49.51,2163.0,HALO
2023-02-27 11:12:00,49.49,49.53,49.49,49.515,1611.0,HALO
2023-02-27 11:09:00,49.51,49.51,49.51,49.51,640.0,HALO
2023-02-27 11:05:00,49.53,49.53,49.47,49.52,2629.0,HALO
2023-02-27 11:04:00,49.5,49.54,49.5,49.54,754.0,HALO
2023-02-27 11:03:00,49.4775,49.4775,49.47,49.47,457.0,HALO
2023-02-27 11:02:00,49.47,49.5,49.46,49.5,766.0,HALO
2023-02-27 11:01:00,49.445,49.445,49.445,49.445,315.0,HALO
2023-02-27 11:00:00,49.44,49.44,49.44,49.44,216.0,HALO
2023-02-27 10:59:00,49.375,49.44,49.375,49.435,1326.0,HALO
2023-02-27 10:56:00,49.465,49.465,49.41,49.41,1964.0,HALO
2023-02-27 10:55:00,49.465,49.465,49.465,49.465,301.0,HALO
2023-02-27 10:53:00,49.44,49.44,49.44,49.44,114.0,HALO
2023-02-27 10:52:00,49.47,49.48,49.44,49.44,1014.0,HALO
2023-02-27 10:51:00,49.5653,49.5653,49.5,49.5,1541.0,HALO
2023-02-27 10:50:00,49.59,49.59,49.55,49.55,1362.0,HALO
2023-02-27 10:49:00,49.625,49.625,49.59,49.59,230.0,HALO
2023-02-27 10:48:00,49.59,49.59,49.59,49.59,212.0,HALO
2023-02-27 10:47:00,49.64,49.64,49.62,49.62,531.0,HALO
2023-02-27 10:46:00,49.65,49.65,49.64,49.64,1138.0,HALO
2023-02-27 10:44:00,49.6,49.6,49.6,49.6,1248.0,HALO
2023-02-27 10:42:00,49.62,49.62,49.62,49.62,128.0,HALO
2023-02-27 10:41:00,49.64,49.64,49.6259,49.6259,582.0,HALO
2023-02-27 10:40:00,49.67,49.67,49.64,49.665,440.0,HALO
2023-02-27 10:39:00,49.63,49.655,49.63,49.63,1125.0,HALO
2023-02-27 10:38:00,49.58,49.69,49.58,49.66,3401.0,HALO
2023-02-27 10:37:00,49.77,49.77,49.61,49.61,2079.0,HALO
2023-02-27 10:35:00,49.78,49.785,49.74,49.785,703.0,HALO
2023-02-27 10:33:00,49.76,49.78,49.75,49.755,2071.0,HALO
2023-02-27 10:32:00,49.76,49.77,49.76,49.77,849.0,HALO
2023-02-27 10:30:00,49.73,49.73,49.73,49.73,762.0,HALO
2023-02-27 10:29:00,49.74,49.76,49.7351,49.76,1431.0,HALO
2023-02-27 10:28:00,49.67,49.71,49.67,49.71,1562.0,HALO
2023-02-27 10:27:00,49.7,49.7,49.7,49.7,461.0,HALO
2023-02-27 10:25:00,49.68,49.68,49.64,49.67,1454.0,HALO
2023-02-27 10:24:00,49.705,49.705,49.66,49.68,1807.0,HALO
2023-02-27 10:22:00,49.71,49.71,49.71,49.71,269.0,HALO
2023-02-27 10:21:00,49.75,49.795,49.73,49.73,3359.0,HALO
2023-02-27 10:20:00,49.71,49.74,49.7,49.735,1089.0,HALO
2023-02-27 10:19:00,49.745,49.745,49.745,49.745,337.0,HALO
2023-02-27 10:16:00,49.72,49.75,49.72,49.75,664.0,HALO
2023-02-27 10:15:00,49.71,49.71,49.71,49.71,525.0,HALO
2023-02-27 10:14:00,49.68,49.69,49.65,49.66,2308.0,HALO
2023-02-27 10:13:00,49.69,49.69,49.63,49.63,1507.0,HALO
2023-02-27 10:12:00,49.69,49.69,49.69,49.69,396.0,HALO
2023-02-27 10:11:00,49.69,49.69,49.67,49.67,1474.0,HALO
2023-02-27 10:10:00,49.64,49.7,49.64,49.7,1376.0,HALO
2023-02-27 10:09:00,49.6,49.62,49.585,49.62,2034.0,HALO
2023-02-27 10:08:00,49.58,49.585,49.58,49.585,303.0,HALO
2023-02-27 10:07:00,49.59,49.59,49.54,49.58,1410.0,HALO
2023-02-27 10:04:00,49.56,49.59,49.56,49.59,1459.0,HALO
2023-02-27 10:01:00,49.54,49.54,49.525,49.525,1012.0,HALO
2023-02-27 10:00:00,49.51,49.51,49.485,49.485,387.0,HALO
2023-02-27 09:59:00,49.49,49.49,49.49,49.49,189.0,HALO
2023-02-27 09:58:00,49.47,49.55,49.47,49.5,2670.0,HALO
2023-02-27 09:57:00,49.49,49.515,49.445,49.515,4538.0,HALO
2023-02-27 09:56:00,49.535,49.535,49.535,49.535,237.0,HALO
2023-02-27 09:55:00,49.49,49.49,49.49,49.49,226.0,HALO
2023-02-27 09:54:00,49.53,49.53,49.49,49.49,381.0,HALO
2023-02-27 09:53:00,49.55,49.55,49.55,49.55,151.0,HALO
2023-02-27 09:52:00,49.55,49.55,49.55,49.55,166.0,HALO
2023-02-27 09:48:00,49.53,49.56,49.505,49.56,1831.0,HALO
2023-02-27 09:47:00,49.48,49.5,49.47,49.47,1263.0,HALO
2023-02-27 09:46:00,49.62,49.62,49.56,49.56,780.0,HALO
2023-02-27 09:43:00,49.55,49.56,49.55,49.56,1215.0,HALO
2023-02-27 09:41:00,49.545,49.545,49.545,49.545,327.0,HALO
2023-02-27 09:40:00,49.545,49.545,49.545,49.545,158.0,HALO
2023-02-27 09:39:00,49.545,49.545,49.545,49.545,278.0,HALO
2023-02-27 09:38:00,49.5,49.5,49.5,49.5,510.0,HALO
2023-02-27 09:36:00,49.4,49.525,49.36,49.45,2887.0,HALO
2023-02-27 09:35:00,49.33,49.33,49.3,49.3,782.0,HALO
2023-02-27 09:34:00,49.37,49.46,49.37,49.43,1019.0,HALO
2023-02-27 09:33:00,49.48,49.48,49.46,49.46,2884.0,HALO
2023-02-27 09:32:00,49.38,49.795,49.38,49.795,637.0,HALO
2023-02-27 09:31:00,49.8,49.8,49.38,49.43,7851.0,HALO
2023-02-27 09:07:00,50.25,50.25,50.25,50.25,100.0,HALO
2023-02-24 16:36:00,49.54,49.54,49.54,49.54,1664.0,HALO
2023-02-24 16:02:00,49.54,49.54,49.54,49.54,12308.0,HALO
2023-02-24 16:01:00,49.54,49.54,49.54,49.54,18939.0,HALO
2023-02-24 16:00:00,49.44,49.56,49.435,49.54,24266.0,HALO
2023-02-24 15:59:00,49.465,49.47,49.44,49.44,18067.0,HALO
2023-02-24 15:58:00,49.47,49.51,49.45,49.46,15911.0,HALO
2023-02-24 15:57:00,49.425,49.47,49.4,49.465,13881.0,HALO
2023-02-24 15:56:00,49.45,49.48,49.405,49.42,12994.0,HALO
2023-02-24 15:55:00,49.42,49.46,49.42,49.455,5953.0,HALO
2023-02-24 15:54:00,49.47,49.48,49.435,49.435,5222.0,HALO
2023-02-24 15:53:00,49.52,49.525,49.465,49.48,5462.0,HALO
2023-02-24 15:52:00,49.474,49.53,49.45,49.52,10259.0,HALO
2023-02-24 15:51:00,49.57,49.57,49.49,49.49,6563.0,HALO
2023-02-24 15:50:00,49.53,49.58,49.53,49.56,4314.0,HALO
2023-02-24 15:49:00,49.57,49.575,49.55,49.55,1887.0,HALO
2023-02-24 15:48:00,49.62,49.62,49.6,49.6,1724.0,HALO
2023-02-24 15:47:00,49.66,49.66,49.61,49.63,2358.0,HALO
2023-02-24 15:46:00,49.68,49.68,49.65,49.65,1521.0,HALO
2023-02-24 15:45:00,49.73,49.73,49.705,49.705,1559.0,HALO
2023-02-24 15:44:00,49.67,49.71,49.625,49.71,4814.0,HALO
2023-02-24 15:43:00,49.63,49.68,49.63,49.68,5709.0,HALO
2023-02-24 15:42:00,49.62,49.63,49.605,49.629,2177.0,HALO
2023-02-24 15:41:00,49.6223,49.625,49.605,49.605,2371.0,HALO
2023-02-24 15:40:00,49.67,49.67,49.62,49.62,2252.0,HALO
2023-02-24 15:39:00,49.66,49.66,49.655,49.655,660.0,HALO
2023-02-24 15:38:00,49.66,49.66,49.635,49.65,4531.0,HALO
2023-02-24 15:37:00,49.715,49.715,49.66,49.67,1040.0,HALO
2023-02-24 15:36:00,49.76,49.76,49.705,49.72,3787.0,HALO
2023-02-24 15:35:00,49.79,49.79,49.76,49.76,1862.0,HALO
2023-02-24 15:34:00,49.81,49.81,49.805,49.805,759.0,HALO
2023-02-24 15:33:00,49.8103,49.84,49.81,49.82,3188.0,HALO
2023-02-24 15:32:00,49.81,49.81,49.81,49.81,224.0,HALO
2023-02-24 15:31:00,49.82,49.83,49.78,49.82,6250.0,HALO
2023-02-24 15:30:00,49.87,49.87,49.82,49.82,2830.0,HALO
2023-02-24 15:29:00,49.91,49.91,49.87,49.87,2087.0,HALO
2023-02-24 15:28:00,49.925,49.94,49.925,49.94,255.0,HALO
2023-02-24 15:27:00,49.93,49.95,49.93,49.93,1984.0,HALO
2023-02-24 15:26:00,49.93,49.93,49.93,49.93,402.0,HALO
2023-02-24 15:25:00,49.93,49.93,49.91,49.91,653.0,HALO
2023-02-24 15:24:00,49.935,49.935,49.92,49.92,535.0,HALO
2023-02-24 15:23:00,49.97,49.98,49.96,49.96,2650.0,HALO
2023-02-24 15:22:00,49.95,49.98,49.95,49.97,2250.0,HALO
2023-02-24 15:21:00,49.895,49.955,49.89,49.94,5211.0,HALO
2023-02-24 15:20:00,49.905,49.905,49.905,49.905,179.0,HALO
2023-02-24 15:19:00,49.91,49.91,49.89,49.89,1247.0,HALO
2023-02-24 15:18:00,49.845,49.9,49.845,49.895,1929.0,HALO
2023-02-24 15:17:00,49.82,49.85,49.82,49.845,2044.0,HALO
2023-02-24 15:16:00,49.86,49.86,49.86,49.86,734.0,HALO
2023-02-24 15:15:00,49.9,49.9,49.87,49.87,481.0,HALO
2023-02-24 15:14:00,49.83,49.88,49.83,49.87,957.0,HALO
2023-02-24 15:13:00,49.9,49.9,49.81,49.81,4796.0,HALO
2023-02-24 15:12:00,49.88,49.9,49.88,49.9,1203.0,HALO
2023-02-24 15:11:00,49.87,49.87,49.86,49.87,1317.0,HALO
2023-02-24 15:10:00,49.82,49.83,49.82,49.83,754.0,HALO
2023-02-24 15:09:00,49.82,49.82,49.76,49.81,3100.0,HALO
2023-02-24 15:08:00,49.83,49.85,49.83,49.84,1252.0,HALO
2023-02-24 15:07:00,49.75,49.81,49.74,49.81,2967.0,HALO
2023-02-24 15:05:00,49.795,49.795,49.735,49.735,1949.0,HALO
2023-02-24 15:03:00,49.85,49.85,49.81,49.825,1453.0,HALO
2023-02-24 15:02:00,49.87,49.875,49.855,49.855,1094.0,HALO
2023-02-24 15:01:00,49.88,49.88,49.88,49.88,471.0,HALO
2023-02-24 15:00:00,49.88,49.88,49.88,49.88,476.0,HALO
2023-02-24 14:59:00,49.85,49.88,49.85,49.88,823.0,HALO
2023-02-24 14:58:00,49.835,49.85,49.835,49.84,1233.0,HALO
2023-02-24 14:57:00,49.815,49.83,49.815,49.83,365.0,HALO
2023-02-24 14:56:00,49.85,49.85,49.84,49.84,924.0,HALO
2023-02-24 14:55:00,49.81,49.86,49.81,49.85,2849.0,HALO
2023-02-24 14:54:00,49.795,49.8,49.795,49.8,678.0,HALO
2023-02-24 14:53:00,49.8076,49.8076,49.79,49.79,429.0,HALO
2023-02-24 14:52:00,49.8,49.81,49.8,49.805,945.0,HALO
2023-02-24 14:51:00,49.78,49.815,49.78,49.8,2574.0,HALO
2023-02-24 14:50:00,49.765,49.78,49.765,49.78,1158.0,HALO
2023-02-24 14:49:00,49.76,49.77,49.76,49.77,674.0,HALO
2023-02-24 14:48:00,49.73,49.75,49.73,49.75,648.0,HALO
2023-02-24 14:47:00,49.71,49.73,49.71,49.73,1036.0,HALO
2023-02-24 14:46:00,49.67,49.7,49.67,49.7,2652.0,HALO
2023-02-24 14:45:00,49.685,49.685,49.685,49.685,229.0,HALO
2023-02-24 14:44:00,49.74,49.74,49.73,49.73,1976.0,HALO
2023-02-24 14:43:00,49.7654,49.7654,49.75,49.75,1234.0,HALO
2023-02-24 14:42:00,49.765,49.79,49.765,49.79,539.0,HALO
2023-02-24 14:41:00,49.79,49.79,49.76,49.76,1076.0,HALO
2023-02-24 14:40:00,49.78,49.79,49.78,49.79,555.0,HALO
2023-02-24 14:39:00,49.76,49.76,49.76,49.76,604.0,HALO
2023-02-24 14:37:00,49.79,49.79,49.76,49.76,662.0,HALO
2023-02-24 14:36:00,49.78,49.79,49.78,49.78,1146.0,HALO
2023-02-24 14:35:00,49.75,49.77,49.74,49.755,1452.0,HALO
2023-02-24 14:34:00,49.75,49.75,49.75,49.75,904.0,HALO
2023-02-24 14:33:00,49.77,49.78,49.77,49.78,710.0,HALO
2023-02-24 14:32:00,49.765,49.765,49.765,49.765,320.0,HALO
2023-02-24 14:31:00,49.8,49.8,49.8,49.8,527.0,HALO
2023-02-24 14:30:00,49.79,49.79,49.79,49.79,886.0,HALO
2023-02-24 14:29:00,49.81,49.82,49.795,49.82,1691.0,HALO
2023-02-24 14:28:00,49.855,49.855,49.83,49.83,1681.0,HALO
2023-02-24 14:27:00,49.84,49.85,49.83,49.85,1960.0,HALO
2023-02-24 14:26:00,49.8,49.84,49.8,49.84,1432.0,HALO
2023-02-24 14:25:00,49.8,49.8,49.78,49.78,37837.0,HALO
2023-02-24 14:24:00,49.84,49.86,49.78,49.785,2901.0,HALO
2023-02-24 14:23:00,49.81,49.82,49.81,49.82,778.0,HALO
2023-02-24 14:22:00,49.815,49.815,49.815,49.815,110.0,HALO
2023-02-24 14:21:00,49.825,49.825,49.825,49.825,121.0,HALO
2023-02-24 14:20:00,49.84,49.885,49.835,49.84,30974.0,HALO
2023-02-24 14:19:00,49.83,49.84,49.83,49.835,742.0,HALO
2023-02-24 14:18:00,49.83,49.84,49.83,49.83,1248.0,HALO
2023-02-24 14:17:00,49.845,49.8575,49.845,49.8575,447.0,HALO
2023-02-24 14:16:00,49.84,49.84,49.83,49.83,250.0,HALO
2023-02-24 14:15:00,49.82,49.82,49.805,49.82,634.0,HALO
2023-02-24 14:14:00,49.73,49.8,49.73,49.79,2304.0,HALO
2023-02-24 14:13:00,49.78,49.78,49.72,49.72,1410.0,HALO
2023-02-24 14:12:00,49.78,49.79,49.765,49.79,1346.0,HALO
2023-02-24 14:11:00,49.82,49.83,49.78,49.78,3274.0,HALO
2023-02-24 14:10:00,49.8,49.82,49.8,49.82,1677.0,HALO
2023-02-24 14:08:00,49.815,49.815,49.815,49.815,118.0,HALO
2023-02-24 14:07:00,49.82,49.82,49.82,49.82,926.0,HALO
2023-02-24 14:06:00,49.81,49.81,49.81,49.81,381.0,HALO
2023-02-24 14:05:00,49.78,49.84,49.78,49.825,1276.0,HALO
2023-02-24 14:04:00,49.79,49.79,49.79,49.79,415.0,HALO
2023-02-24 14:03:00,49.76,49.76,49.76,49.76,449.0,HALO
2023-02-24 14:02:00,49.745,49.745,49.73,49.74,1913.0,HALO
2023-02-24 14:01:00,49.74,49.76,49.74,49.76,1469.0,HALO
2023-02-24 14:00:00,49.73,49.73,49.73,49.73,310.0,HALO
2023-02-24 13:59:00,49.71,49.73,49.67,49.73,2162.0,HALO
2023-02-24 13:58:00,49.69,49.71,49.69,49.71,1451.0,HALO
2023-02-24 13:57:00,49.68,49.695,49.68,49.695,654.0,HALO
2023-02-24 13:55:00,49.71,49.71,49.71,49.71,1019.0,HALO
2023-02-24 13:54:00,49.695,49.695,49.695,49.695,366.0,HALO
2023-02-24 13:53:00,49.69,49.69,49.69,49.69,726.0,HALO
2023-02-24 13:52:00,49.66,49.675,49.66,49.675,458.0,HALO
2023-02-24 13:51:00,49.65,49.65,49.65,49.65,227.0,HALO
2023-02-24 13:50:00,49.635,49.65,49.635,49.65,759.0,HALO
2023-02-24 13:49:00,49.69,49.7,49.65,49.65,3396.0,HALO
2023-02-24 13:48:00,49.65,49.67,49.65,49.67,698.0,HALO
2023-02-24 13:47:00,49.6,49.64,49.6,49.64,1605.0,HALO
2023-02-24 13:45:00,49.6,49.6,49.59,49.59,484.0,HALO
2023-02-24 13:44:00,49.59,49.59,49.59,49.59,566.0,HALO
2023-02-24 13:43:00,49.59,49.59,49.58,49.58,1179.0,HALO
2023-02-24 13:42:00,49.6295,49.6295,49.6,49.6,703.0,HALO
2023-02-24 13:41:00,49.6,49.6,49.6,49.6,1168.0,HALO
2023-02-24 13:40:00,49.58,49.61,49.58,49.61,868.0,HALO
2023-02-24 13:38:00,49.49,49.565,49.49,49.565,2590.0,HALO
2023-02-24 13:36:00,49.49,49.49,49.49,49.49,304.0,HALO
2023-02-24 13:35:00,49.47,49.47,49.46,49.46,884.0,HALO
2023-02-24 13:34:00,49.45,49.49,49.45,49.49,2440.0,HALO
2023-02-24 13:33:00,49.435,49.435,49.4,49.4,923.0,HALO
2023-02-24 13:32:00,49.47,49.47,49.44,49.45,1860.0,HALO
2023-02-24 13:31:00,49.52,49.52,49.49,49.49,1843.0,HALO
2023-02-24 13:29:00,49.53,49.5301,49.51,49.53,2174.0,HALO
2023-02-24 13:28:00,49.55,49.55,49.55,49.55,887.0,HALO
2023-02-24 13:27:00,49.54,49.54,49.54,49.54,407.0,HALO
2023-02-24 13:25:00,49.55,49.55,49.55,49.55,287.0,HALO
2023-02-24 13:24:00,49.53,49.59,49.53,49.58,2424.0,HALO
2023-02-24 13:22:00,49.565,49.61,49.565,49.585,1994.0,HALO
2023-02-24 13:21:00,49.66,49.74,49.58,49.61,8180.0,HALO
2023-02-24 13:20:00,49.56,49.65,49.53,49.62,4316.0,HALO
2023-02-24 13:19:00,49.585,49.585,49.56,49.575,1162.0,HALO
2023-02-24 13:18:00,49.58,49.58,49.58,49.58,356.0,HALO
2023-02-24 13:17:00,49.555,49.58,49.54,49.56,3373.0,HALO
2023-02-24 13:16:00,49.53,49.555,49.53,49.555,524.0,HALO
2023-02-24 13:13:00,49.58,49.5943,49.54,49.555,845.0,HALO
2023-02-24 13:12:00,49.53,49.58,49.53,49.55,723.0,HALO
2023-02-24 13:10:00,49.58,49.6,49.53,49.56,1280.0,HALO
2023-02-24 13:09:00,49.56,49.61,49.55,49.61,1663.0,HALO
2023-02-24 13:08:00,49.57,49.57,49.54,49.54,976.0,HALO
2023-02-24 13:07:00,49.57,49.585,49.51,49.585,1755.0,HALO
2023-02-24 13:04:00,49.65,49.65,49.65,49.65,204.0,HALO
2023-02-24 13:03:00,49.61,49.61,49.61,49.61,234.0,HALO
2023-02-24 13:02:00,49.59,49.61,49.58,49.61,1467.0,HALO
2023-02-24 13:01:00,49.63,49.63,49.57,49.57,849.0,HALO
2023-02-24 13:00:00,49.67,49.67,49.63,49.66,705.0,HALO
2023-02-24 12:59:00,49.63,49.68,49.63,49.65,3274.0,HALO
2023-02-24 12:58:00,49.63,49.63,49.63,49.63,336.0,HALO
2023-02-24 12:55:00,49.65,49.65,49.65,49.65,469.0,HALO
2023-02-24 12:54:00,49.69,49.69,49.69,49.69,232.0,HALO
2023-02-24 12:53:00,49.73,49.74,49.61,49.68,3561.0,HALO
2023-02-24 12:52:00,49.78,49.805,49.75,49.77,1001.0,HALO
2023-02-24 12:51:00,49.8,49.82,49.78,49.805,2010.0,HALO
2023-02-24 12:50:00,49.8,49.82,49.8,49.8,2217.0,HALO
2023-02-24 12:48:00,49.84,49.84,49.82,49.82,989.0,HALO
2023-02-24 12:47:00,49.82,49.9,49.82,49.84,14776.0,HALO
2023-02-24 12:46:00,49.85,49.88,49.85,49.88,406.0,HALO
2023-02-24 12:45:00,49.85,49.88,49.82,49.85,1842.0,HALO
2023-02-24 12:43:00,49.85,49.85,49.85,49.85,157.0,HALO
2023-02-24 12:42:00,49.85,49.85,49.85,49.85,124.0,HALO
2023-02-24 12:41:00,49.85,49.85,49.85,49.85,406.0,HALO
2023-02-24 12:40:00,49.85,49.85,49.85,49.85,427.0,HALO
2023-02-24 12:39:00,49.85,49.87,49.85,49.87,382.0,HALO
2023-02-24 12:38:00,49.85,49.85,49.85,49.85,282.0,HALO
2023-02-24 12:37:00,49.855,49.855,49.85,49.85,855.0,HALO
2023-02-24 12:36:00,49.855,49.855,49.855,49.855,276.0,HALO
2023-02-24 12:34:00,49.96,49.96,49.895,49.895,2899.0,HALO
2023-02-24 12:33:00,49.98,50.0,49.975,49.975,3707.0,HALO
2023-02-24 12:32:00,49.98,49.99,49.97,49.98,4908.0,HALO
2023-02-24 12:31:00,49.99,50.005,49.99,50.0,2517.0,HALO
2023-02-24 12:30:00,50.03,50.04,50.0,50.0,579.0,HALO
2023-02-24 12:29:00,50.03,50.03,49.99,49.99,1170.0,HALO
2023-02-24 12:28:00,50.01,50.02,50.0,50.0,2201.0,HALO
2023-02-24 12:27:00,49.975,50.01,49.975,50.01,712.0,HALO
2023-02-24 12:26:00,49.95,49.98,49.94,49.98,1496.0,HALO
2023-02-24 12:25:00,49.98,49.98,49.98,49.98,185.0,HALO
2023-02-24 12:24:00,49.96,49.96,49.96,49.96,243.0,HALO
2023-02-24 12:23:00,49.89,49.95,49.87,49.95,2637.0,HALO
2023-02-24 12:22:00,49.93,49.93,49.925,49.925,971.0,HALO
2023-02-24 12:20:00,49.915,49.915,49.915,49.915,204.0,HALO
2023-02-24 12:19:00,49.95,49.97,49.9375,49.9375,574.0,HALO
2023-02-24 12:18:00,50.04,50.04,49.975,49.975,4194.0,HALO
2023-02-24 12:17:00,49.99,50.04,49.99,50.04,4964.0,HALO
2023-02-24 12:16:00,49.93,50.01,49.93,50.004,3205.0,HALO
2023-02-24 12:15:00,49.9,49.94,49.9,49.94,1383.0,HALO
2023-02-24 12:14:00,49.8,49.88,49.7909,49.88,1964.0,HALO
2023-02-24 12:13:00,49.78,49.8,49.78,49.8,222.0,HALO
2023-02-24 12:12:00,49.77,49.82,49.77,49.82,246.0,HALO
2023-02-24 12:11:00,49.79,49.795,49.79,49.795,1251.0,HALO
2023-02-24 12:10:00,49.7901,49.8288,49.79,49.795,1232.0,HALO
2023-02-24 12:08:00,49.8,49.81,49.79,49.8,1721.0,HALO
2023-02-24 12:07:00,49.79,49.79,49.79,49.79,235.0,HALO
2023-02-24 12:06:00,49.84,49.86,49.84,49.86,642.0,HALO
2023-02-24 12:05:00,49.84,49.84,49.8,49.8,315.0,HALO
2023-02-24 12:04:00,49.93,49.93,49.865,49.865,1533.0,HALO
2023-02-24 12:02:00,49.96,49.96,49.95,49.95,986.0,HALO
2023-02-24 12:01:00,49.96,49.96,49.96,49.96,101.0,HALO
2023-02-24 12:00:00,50.0,50.01,49.97,50.0,1462.0,HALO
2023-02-24 11:57:00,49.97,49.97,49.97,49.97,309.0,HALO
2023-02-24 11:56:00,50.01,50.01,49.995,49.995,568.0,HALO
2023-02-24 11:55:00,50.0,50.0,49.985,49.99,1692.0,HALO
2023-02-24 11:54:00,50.0,50.0,50.0,50.0,185.0,HALO
2023-02-24 11:53:00,50.06,50.06,50.06,50.06,305.0,HALO
2023-02-24 11:51:00,50.02,50.09,50.02,50.07,4113.0,HALO
2023-02-24 11:50:00,50.02,50.02,50.02,50.02,349.0,HALO
2023-02-24 11:49:00,50.0325,50.0325,49.995,50.02,2065.0,HALO
2023-02-24 11:46:00,50.08,50.08,50.07,50.07,362.0,HALO
2023-02-24 11:45:00,50.07,50.07,50.05,50.065,831.0,HALO
2023-02-24 11:44:00,50.11,50.14,50.11,50.11,1148.0,HALO
2023-02-24 11:43:00,50.12,50.13,50.12,50.125,354.0,HALO
2023-02-24 11:41:00,50.045,50.12,50.045,50.07,3163.0,HALO
2023-02-24 11:40:00,50.045,50.045,50.045,50.045,124.0,HALO
2023-02-24 11:39:00,50.02,50.07,50.02,50.045,959.0,HALO
2023-02-24 11:38:00,50.13,50.13,50.06,50.06,710.0,HALO
2023-02-24 11:37:00,50.13,50.14,50.13,50.14,459.0,HALO
2023-02-24 11:36:00,50.145,50.16,50.125,50.16,754.0,HALO
2023-02-24 11:35:00,50.14,50.16,50.12,50.13,1984.0,HALO
2023-02-24 11:34:00,50.19,50.19,50.165,50.165,937.0,HALO
2023-02-24 11:33:00,50.19,50.21,50.17,50.21,774.0,HALO
2023-02-24 11:32:00,50.21,50.23,50.21,50.22,1613.0,HALO
2023-02-24 11:31:00,50.22,50.25,50.21,50.21,1796.0,HALO
2023-02-24 11:30:00,50.2,50.22,50.17,50.17,2448.0,HALO
2023-02-24 11:29:00,50.18,50.2,50.18,50.2,293.0,HALO
2023-02-24 11:28:00,50.21,50.24,50.16,50.16,1446.0,HALO
2023-02-24 11:27:00,50.21,50.21,50.21,50.21,292.0,HALO
2023-02-24 11:26:00,50.17,50.22,50.16,50.2,2192.0,HALO
2023-02-24 11:25:00,50.18,50.18,50.17,50.17,275.0,HALO
2023-02-24 11:24:00,50.2799,50.2799,50.16,50.16,1120.0,HALO
2023-02-24 11:23:00,50.21,50.245,50.21,50.245,811.0,HALO
2023-02-24 11:22:00,50.22,50.22,50.185,50.185,851.0,HALO
2023-02-24 11:21:00,50.23,50.28,50.23,50.235,2536.0,HALO
2023-02-24 11:20:00,50.22,50.22,50.22,50.22,428.0,HALO
2023-02-24 11:19:00,50.15,50.21,50.145,50.2,8128.0,HALO
2023-02-24 11:18:00,50.15,50.15,50.14,50.14,622.0,HALO
2023-02-24 11:17:00,50.11,50.12,50.11,50.12,1242.0,HALO
2023-02-24 11:16:00,49.9621,50.08,49.96,50.075,5373.0,HALO
2023-02-24 11:15:00,50.0,50.0,50.0,50.0,165.0,HALO
2023-02-24 11:13:00,50.06,50.06,50.03,50.03,1107.0,HALO
2023-02-24 11:12:00,50.0,50.03,50.0,50.03,1641.0,HALO
2023-02-24 11:10:00,50.1,50.11,50.035,50.035,1756.0,HALO
2023-02-24 11:09:00,50.08,50.107,50.07,50.07,2956.0,HALO
2023-02-24 11:08:00,49.975,50.12,49.975,50.12,2564.0,HALO
2023-02-24 11:07:00,49.97,49.97,49.97,49.97,109.0,HALO
2023-02-24 11:06:00,49.955,49.955,49.955,49.955,317.0,HALO
2023-02-24 11:05:00,49.95,49.95,49.95,49.95,461.0,HALO
2023-02-24 11:03:00,49.94,49.94,49.89,49.89,1057.0,HALO
2023-02-24 11:02:00,49.99,49.99,49.95,49.95,906.0,HALO
2023-02-24 11:01:00,50.0,50.01,50.0,50.01,459.0,HALO
2023-02-24 11:00:00,49.9982,49.9982,49.97,49.97,728.0,HALO
2023-02-24 10:59:00,49.95,49.955,49.95,49.955,736.0,HALO
2023-02-24 10:58:00,49.94,49.94,49.91,49.91,730.0,HALO
2023-02-24 10:53:00,49.92,50.0,49.92,50.0,1540.0,HALO
2023-02-24 10:52:00,49.89,49.89,49.89,49.89,283.0,HALO
2023-02-24 10:50:00,49.91,49.91,49.85,49.85,1048.0,HALO
2023-02-24 10:49:00,49.92,49.95,49.89,49.915,1167.0,HALO
2023-02-24 10:48:00,49.86,49.9,49.86,49.9,1590.0,HALO
2023-02-24 10:47:00,49.92,50.04,49.82,49.905,16819.0,HALO
2023-02-24 10:46:00,49.92,49.94,49.87,49.94,1117.0,HALO
2023-02-24 10:43:00,49.8809,49.8809,49.83,49.83,787.0,HALO
2023-02-24 10:42:00,49.905,49.905,49.89,49.89,347.0,HALO
2023-02-24 10:41:00,49.97,49.97,49.97,49.97,481.0,HALO
2023-02-24 10:39:00,50.02,50.06,50.02,50.05,918.0,HALO
2023-02-24 10:38:00,50.01,50.01,49.99,49.99,751.0,HALO
2023-02-24 10:37:00,50.07,50.07,50.03,50.03,1002.0,HALO
2023-02-24 10:36:00,50.09,50.09,50.09,50.09,665.0,HALO
2023-02-24 10:34:00,50.0,50.0,50.0,50.0,396.0,HALO
2023-02-24 10:33:00,49.92,49.98,49.91,49.96,3194.0,HALO
2023-02-24 10:31:00,49.94,49.95,49.895,49.895,1280.0,HALO
2023-02-24 10:30:00,50.02,50.02,50.02,50.02,341.0,HALO
2023-02-24 10:29:00,50.02,50.02,50.02,50.02,724.0,HALO
2023-02-24 10:28:00,50.0,50.05,49.97,50.04,3165.0,HALO
2023-02-24 10:27:00,49.98,50.02,49.98,50.02,1264.0,HALO
2023-02-24 10:26:00,49.98,49.98,49.95,49.95,1689.0,HALO
2023-02-24 10:25:00,50.06,50.06,50.0,50.0,886.0,HALO
2023-02-24 10:24:00,50.11,50.11,50.11,50.11,375.0,HALO
2023-02-24 10:23:00,50.06,50.105,50.06,50.105,248.0,HALO
2023-02-24 10:22:00,50.075,50.09,50.075,50.09,697.0,HALO
2023-02-24 10:21:00,50.08,50.08,50.075,50.075,759.0,HALO
2023-02-24 10:20:00,50.13,50.13,50.13,50.13,236.0,HALO
2023-02-24 10:19:00,50.195,50.195,50.13,50.16,1424.0,HALO
2023-02-24 10:18:00,50.04,50.175,50.04,50.175,1183.0,HALO
2023-02-24 10:17:00,50.045,50.045,49.99,50.035,2565.0,HALO
2023-02-24 10:16:00,50.09,50.09,50.01,50.01,684.0,HALO
2023-02-24 10:15:00,50.01,50.13,49.97,50.12,29112.0,HALO
2023-02-24 10:14:00,50.05,50.05,49.93,49.93,1747.0,HALO
2023-02-24 10:13:00,50.1,50.1,50.1,50.1,256.0,HALO
2023-02-24 10:12:00,50.09,50.09,50.01,50.01,732.0,HALO
2023-02-24 10:11:00,50.115,50.115,50.02,50.107,2177.0,HALO
2023-02-24 10:10:00,50.115,50.115,50.115,50.115,360.0,HALO
2023-02-24 10:09:00,50.06,50.13,50.06,50.13,2199.0,HALO
2023-02-24 10:08:00,50.22,50.22,50.13,50.13,1530.0,HALO
2023-02-24 10:04:00,50.245,50.245,50.245,50.245,419.0,HALO
2023-02-24 10:03:00,50.32,50.37,50.19,50.23,2207.0,HALO
2023-02-24 10:02:00,50.57,50.57,50.35,50.44,1972.0,HALO
2023-02-24 10:01:00,50.62,50.62,50.58,50.58,492.0,HALO
2023-02-24 10:00:00,50.66,50.7,50.66,50.68,606.0,HALO
2023-02-24 09:59:00,50.55,50.55,50.55,50.55,153.0,HALO
2023-02-24 09:58:00,50.66,50.68,50.55,50.59,2070.0,HALO
2023-02-24 09:57:00,50.6,50.66,50.52,50.57,1616.0,HALO
2023-02-24 09:56:00,50.51,50.51,50.51,50.51,348.0,HALO
2023-02-24 09:55:00,50.49,50.49,50.49,50.49,122.0,HALO
2023-02-24 09:54:00,50.47,50.47,50.47,50.47,164.0,HALO
2023-02-24 09:53:00,50.44,50.57,50.43,50.43,2316.0,HALO
2023-02-24 09:52:00,50.319,50.39,50.319,50.39,1023.0,HALO
2023-02-24 09:51:00,50.48,50.61,50.3,50.395,47070.0,HALO
2023-02-24 09:50:00,50.3,50.43,50.3,50.43,1130.0,HALO
2023-02-24 09:49:00,50.34,50.3752,50.3,50.3,1296.0,HALO
2023-02-24 09:48:00,50.645,50.66,50.302,50.345,7116.0,HALO
2023-02-24 09:46:00,50.685,50.685,50.61,50.63,2005.0,HALO
2023-02-24 09:45:00,50.68,50.72,50.68,50.685,1597.0,HALO
2023-02-24 09:44:00,50.6442,50.67,50.5,50.67,4363.0,HALO
2023-02-24 09:43:00,50.66,50.66,50.605,50.605,626.0,HALO
2023-02-24 09:41:00,50.655,50.66,50.43,50.63,5634.0,HALO
2023-02-24 09:40:00,50.665,50.665,50.66,50.66,431.0,HALO
2023-02-24 09:39:00,50.635,50.655,50.6,50.6,1655.0,HALO
2023-02-24 09:38:00,50.71,50.82,50.55,50.61,4471.0,HALO
2023-02-24 09:37:00,51.02,51.02,50.82,51.02,1584.0,HALO
2023-02-24 09:36:00,50.97,50.97,50.97,50.97,309.0,HALO
2023-02-24 09:35:00,50.82,51.04,50.5103,51.04,3060.0,HALO
2023-02-24 09:34:00,50.465,50.79,50.465,50.79,1636.0,HALO
2023-02-24 09:33:00,50.57,50.58,50.445,50.55,1226.0,HALO
2023-02-24 09:32:00,50.54,50.54,50.1969,50.52,804.0,HALO
2023-02-24 09:31:00,50.0,50.54,49.705,50.54,14810.0,HALO
2023-02-23 17:08:00,50.35,50.35,50.35,50.35,153.0,HALO
2023-02-23 16:03:00,50.35,50.35,50.35,50.35,759.0,HALO
2023-02-23 16:02:00,50.35,50.35,50.35,50.35,6579.0,HALO
2023-02-23 16:01:00,50.35,50.35,50.35,50.35,205878.0,HALO
2023-02-23 16:00:00,50.32,50.37,50.29,50.35,13683.0,HALO
2023-02-23 15:59:00,50.325,50.365,50.315,50.325,15343.0,HALO
2023-02-23 15:58:00,50.33,50.35,50.32,50.325,10405.0,HALO
2023-02-23 15:57:00,50.315,50.34,50.315,50.335,9342.0,HALO
2023-02-23 15:56:00,50.36,50.36,50.3,50.32,10168.0,HALO
2023-02-23 15:55:00,50.33,50.35,50.3,50.345,9232.0,HALO
2023-02-23 15:54:00,50.35,50.35,50.3,50.345,7571.0,HALO
2023-02-23 15:53:00,50.38,50.385,50.35,50.36,4862.0,HALO
2023-02-23 15:52:00,50.36,50.37,50.34,50.37,5335.0,HALO
2023-02-23 15:51:00,50.38,50.385,50.345,50.36,4118.0,HALO
2023-02-23 15:50:00,50.34,50.37,50.34,50.37,1791.0,HALO
2023-02-23 15:49:00,50.34,50.34,50.33,50.34,2351.0,HALO
2023-02-23 15:48:00,50.38,50.38,50.34,50.34,2467.0,HALO
2023-02-23 15:47:00,50.375,50.39,50.375,50.39,1535.0,HALO
2023-02-23 15:46:00,50.445,50.445,50.37,50.38,3026.0,HALO
2023-02-23 15:45:00,50.41,50.43,50.41,50.42,3235.0,HALO
2023-02-23 15:44:00,50.445,50.445,50.42,50.42,2199.0,HALO
2023-02-23 15:43:00,50.42,50.42,50.405,50.42,2786.0,HALO
2023-02-23 15:42:00,50.44,50.44,50.42,50.42,954.0,HALO
2023-02-23 15:41:00,50.46,50.47,50.45,50.46,2100.0,HALO
2023-02-23 15:40:00,50.45,50.45,50.45,50.45,364.0,HALO
2023-02-23 15:39:00,50.43,50.45,50.42,50.44,1556.0,HALO
2023-02-23 15:38:00,50.4,50.42,50.39,50.42,2113.0,HALO
2023-02-23 15:37:00,50.4,50.415,50.39,50.415,2004.0,HALO
2023-02-23 15:36:00,50.43,50.43,50.38,50.4,1751.0,HALO
2023-02-23 15:35:00,50.44,50.44,50.415,50.42,3273.0,HALO
2023-02-23 15:34:00,50.44,50.44,50.44,50.44,317.0,HALO
2023-02-23 15:33:00,50.355,50.39,50.355,50.39,3039.0,HALO
2023-02-23 15:32:00,50.26,50.36,50.26,50.36,2705.0,HALO
2023-02-23 15:31:00,50.265,50.265,50.25,50.25,925.0,HALO
2023-02-23 15:30:00,50.32,50.32,50.28,50.28,4032.0,HALO
2023-02-23 15:29:00,50.33,50.33,50.315,50.32,1382.0,HALO
2023-02-23 15:28:00,50.34,50.34,50.33,50.34,922.0,HALO
2023-02-23 15:27:00,50.32,50.34,50.31,50.33,3656.0,HALO
2023-02-23 15:26:00,50.4,50.4,50.31,50.31,2459.0,HALO
2023-02-23 15:25:00,50.39,50.39,50.39,50.39,670.0,HALO
2023-02-23 15:24:00,50.44,50.45,50.38,50.38,2124.0,HALO
2023-02-23 15:23:00,50.445,50.45,50.43,50.43,1064.0,HALO
2023-02-23 15:22:00,50.415,50.45,50.4,50.45,2177.0,HALO
2023-02-23 15:21:00,50.43,50.435,50.415,50.435,2809.0,HALO
2023-02-23 15:20:00,50.405,50.42,50.4,50.41,1675.0,HALO
2023-02-23 15:19:00,50.405,50.405,50.405,50.405,270.0,HALO
2023-02-23 15:18:00,50.41,50.42,50.375,50.405,2702.0,HALO
2023-02-23 15:17:00,50.395,50.425,50.395,50.425,2658.0,HALO
2023-02-23 15:16:00,50.38,50.395,50.38,50.395,1127.0,HALO
2023-02-23 15:15:00,50.36,50.38,50.36,50.37,2972.0,HALO
2023-02-23 15:14:00,50.3,50.34,50.292,50.34,2753.0,HALO
2023-02-23 15:13:00,50.3031,50.315,50.3,50.3,2111.0,HALO
2023-02-23 15:12:00,50.325,50.325,50.305,50.315,1119.0,HALO
2023-02-23 15:11:00,50.245,50.33,50.245,50.325,2727.0,HALO
2023-02-23 15:10:00,50.26,50.265,50.23,50.245,4291.0,HALO
2023-02-23 15:09:00,50.24,50.265,50.23,50.265,3195.0,HALO
2023-02-23 15:08:00,50.2,50.26,50.2,50.25,1458.0,HALO
2023-02-23 15:07:00,50.185,50.185,50.185,50.185,1354.0,HALO
2023-02-23 15:06:00,50.105,50.16,50.105,50.16,4816.0,HALO
2023-02-23 15:05:00,50.0503,50.11,50.0503,50.105,2557.0,HALO
2023-02-23 15:03:00,50.03,50.065,50.01,50.065,3164.0,HALO
2023-02-23 15:02:00,50.03,50.06,50.03,50.06,1471.0,HALO
2023-02-23 15:01:00,50.13,50.13,50.07,50.07,4057.0,HALO
2023-02-23 15:00:00,50.115,50.115,50.115,50.115,252.0,HALO
2023-02-23 14:59:00,50.11,50.12,50.11,50.115,1241.0,HALO
2023-02-23 14:58:00,50.125,50.13,50.125,50.13,800.0,HALO
2023-02-23 14:57:00,50.15,50.15,50.14,50.14,635.0,HALO
2023-02-23 14:56:00,50.19,50.19,50.16,50.185,1763.0,HALO
2023-02-23 14:54:00,50.2,50.215,50.2,50.215,312.0,HALO
2023-02-23 14:53:00,50.21,50.22,50.2,50.22,517.0,HALO
2023-02-23 14:52:00,50.22,50.22,50.22,50.22,379.0,HALO
2023-02-23 14:51:00,50.22,50.23,50.22,50.22,1378.0,HALO
2023-02-23 14:49:00,50.18,50.19,50.18,50.19,506.0,HALO
2023-02-23 14:48:00,50.2,50.2,50.17,50.17,931.0,HALO
2023-02-23 14:47:00,50.21,50.22,50.21,50.22,494.0,HALO
2023-02-23 14:46:00,50.195,50.195,50.195,50.195,480.0,HALO
2023-02-23 14:45:00,50.185,50.23,50.185,50.23,1263.0,HALO
2023-02-23 14:44:00,50.1711,50.1711,50.1711,50.1711,151.0,HALO
2023-02-23 14:43:00,50.18,50.2,50.18,50.19,955.0,HALO
2023-02-23 14:42:00,50.16,50.18,50.16,50.18,2094.0,HALO
2023-02-23 14:41:00,50.21,50.21,50.17,50.175,1658.0,HALO
2023-02-23 14:40:00,50.225,50.225,50.225,50.225,231.0,HALO
2023-02-23 14:38:00,50.225,50.225,50.225,50.225,346.0,HALO
2023-02-23 14:37:00,50.24,50.24,50.22,50.22,971.0,HALO
2023-02-23 14:36:00,50.2413,50.27,50.2413,50.25,1192.0,HALO
2023-02-23 14:35:00,50.27,50.27,50.27,50.27,322.0,HALO
2023-02-23 14:33:00,50.28,50.28,50.245,50.2615,2925.0,HALO
2023-02-23 14:32:00,50.305,50.33,50.3,50.3,3505.0,HALO
2023-02-23 14:31:00,50.29,50.305,50.29,50.305,272.0,HALO
2023-02-23 14:30:00,50.31,50.31,50.29,50.305,3340.0,HALO
2023-02-23 14:29:00,50.3175,50.325,50.3175,50.325,484.0,HALO
2023-02-23 14:28:00,50.31,50.31,50.31,50.31,961.0,HALO
2023-02-23 14:27:00,50.34,50.34,50.34,50.34,248.0,HALO
2023-02-23 14:26:00,50.36,50.37,50.36,50.36,1546.0,HALO
2023-02-23 14:25:00,50.345,50.36,50.345,50.36,1160.0,HALO
2023-02-23 14:24:00,50.33,50.33,50.32,50.32,1039.0,HALO
2023-02-23 14:23:00,50.34,50.34,50.33,50.33,767.0,HALO
2023-02-23 14:21:00,50.36,50.36,50.36,50.36,138.0,HALO
2023-02-23 14:20:00,50.365,50.365,50.35,50.3596,1661.0,HALO
2023-02-23 14:18:00,50.34,50.35,50.34,50.35,280.0,HALO
2023-02-23 14:17:00,50.27,50.33,50.27,50.29,842.0,HALO
2023-02-23 14:16:00,50.19,50.29,50.19,50.27,2590.0,HALO
2023-02-23 14:15:00,50.18,50.18,50.1487,50.1487,1973.0,HALO
2023-02-23 14:14:00,50.15,50.17,50.15,50.17,1576.0,HALO
2023-02-23 14:13:00,50.13,50.13,50.13,50.13,196.0,HALO
2023-02-23 14:12:00,50.13,50.13,50.1,50.12,2309.0,HALO
2023-02-23 14:11:00,50.13,50.15,50.13,50.15,430.0,HALO
2023-02-23 14:09:00,50.13,50.15,50.11,50.15,1202.0,HALO
2023-02-23 14:08:00,50.12,50.14,50.12,50.14,481.0,HALO
2023-02-23 14:07:00,50.109,50.109,50.07,50.09,2377.0,HALO
2023-02-23 14:04:00,50.1,50.1,50.09,50.095,1131.0,HALO
2023-02-23 14:03:00,50.08,50.1,50.08,50.1,580.0,HALO
2023-02-23 14:02:00,50.04,50.07,50.04,50.07,1268.0,HALO
2023-02-23 14:01:00,50.0,50.03,50.0,50.03,786.0,HALO
2023-02-23 13:59:00,49.98,49.98,49.98,49.98,507.0,HALO
2023-02-23 13:58:00,49.93,49.93,49.93,49.93,239.0,HALO
2023-02-23 13:57:00,50.0,50.005,49.95,49.95,1860.0,HALO
2023-02-23 13:56:00,50.06,50.06,49.97,49.99,4826.0,HALO
2023-02-23 13:55:00,50.07,50.1,50.06,50.07,2238.0,HALO
2023-02-23 13:54:00,50.09,50.09,50.07,50.07,752.0,HALO
2023-02-23 13:52:00,50.0299,50.06,50.0299,50.06,2639.0,HALO
2023-02-23 13:51:00,50.01,50.01,50.0,50.0,543.0,HALO
2023-02-23 13:50:00,49.965,50.01,49.965,50.01,1187.0,HALO
2023-02-23 13:49:00,49.95,49.95,49.92,49.94,1255.0,HALO
2023-02-23 13:48:00,49.96,49.97,49.96,49.97,743.0,HALO
2023-02-23 13:47:00,49.98,49.98,49.96,49.96,1227.0,HALO
2023-02-23 13:45:00,50.02,50.02,50.02,50.02,346.0,HALO
2023-02-23 13:44:00,50.07,50.095,50.04,50.04,2979.0,HALO
2023-02-23 13:43:00,50.01,50.05,50.0,50.045,4774.0,HALO
2023-02-23 13:42:00,49.99,50.0,49.97,50.0,1258.0,HALO
2023-02-23 13:41:00,49.97,49.98,49.9523,49.98,933.0,HALO
2023-02-23 13:39:00,49.9,49.96,49.9,49.96,2099.0,HALO
2023-02-23 13:38:00,49.87,49.875,49.87,49.875,519.0,HALO
2023-02-23 13:37:00,49.85,49.86,49.85,49.86,562.0,HALO
2023-02-23 13:36:00,49.86,49.8973,49.85,49.87,3778.0,HALO
2023-02-23 13:35:00,49.9,49.9,49.89,49.89,834.0,HALO
2023-02-23 13:34:00,49.88,49.88,49.88,49.88,516.0,HALO
2023-02-23 13:32:00,49.84,49.84,49.79,49.82,2937.0,HALO
2023-02-23 13:31:00,49.845,49.845,49.845,49.845,222.0,HALO
2023-02-23 13:30:00,49.84,49.8564,49.84,49.85,3245.0,HALO
2023-02-23 13:29:00,49.81,49.855,49.81,49.855,1399.0,HALO
2023-02-23 13:28:00,49.79,49.8,49.79,49.795,1102.0,HALO
2023-02-23 13:27:00,49.77,49.78,49.77,49.78,405.0,HALO
2023-02-23 13:26:00,49.76,49.76,49.75,49.75,1754.0,HALO
2023-02-23 13:25:00,49.77,49.78,49.77,49.78,480.0,HALO
2023-02-23 13:24:00,49.75,49.75,49.7475,49.7475,792.0,HALO
2023-02-23 13:21:00,49.73,49.73,49.72,49.72,808.0,HALO
2023-02-23 13:20:00,49.74,49.74,49.735,49.735,910.0,HALO
2023-02-23 13:19:00,49.69,49.7216,49.69,49.7216,970.0,HALO
2023-02-23 13:18:00,49.68,49.68,49.655,49.67,846.0,HALO
2023-02-23 13:17:00,49.7048,49.7048,49.68,49.685,1073.0,HALO
2023-02-23 13:16:00,49.69,49.69,49.69,49.69,552.0,HALO
2023-02-23 13:15:00,49.68,49.68,49.68,49.68,546.0,HALO
2023-02-23 13:13:00,49.695,49.695,49.695,49.695,711.0,HALO
2023-02-23 13:12:00,49.72,49.73,49.72,49.73,1637.0,HALO
2023-02-23 13:11:00,49.67,49.6985,49.67,49.6985,954.0,HALO
2023-02-23 13:10:00,49.67,49.67,49.67,49.67,291.0,HALO
2023-02-23 13:09:00,49.66,49.66,49.64,49.64,566.0,HALO
2023-02-23 13:08:00,49.705,49.705,49.66,49.675,1851.0,HALO
2023-02-23 13:07:00,49.6869,49.7,49.6869,49.7,678.0,HALO
2023-02-23 13:06:00,49.7,49.7,49.685,49.685,927.0,HALO
2023-02-23 13:05:00,49.71,49.71,49.71,49.71,765.0,HALO
2023-02-23 13:03:00,49.73,49.74,49.7,49.71,1839.0,HALO
2023-02-23 13:02:00,49.81,49.81,49.735,49.76,2442.0,HALO
2023-02-23 13:01:00,49.78,49.78,49.78,49.78,797.0,HALO
2023-02-23 12:59:00,49.795,49.795,49.77,49.78,951.0,HALO
2023-02-23 12:58:00,49.79,49.81,49.79,49.81,507.0,HALO
2023-02-23 12:56:00,49.76,49.76,49.74,49.75,1538.0,HALO
2023-02-23 12:54:00,49.74,49.76,49.725,49.76,1355.0,HALO
2023-02-23 12:53:00,49.75,49.75,49.75,49.75,409.0,HALO
2023-02-23 12:51:00,49.72,49.73,49.72,49.73,1902.0,HALO
2023-02-23 12:50:00,49.73,49.73,49.63,49.66,6317.0,HALO
2023-02-23 12:47:00,49.73,49.78,49.73,49.77,1630.0,HALO
2023-02-23 12:46:00,49.735,49.735,49.73,49.73,200.0,HALO
2023-02-23 12:45:00,49.7,49.75,49.7,49.71,3446.0,HALO
2023-02-23 12:44:00,49.66,49.675,49.66,49.675,367.0,HALO
2023-02-23 12:42:00,49.7,49.7,49.67,49.67,1621.0,HALO
2023-02-23 12:41:00,49.7,49.73,49.7,49.7,1266.0,HALO
2023-02-23 12:40:00,49.64,49.675,49.635,49.675,1233.0,HALO
2023-02-23 12:39:00,49.66,49.68,49.66,49.66,1231.0,HALO
2023-02-23 12:38:00,49.67,49.67,49.66,49.66,1869.0,HALO
2023-02-23 12:37:00,49.63,49.68,49.63,49.68,915.0,HALO
2023-02-23 12:36:00,49.66,49.66,49.66,49.66,134.0,HALO
2023-02-23 12:35:00,49.66,49.66,49.66,49.66,114.0,HALO
2023-02-23 12:33:00,49.62,49.62,49.61,49.61,1137.0,HALO
2023-02-23 12:32:00,49.58,49.64,49.58,49.635,1029.0,HALO
2023-02-23 12:30:00,49.57,49.58,49.57,49.58,536.0,HALO
2023-02-23 12:28:00,49.55,49.55,49.55,49.55,600.0,HALO
2023-02-23 12:27:00,49.535,49.535,49.535,49.535,648.0,HALO
2023-02-23 12:26:00,49.52,49.52,49.52,49.52,575.0,HALO
2023-02-23 12:25:00,49.56,49.56,49.56,49.56,491.0,HALO
2023-02-23 12:24:00,49.49,49.55,49.49,49.55,1228.0,HALO
2023-02-23 12:22:00,49.49,49.49,49.49,49.49,599.0,HALO
2023-02-23 12:21:00,49.5,49.5,49.5,49.5,447.0,HALO
2023-02-23 12:19:00,49.54,49.54,49.505,49.52,1937.0,HALO
2023-02-23 12:18:00,49.56,49.59,49.52,49.54,3634.0,HALO
2023-02-23 12:17:00,49.57,49.57,49.57,49.57,446.0,HALO
2023-02-23 12:16:00,49.57,49.57,49.57,49.57,570.0,HALO
2023-02-23 12:15:00,49.49,49.56,49.49,49.56,1761.0,HALO
2023-02-23 12:14:00,49.41,49.41,49.41,49.41,544.0,HALO
2023-02-23 12:13:00,49.4,49.42,49.4,49.42,373.0,HALO
2023-02-23 12:12:00,49.49,49.49,49.435,49.435,985.0,HALO
2023-02-23 12:11:00,49.5,49.5,49.5,49.5,142.0,HALO
2023-02-23 12:09:00,49.47,49.47,49.47,49.47,330.0,HALO
2023-02-23 12:08:00,49.51,49.545,49.48,49.5,1528.0,HALO
2023-02-23 12:07:00,49.59,49.59,49.54,49.56,3396.0,HALO
2023-02-23 12:06:00,49.62,49.62,49.62,49.62,631.0,HALO
2023-02-23 12:05:00,49.585,49.585,49.585,49.585,317.0,HALO
2023-02-23 12:04:00,49.59,49.59,49.59,49.59,342.0,HALO
2023-02-23 12:03:00,49.59,49.63,49.59,49.59,2769.0,HALO
2023-02-23 12:02:00,49.5607,49.59,49.5607,49.59,630.0,HALO
2023-02-23 12:01:00,49.6,49.6,49.6,49.6,272.0,HALO
2023-02-23 12:00:00,49.69,49.69,49.645,49.645,2290.0,HALO
2023-02-23 11:59:00,49.7,49.7,49.7,49.7,354.0,HALO
2023-02-23 11:58:00,49.76,49.79,49.69,49.725,4655.0,HALO
2023-02-23 11:56:00,49.8,49.8,49.8,49.8,271.0,HALO
2023-02-23 11:55:00,49.78,49.78,49.77,49.78,741.0,HALO
2023-02-23 11:54:00,49.84,49.84,49.805,49.805,1139.0,HALO
2023-02-23 11:53:00,49.86,49.86,49.86,49.86,1181.0,HALO
2023-02-23 11:52:00,49.86,49.89,49.84,49.885,1917.0,HALO
2023-02-23 11:49:00,49.87,49.87,49.84,49.845,1002.0,HALO
2023-02-23 11:48:00,49.91,49.95,49.88,49.89,3575.0,HALO
2023-02-23 11:47:00,49.875,49.875,49.875,49.875,553.0,HALO
2023-02-23 11:46:00,49.85,49.85,49.835,49.835,955.0,HALO
2023-02-23 11:45:00,49.75,49.79,49.75,49.79,682.0,HALO
2023-02-23 11:44:00,49.69,49.72,49.67,49.72,1247.0,HALO
2023-02-23 11:43:00,49.67,49.67,49.63,49.67,1886.0,HALO
2023-02-23 11:42:00,49.605,49.65,49.57,49.62,3087.0,HALO
2023-02-23 11:41:00,49.66,49.66,49.605,49.605,839.0,HALO
2023-02-23 11:40:00,49.72,49.72,49.68,49.7,667.0,HALO
2023-02-23 11:39:00,49.815,49.815,49.755,49.765,767.0,HALO
2023-02-23 11:38:00,49.84,49.86,49.81,49.81,745.0,HALO
2023-02-23 11:37:00,49.82,49.845,49.78,49.83,2595.0,HALO
2023-02-23 11:36:00,49.855,49.855,49.855,49.855,313.0,HALO
2023-02-23 11:35:00,49.855,49.855,49.855,49.855,341.0,HALO
2023-02-23 11:34:00,49.87,49.928,49.83,49.855,5550.0,HALO
2023-02-23 11:33:00,49.93,49.96,49.89,49.89,1601.0,HALO
2023-02-23 11:32:00,49.89,49.89,49.89,49.89,194.0,HALO
2023-02-23 11:31:00,49.9,49.9,49.9,49.9,107.0,HALO
2023-02-23 11:30:00,49.89,49.94,49.85,49.85,15777.0,HALO
2023-02-23 11:29:00,49.8,49.88,49.8,49.88,2212.0,HALO
2023-02-23 11:28:00,49.57,49.81,49.57,49.77,14681.0,HALO
2023-02-23 11:27:00,49.6,49.64,49.6,49.64,955.0,HALO
2023-02-23 11:26:00,49.605,49.605,49.605,49.605,450.0,HALO
2023-02-23 11:25:00,49.6,49.63,49.6,49.63,318.0,HALO
2023-02-23 11:24:00,49.6,49.64,49.595,49.64,1977.0,HALO
2023-02-23 11:23:00,49.65,49.65,49.65,49.65,436.0,HALO
2023-02-23 11:22:00,49.535,49.67,49.535,49.63,7663.0,HALO
2023-02-23 11:21:00,49.63,49.63,49.52,49.52,5925.0,HALO
2023-02-23 11:20:00,49.59,49.59,49.59,49.59,318.0,HALO
2023-02-23 11:19:00,49.58,49.58,49.58,49.58,321.0,HALO
2023-02-23 11:18:00,49.59,49.64,49.58,49.615,1990.0,HALO
2023-02-23 11:17:00,49.65,49.7,49.54,49.57,5877.0,HALO
2023-02-23 11:15:00,49.69,49.805,49.64,49.64,31045.0,HALO
2023-02-23 11:14:00,49.69,49.69,49.69,49.69,504.0,HALO
2023-02-23 11:13:00,49.8401,49.8401,49.8,49.8,1358.0,HALO
2023-02-23 11:12:00,49.93,49.93,49.89,49.89,2148.0,HALO
2023-02-23 11:11:00,49.935,49.99,49.935,49.96,3305.0,HALO
2023-02-23 11:10:00,49.94,49.965,49.91,49.94,51700.0,HALO
2023-02-23 11:09:00,49.94,49.94,49.94,49.94,138.0,HALO
2023-02-23 11:08:00,49.91,50.03,49.91,49.925,57978.0,HALO
2023-02-23 11:07:00,49.97,50.0,49.89,49.92,8084.0,HALO
2023-02-23 11:06:00,50.14,50.14,50.03,50.105,4170.0,HALO
2023-02-23 11:05:00,50.13,50.15,50.115,50.14,1410.0,HALO
2023-02-23 11:04:00,50.065,50.12,50.065,50.12,4503.0,HALO
2023-02-23 11:03:00,50.065,50.065,50.065,50.065,123.0,HALO
2023-02-23 11:02:00,50.085,50.085,50.06,50.06,883.0,HALO
2023-02-23 11:01:00,50.085,50.14,50.07,50.07,6790.0,HALO
2023-02-23 11:00:00,50.08,50.1,50.08,50.085,2993.0,HALO
2023-02-23 10:59:00,50.1,50.12,50.08,50.08,1071.0,HALO
2023-02-23 10:58:00,50.14,50.14,50.12,50.12,1016.0,HALO
2023-02-23 10:57:00,50.16,50.16,50.16,50.16,371.0,HALO
2023-02-23 10:56:00,50.2,50.2,50.15,50.15,2597.0,HALO
2023-02-23 10:55:00,50.215,50.24,50.18,50.19,4422.0,HALO
2023-02-23 10:54:00,50.215,50.215,50.215,50.215,145.0,HALO
2023-02-23 10:53:00,50.16,50.215,50.16,50.215,2177.0,HALO
2023-02-23 10:51:00,50.175,50.175,50.175,50.175,124.0,HALO
2023-02-23 10:50:00,50.11,50.11,50.11,50.11,342.0,HALO
2023-02-23 10:49:00,50.21,50.21,50.15,50.17,891.0,HALO
2023-02-23 10:48:00,50.15,50.205,50.115,50.205,3985.0,HALO
2023-02-23 10:47:00,50.17,50.17,50.17,50.17,441.0,HALO
2023-02-23 10:46:00,50.29,50.29,50.225,50.225,1917.0,HALO
2023-02-23 10:45:00,50.31,50.315,50.305,50.315,813.0,HALO
2023-02-23 10:44:00,50.28,50.28,50.28,50.28,872.0,HALO
2023-02-23 10:43:00,50.28,50.3,50.28,50.3,503.0,HALO
2023-02-23 10:42:00,50.29,50.29,50.29,50.29,549.0,HALO
2023-02-23 10:41:00,50.33,50.335,50.3,50.32,1457.0,HALO
2023-02-23 10:40:00,50.37,50.37,50.37,50.37,582.0,HALO
2023-02-23 10:39:00,50.345,50.35,50.33,50.35,333.0,HALO
2023-02-23 10:38:00,50.34,50.365,50.31,50.365,2489.0,HALO
2023-02-23 10:37:00,50.445,50.45,50.3,50.3,3706.0,HALO
2023-02-23 10:36:00,50.45,50.46,50.43,50.43,3065.0,HALO
2023-02-23 10:35:00,50.455,50.495,50.45,50.47,1346.0,HALO
2023-02-23 10:34:00,50.44,50.47,50.43,50.47,840.0,HALO
2023-02-23 10:33:00,50.445,50.455,50.445,50.455,556.0,HALO
2023-02-23 10:32:00,50.45,50.45,50.43,50.44,2268.0,HALO
2023-02-23 10:31:00,50.47,50.5075,50.46,50.47,4098.0,HALO
2023-02-23 10:30:00,50.585,50.585,50.43,50.44,8874.0,HALO
2023-02-23 10:29:00,50.53,50.63,50.53,50.56,5282.0,HALO
2023-02-23 10:28:00,50.5,50.55,50.49,50.55,1310.0,HALO
2023-02-23 10:27:00,50.5,50.5,50.47,50.47,390.0,HALO
2023-02-23 10:26:00,50.5,50.5,50.5,50.5,770.0,HALO
2023-02-23 10:25:00,50.55,50.55,50.48,50.495,2549.0,HALO
2023-02-23 10:24:00,50.55,50.625,50.53,50.58,5184.0,HALO
2023-02-23 10:23:00,50.545,50.55,50.5,50.53,3475.0,HALO
2023-02-23 10:22:00,50.59,50.6,50.525,50.525,4063.0,HALO
2023-02-23 10:21:00,50.62,50.67,50.62,50.62,6466.0,HALO
2023-02-23 10:20:00,50.66,50.66,50.58,50.62,5809.0,HALO
2023-02-23 10:19:00,50.71,50.725,50.685,50.685,2830.0,HALO
2023-02-23 10:18:00,50.715,50.715,50.62,50.695,8662.0,HALO
2023-02-23 10:17:00,50.715,50.715,50.715,50.715,583.0,HALO
2023-02-23 10:15:00,50.68,50.68,50.68,50.68,301.0,HALO
2023-02-23 10:14:00,50.81,50.81,50.715,50.715,1666.0,HALO
2023-02-23 10:13:00,50.76,50.805,50.73,50.75,22082.0,HALO
2023-02-23 10:12:00,50.79,50.79,50.785,50.79,758.0,HALO
2023-02-23 10:11:00,50.785,50.79,50.785,50.79,284.0,HALO
2023-02-23 10:10:00,50.97,50.97,50.75,50.78,11733.0,HALO
2023-02-23 10:09:00,51.06,51.06,50.99,51.02,2910.0,HALO
2023-02-23 10:08:00,51.16,51.1999,51.07,51.1,2183.0,HALO
2023-02-23 10:07:00,51.03,51.16,51.03,51.16,2000.0,HALO
2023-02-23 10:06:00,51.0775,51.11,51.06,51.08,2887.0,HALO
2023-02-23 10:05:00,51.14,51.14,51.115,51.115,890.0,HALO
2023-02-23 10:03:00,51.365,51.365,51.26,51.26,1068.0,HALO
2023-02-23 10:02:00,51.405,51.405,51.36,51.36,1191.0,HALO
2023-02-23 10:01:00,51.39,51.4,51.34,51.4,4737.0,HALO
2023-02-23 10:00:00,51.28,51.39,51.28,51.39,694.0,HALO
2023-02-23 09:59:00,51.235,51.25,51.15,51.235,7979.0,HALO
2023-02-23 09:58:00,51.41,51.41,51.12,51.21,15084.0,HALO
2023-02-23 09:57:00,51.45,51.45,51.45,51.45,279.0,HALO
2023-02-23 09:55:00,51.44,51.44,51.36,51.39,2381.0,HALO
2023-02-23 09:54:00,51.4,51.425,51.4,51.425,2246.0,HALO
2023-02-23 09:53:00,51.37,51.38,51.365,51.365,882.0,HALO
2023-02-23 09:52:00,51.28,51.39,51.28,51.33,3394.0,HALO
2023-02-23 09:51:00,51.205,51.23,51.205,51.21,343.0,HALO
2023-02-23 09:50:00,51.225,51.25,51.17,51.205,4266.0,HALO
2023-02-23 09:49:00,50.95,51.18,50.93,51.18,14694.0,HALO
2023-02-23 09:48:00,50.775,50.9944,50.775,50.9944,776.0,HALO
2023-02-23 09:47:00,50.74,50.82,50.74,50.775,509.0,HALO
2023-02-23 09:46:00,50.64,50.765,50.64,50.765,2171.0,HALO
2023-02-23 09:45:00,50.54,50.63,50.54,50.63,1094.0,HALO
2023-02-23 09:44:00,50.505,50.505,50.505,50.505,112.0,HALO
2023-02-23 09:43:00,50.525,50.59,50.525,50.59,300.0,HALO
2023-02-23 09:42:00,50.445,50.55,50.445,50.55,609.0,HALO
2023-02-23 09:41:00,50.325,50.4,50.325,50.385,796.0,HALO
2023-02-23 09:40:00,50.33,50.33,50.29,50.325,1365.0,HALO
2023-02-23 09:39:00,50.34,50.34,50.34,50.34,158.0,HALO
2023-02-23 09:38:00,50.27,50.5,50.27,50.5,394.0,HALO
2023-02-23 09:37:00,50.275,50.275,50.275,50.275,114.0,HALO
2023-02-23 09:36:00,50.275,50.39,50.275,50.39,264.0,HALO
2023-02-23 09:35:00,50.28,50.28,50.28,50.28,151.0,HALO
2023-02-23 09:32:00,50.1,50.49,50.09,50.245,65523.0,HALO
2023-02-23 09:31:00,50.0,50.08,50.0,50.08,9440.0,HALO
2023-02-23 09:30:00,50.01,50.01,50.01,50.01,138.0,HALO
2023-02-22 16:58:00,50.08,50.08,50.08,50.08,1131.0,HALO
2023-02-22 16:04:00,50.08,50.08,50.08,50.08,7163.0,HALO
2023-02-22 16:03:00,50.08,50.08,50.08,50.08,297.0,HALO
2023-02-22 16:02:00,50.08,50.08,50.08,50.08,192.0,HALO
2023-02-22 16:01:00,50.08,50.08,50.08,50.08,22526.0,HALO
2023-02-22 16:00:00,49.98,50.14,49.94,50.12,38694.0,HALO
2023-02-22 15:59:00,50.0375,50.05,49.99,50.01,15047.0,HALO
2023-02-22 15:58:00,50.03,50.08,50.03,50.05,12732.0,HALO
2023-02-22 15:57:00,50.045,50.045,49.98,50.02,13049.0,HALO
2023-02-22 15:56:00,50.1,50.1,50.0,50.03,11369.0,HALO
2023-02-22 15:55:00,50.07,50.1,50.05,50.06,8283.0,HALO
2023-02-22 15:54:00,50.04,50.13,50.04,50.07,6905.0,HALO
2023-02-22 15:53:00,50.17,50.17,50.06,50.06,9057.0,HALO
2023-02-22 15:52:00,50.14,50.185,50.13,50.185,7197.0,HALO
2023-02-22 15:51:00,50.09,50.14,50.03,50.135,7457.0,HALO
2023-02-22 15:50:00,50.07,50.09,50.065,50.075,3351.0,HALO
2023-02-22 15:49:00,50.07,50.08,50.045,50.05,5016.0,HALO
2023-02-22 15:48:00,49.995,50.08,49.995,50.08,4972.0,HALO
2023-02-22 15:47:00,49.975,50.01,49.975,49.991,3926.0,HALO
2023-02-22 15:46:00,50.01,50.01,49.96,49.98,2698.0,HALO
2023-02-22 15:45:00,50.01,50.01,49.97,49.99,4071.0,HALO
2023-02-22 15:44:00,50.02,50.05,49.97,50.0155,9289.0,HALO
2023-02-22 15:43:00,50.08,50.08,50.0,50.0,2333.0,HALO
2023-02-22 15:42:00,50.04,50.1,50.04,50.06,2937.0,HALO
2023-02-22 15:41:00,50.07,50.07,50.0,50.03,3976.0,HALO
2023-02-22 15:40:00,50.03,50.09,50.03,50.075,4327.0,HALO
2023-02-22 15:39:00,50.069,50.069,50.03,50.03,1301.0,HALO
2023-02-22 15:38:00,50.08,50.08,50.055,50.055,1045.0,HALO
2023-02-22 15:37:00,50.07,50.073,50.03,50.073,2175.0,HALO
2023-02-22 15:36:00,50.15,50.15,50.07,50.085,2847.0,HALO
2023-02-22 15:35:00,50.18,50.2,50.12,50.14,4994.0,HALO
2023-02-22 15:34:00,50.27,50.27,50.19,50.2,3682.0,HALO
2023-02-22 15:33:00,50.22,50.25,50.22,50.25,1398.0,HALO
2023-02-22 15:32:00,50.19,50.24,50.17,50.17,3713.0,HALO
2023-02-22 15:31:00,50.15,50.18,50.1,50.17,2499.0,HALO
2023-02-22 15:30:00,50.15,50.17,50.125,50.14,1937.0,HALO
2023-02-22 15:29:00,50.165,50.165,50.145,50.15,1874.0,HALO
2023-02-22 15:28:00,50.21,50.21,50.14,50.18,3395.0,HALO
2023-02-22 15:27:00,50.27,50.27,50.21,50.21,2103.0,HALO
2023-02-22 15:26:00,50.265,50.31,50.25,50.31,1761.0,HALO
2023-02-22 15:25:00,50.305,50.305,50.22,50.23,2924.0,HALO
2023-02-22 15:24:00,50.27,50.35,50.26,50.31,2881.0,HALO
2023-02-22 15:23:00,50.19,50.24,50.19,50.21,3389.0,HALO
2023-02-22 15:22:00,50.25,50.25,50.16,50.185,5267.0,HALO
2023-02-22 15:21:00,50.3,50.31,50.23,50.27,3371.0,HALO
2023-02-22 15:20:00,50.3,50.305,50.295,50.305,1809.0,HALO
2023-02-22 15:19:00,50.325,50.325,50.325,50.325,936.0,HALO
2023-02-22 15:18:00,50.24,50.31,50.24,50.28,3232.0,HALO
2023-02-22 15:16:00,50.21,50.21,50.19,50.2,1333.0,HALO
2023-02-22 15:15:00,50.245,50.245,50.21,50.21,1269.0,HALO
2023-02-22 15:14:00,50.1,50.24,50.07,50.24,56115.0,HALO
2023-02-22 15:13:00,50.07,50.07,50.07,50.07,50732.0,HALO
2023-02-22 15:12:00,50.07,50.08,50.04,50.07,1889.0,HALO
2023-02-22 15:11:00,50.01,50.06,49.96,50.05,9615.0,HALO
2023-02-22 15:10:00,50.065,50.09,49.98,50.0129,3839.0,HALO
2023-02-22 15:09:00,50.09,50.09,50.0483,50.0483,672.0,HALO
2023-02-22 15:08:00,50.06,50.14,50.01,50.035,11587.0,HALO
2023-02-22 15:07:00,50.025,50.04,49.97,50.025,3242.0,HALO
2023-02-22 15:06:00,50.04,50.09,49.98,50.04,5345.0,HALO
2023-02-22 15:05:00,50.05,50.13,50.03,50.0518,5776.0,HALO
2023-02-22 15:04:00,50.05,50.05,50.01,50.02,2256.0,HALO
2023-02-22 15:03:00,49.96,50.06,49.96,50.06,1474.0,HALO
2023-02-22 15:02:00,49.94,49.98,49.94,49.98,427.0,HALO
2023-02-22 15:01:00,50.0,50.04,49.97,49.97,2709.0,HALO
2023-02-22 15:00:00,49.99,49.99,49.98,49.985,1067.0,HALO
2023-02-22 14:59:00,49.96,50.02,49.96,50.02,1302.0,HALO
2023-02-22 14:58:00,49.98,49.98,49.93,49.9377,1383.0,HALO
2023-02-22 14:57:00,50.0125,50.0125,49.89,49.96,3180.0,HALO
2023-02-22 14:56:00,50.06,50.06,49.9843,49.99,3767.0,HALO
2023-02-22 14:55:00,50.145,50.145,50.12,50.12,1272.0,HALO
2023-02-22 14:52:00,50.15,50.17,50.15,50.16,1165.0,HALO
2023-02-22 14:51:00,50.17,50.17,50.1,50.1,2205.0,HALO
2023-02-22 14:50:00,50.23,50.23,50.19,50.2109,2370.0,HALO
2023-02-22 14:49:00,50.02,50.265,50.01,50.17,22558.0,HALO
2023-02-22 14:48:00,50.03,50.04,50.0093,50.025,1590.0,HALO
2023-02-22 14:47:00,50.01,50.05,49.95,50.025,9870.0,HALO
2023-02-22 14:46:00,50.0872,50.0872,49.9873,49.9894,4240.0,HALO
2023-02-22 14:45:00,50.08,50.11,50.02,50.0652,8020.0,HALO
2023-02-22 14:44:00,50.08,50.08,50.06,50.07,1117.0,HALO
2023-02-22 14:43:00,50.09,50.09,50.06,50.07,1089.0,HALO
2023-02-22 14:41:00,50.125,50.125,50.09,50.09,1361.0,HALO
2023-02-22 14:40:00,50.05,50.13,50.05,50.125,3711.0,HALO
2023-02-22 14:39:00,50.09,50.09,50.02,50.04,2673.0,HALO
2023-02-22 14:38:00,50.09,50.1045,50.01,50.09,7186.0,HALO
2023-02-22 14:37:00,50.17,50.17,50.14,50.14,413.0,HALO
2023-02-22 14:36:00,50.24,50.24,50.17,50.175,2077.0,HALO
2023-02-22 14:35:00,50.29,50.29,50.24,50.265,2194.0,HALO
2023-02-22 14:34:00,50.38,50.38,50.34,50.35,1932.0,HALO
2023-02-22 14:33:00,50.42,50.42,50.31,50.31,2908.0,HALO
2023-02-22 14:32:00,50.38,50.41,50.38,50.41,1093.0,HALO
2023-02-22 14:31:00,50.35,50.39,50.31,50.31,3915.0,HALO
2023-02-22 14:30:00,50.47,50.47,50.37,50.39,2892.0,HALO
2023-02-22 14:29:00,50.425,50.47,50.42,50.47,1576.0,HALO
2023-02-22 14:28:00,50.4,50.42,50.4,50.42,347.0,HALO
2023-02-22 14:27:00,50.34,50.42,50.31,50.36,6480.0,HALO
2023-02-22 14:26:00,50.3624,50.3624,50.2611,50.305,9898.0,HALO
2023-02-22 14:25:00,50.37,50.38,50.33,50.345,4297.0,HALO
2023-02-22 14:23:00,50.4306,50.435,50.34,50.41,6174.0,HALO
2023-02-22 14:22:00,50.4412,50.4412,50.4296,50.4296,2658.0,HALO
2023-02-22 14:21:00,50.39,50.45,50.38,50.41,2346.0,HALO
2023-02-22 14:20:00,50.25,50.34,50.25,50.33,3061.0,HALO
2023-02-22 14:19:00,50.29,50.33,50.28,50.295,3990.0,HALO
2023-02-22 14:18:00,50.145,50.33,50.145,50.29,9578.0,HALO
2023-02-22 14:17:00,50.0758,50.15,50.0754,50.135,3311.0,HALO
2023-02-22 14:16:00,50.2,50.2,50.1,50.1,3034.0,HALO
2023-02-22 14:15:00,50.22,50.24,50.2,50.2,1034.0,HALO
2023-02-22 14:14:00,50.12,50.15,50.06,50.15,3662.0,HALO
2023-02-22 14:13:00,50.12,50.12,49.98,50.09,13718.0,HALO
2023-02-22 14:12:00,50.23,50.2425,50.09,50.09,2038.0,HALO
2023-02-22 14:11:00,50.41,50.415,50.29,50.3,3503.0,HALO
2023-02-22 14:10:00,50.25,50.46,50.25,50.4,24273.0,HALO
2023-02-22 14:09:00,50.34,50.34,50.25,50.2993,6161.0,HALO
2023-02-22 14:08:00,50.43,50.43,50.36,50.36,2422.0,HALO
2023-02-22 14:07:00,50.385,50.45,50.385,50.45,2127.0,HALO
2023-02-22 14:06:00,50.36,50.385,50.36,50.385,1191.0,HALO
2023-02-22 14:05:00,50.355,50.41,50.35,50.37,2645.0,HALO
2023-02-22 14:04:00,50.31,50.38,50.31,50.36,3640.0,HALO
2023-02-22 14:03:00,50.345,50.345,50.2867,50.31,2061.0,HALO
2023-02-22 14:02:00,50.365,50.47,50.26,50.3525,18926.0,HALO
2023-02-22 14:01:00,50.31,50.44,50.31,50.375,4282.0,HALO
2023-02-22 14:00:00,50.29,50.32,50.29,50.32,549.0,HALO
2023-02-22 13:59:00,50.32,50.32,50.3,50.3,1018.0,HALO
2023-02-22 13:58:00,50.33,50.33,50.295,50.32,2151.0,HALO
2023-02-22 13:57:00,50.37,50.37,50.37,50.37,232.0,HALO
2023-02-22 13:56:00,50.35,50.35,50.35,50.35,395.0,HALO
2023-02-22 13:54:00,50.41,50.46,50.395,50.395,3195.0,HALO
2023-02-22 13:52:00,50.42,50.42,50.385,50.385,455.0,HALO
2023-02-22 13:51:00,50.465,50.48,50.42,50.42,4386.0,HALO
2023-02-22 13:50:00,50.445,50.4601,50.445,50.4601,2128.0,HALO
2023-02-22 13:49:00,50.49,50.49,50.44,50.445,4629.0,HALO
2023-02-22 13:48:00,50.41,50.51,50.3901,50.49,14530.0,HALO
2023-02-22 13:47:00,50.45,50.47,50.4,50.42,4542.0,HALO
2023-02-22 13:46:00,50.595,50.595,50.49,50.49,1833.0,HALO
2023-02-22 13:45:00,50.63,50.64,50.57,50.6,2013.0,HALO
2023-02-22 13:44:00,50.67,50.67,50.67,50.67,501.0,HALO
2023-02-22 13:43:00,50.845,50.85,50.67,50.67,3073.0,HALO
2023-02-22 13:42:00,50.88,50.88,50.83,50.83,1738.0,HALO
2023-02-22 13:41:00,50.92,50.92,50.88,50.88,2432.0,HALO
2023-02-22 13:40:00,50.91,50.91,50.89,50.91,577.0,HALO
2023-02-22 13:39:00,50.88,50.89,50.87,50.89,972.0,HALO
2023-02-22 13:38:00,50.91,50.91,50.91,50.91,727.0,HALO
2023-02-22 13:37:00,50.88,50.95,50.865,50.925,3891.0,HALO
2023-02-22 13:36:00,50.89,50.895,50.89,50.895,454.0,HALO
2023-02-22 13:35:00,50.855,50.855,50.855,50.855,835.0,HALO
2023-02-22 13:34:00,50.76,50.86,50.76,50.86,3093.0,HALO
2023-02-22 13:33:00,50.795,50.795,50.75,50.78,766.0,HALO
2023-02-22 13:32:00,50.8,50.81,50.74,50.79,2909.0,HALO
2023-02-22 13:31:00,50.825,50.84,50.825,50.84,1000.0,HALO
2023-02-22 13:30:00,50.8499,50.8499,50.8499,50.8499,615.0,HALO
2023-02-22 13:28:00,50.82,50.83,50.82,50.83,1037.0,HALO
2023-02-22 13:26:00,50.79,50.81,50.79,50.79,2185.0,HALO
2023-02-22 13:25:00,50.76,50.79,50.76,50.78,1672.0,HALO
2023-02-22 13:24:00,50.71,50.73,50.71,50.73,1000.0,HALO
2023-02-22 13:21:00,50.715,50.75,50.67,50.69,5279.0,HALO
2023-02-22 13:20:00,50.74,50.74,50.69,50.69,456.0,HALO
2023-02-22 13:19:00,50.71,50.71,50.71,50.71,616.0,HALO
2023-02-22 13:16:00,50.67,50.68,50.67,50.67,1305.0,HALO
2023-02-22 13:15:00,50.66,50.69,50.66,50.69,894.0,HALO
2023-02-22 13:14:00,50.66,50.66,50.66,50.66,163.0,HALO
2023-02-22 13:13:00,50.6667,50.6667,50.63,50.65,1923.0,HALO
2023-02-22 13:11:00,50.605,50.68,50.605,50.68,773.0,HALO
2023-02-22 13:10:00,50.64,50.64,50.59,50.61,2679.0,HALO
2023-02-22 13:09:00,50.59,50.59,50.59,50.59,752.0,HALO
2023-02-22 13:08:00,50.57,50.57,50.57,50.57,110.0,HALO
2023-02-22 13:07:00,50.54,50.57,50.52,50.57,645.0,HALO
2023-02-22 13:06:00,50.48,50.52,50.48,50.5,1763.0,HALO
2023-02-22 13:04:00,50.43,50.49,50.42,50.45,7420.0,HALO
2023-02-22 13:03:00,50.395,50.395,50.395,50.395,106.0,HALO
2023-02-22 13:01:00,50.39,50.39,50.37,50.37,539.0,HALO
2023-02-22 13:00:00,50.43,50.43,50.4,50.4,1112.0,HALO
2023-02-22 12:59:00,50.37,50.39,50.37,50.39,1594.0,HALO
2023-02-22 12:57:00,50.345,50.345,50.345,50.345,238.0,HALO
2023-02-22 12:56:00,50.43,50.43,50.39,50.39,1243.0,HALO
2023-02-22 12:55:00,50.44,50.45,50.44,50.45,742.0,HALO
2023-02-22 12:54:00,50.37,50.45,50.37,50.45,2493.0,HALO
2023-02-22 12:53:00,50.33,50.3496,50.33,50.3496,903.0,HALO
2023-02-22 12:52:00,50.34,50.365,50.33,50.365,547.0,HALO
2023-02-22 12:51:00,50.36,50.36,50.32,50.355,2739.0,HALO
2023-02-22 12:50:00,50.37,50.39,50.37,50.39,977.0,HALO
2023-02-22 12:49:00,50.42,50.42,50.38,50.41,1340.0,HALO
2023-02-22 12:48:00,50.48,50.56,50.42,50.51,5981.0,HALO
2023-02-22 12:47:00,50.43,50.45,50.43,50.45,201.0,HALO
2023-02-22 12:46:00,50.45,50.45,50.45,50.45,127.0,HALO
2023-02-22 12:44:00,50.417,50.47,50.417,50.445,1545.0,HALO
2023-02-22 12:43:00,50.385,50.43,50.3601,50.43,1032.0,HALO
2023-02-22 12:42:00,50.33,50.39,50.33,50.39,1558.0,HALO
2023-02-22 12:41:00,50.305,50.305,50.305,50.305,892.0,HALO
2023-02-22 12:40:00,50.28,50.28,50.275,50.275,802.0,HALO
2023-02-22 12:39:00,50.32,50.35,50.29,50.29,1264.0,HALO
2023-02-22 12:38:00,50.32,50.39,50.32,50.37,1986.0,HALO
2023-02-22 12:37:00,50.34,50.34,50.23,50.29,4669.0,HALO
2023-02-22 12:36:00,50.44,50.44,50.3,50.3,1993.0,HALO
2023-02-22 12:35:00,50.54,50.54,50.5,50.5,625.0,HALO
2023-02-22 12:33:00,50.52,50.57,50.51,50.57,2535.0,HALO
2023-02-22 12:32:00,50.555,50.555,50.52,50.52,544.0,HALO
2023-02-22 12:31:00,50.71,50.71,50.61,50.61,3346.0,HALO
2023-02-22 12:30:00,50.71,50.71,50.71,50.71,377.0,HALO
2023-02-22 12:29:00,50.68,50.705,50.68,50.705,551.0,HALO
2023-02-22 12:28:00,50.72,50.72,50.72,50.72,383.0,HALO
2023-02-22 12:27:00,50.6501,50.73,50.6501,50.73,783.0,HALO
2023-02-22 12:26:00,50.7,50.7,50.68,50.68,419.0,HALO
2023-02-22 12:25:00,50.65,50.665,50.65,50.665,2007.0,HALO
2023-02-22 12:24:00,50.68,50.68,50.68,50.68,376.0,HALO
2023-02-22 12:23:00,50.75,50.75,50.68,50.68,2047.0,HALO
2023-02-22 12:22:00,50.725,50.725,50.725,50.725,255.0,HALO
2023-02-22 12:21:00,50.805,50.805,50.77,50.77,1393.0,HALO
2023-02-22 12:19:00,50.79,50.79,50.79,50.79,298.0,HALO
2023-02-22 12:17:00,50.665,50.79,50.665,50.79,2635.0,HALO
2023-02-22 12:16:00,50.69,50.69,50.65,50.65,400.0,HALO
2023-02-22 12:15:00,50.72,50.72,50.6,50.68,4242.0,HALO
2023-02-22 12:14:00,50.7,50.7,50.7,50.7,418.0,HALO
2023-02-22 12:13:00,50.665,50.75,50.665,50.69,2021.0,HALO
2023-02-22 12:12:00,50.675,50.71,50.62,50.655,2484.0,HALO
2023-02-22 12:11:00,50.68,50.71,50.68,50.7,317.0,HALO
2023-02-22 12:10:00,50.65,50.69,50.63,50.66,2259.0,HALO
2023-02-22 12:09:00,50.61,50.65,50.585,50.585,1528.0,HALO
2023-02-22 12:08:00,50.445,50.54,50.445,50.54,1275.0,HALO
2023-02-22 12:07:00,50.4499,50.4499,50.43,50.43,1169.0,HALO
2023-02-22 12:06:00,50.39,50.42,50.39,50.42,832.0,HALO
2023-02-22 12:05:00,50.38,50.38,50.38,50.38,310.0,HALO
2023-02-22 12:04:00,50.29,50.35,50.29,50.35,1513.0,HALO
2023-02-22 12:03:00,50.32,50.33,50.2,50.22,3916.0,HALO
2023-02-22 12:02:00,50.315,50.315,50.255,50.3,2584.0,HALO
2023-02-22 12:01:00,50.31,50.31,50.31,50.31,208.0,HALO
2023-02-22 12:00:00,50.49,50.49,50.38,50.3925,2036.0,HALO
2023-02-22 11:59:00,50.57,50.58,50.5,50.5,1695.0,HALO
2023-02-22 11:57:00,50.65,50.65,50.64,50.64,692.0,HALO
2023-02-22 11:56:00,50.75,50.75,50.58,50.61,1604.0,HALO
2023-02-22 11:55:00,50.71,50.71,50.71,50.71,351.0,HALO
2023-02-22 11:54:00,50.77,50.77,50.685,50.705,1449.0,HALO
2023-02-22 11:53:00,50.72,50.78,50.72,50.78,1136.0,HALO
2023-02-22 11:52:00,50.68,50.74,50.68,50.74,561.0,HALO
2023-02-22 11:51:00,50.695,50.72,50.69,50.705,2200.0,HALO
2023-02-22 11:50:00,50.75,50.75,50.71,50.71,2404.0,HALO
2023-02-22 11:49:00,50.61,50.69,50.58,50.69,1681.0,HALO
2023-02-22 11:48:00,50.59,50.65,50.555,50.555,3255.0,HALO
2023-02-22 11:47:00,50.37,50.58,50.37,50.58,39775.0,HALO
2023-02-22 11:45:00,50.2976,50.34,50.25,50.34,4053.0,HALO
2023-02-22 11:44:00,50.23,50.3,50.22,50.26,2650.0,HALO
2023-02-22 11:43:00,50.3,50.3,50.25,50.25,1355.0,HALO
2023-02-22 11:42:00,50.3,50.35,50.285,50.35,719.0,HALO
2023-02-22 11:41:00,50.18,50.2583,50.18,50.2583,951.0,HALO
2023-02-22 11:39:00,50.27,50.29,50.23,50.27,1944.0,HALO
2023-02-22 11:38:00,50.26,50.31,50.25,50.25,1152.0,HALO
2023-02-22 11:36:00,50.27,50.38,50.215,50.215,4837.0,HALO
2023-02-22 11:35:00,50.42,50.42,50.2,50.205,2105.0,HALO
2023-02-22 11:34:00,50.53,50.57,50.36,50.45,6273.0,HALO
2023-02-22 11:33:00,50.73,50.73,50.58,50.58,1395.0,HALO
2023-02-22 11:30:00,50.85,50.9,50.835,50.835,969.0,HALO
2023-02-22 11:29:00,50.93,50.93,50.85,50.86,2172.0,HALO
2023-02-22 11:28:00,50.93,50.93,50.93,50.93,344.0,HALO
2023-02-22 11:27:00,51.03,51.03,50.97,50.97,1413.0,HALO
2023-02-22 11:26:00,51.12,51.12,51.12,51.12,1303.0,HALO
2023-02-22 11:25:00,51.13,51.13,51.12,51.12,338.0,HALO
2023-02-22 11:24:00,51.08,51.08,51.08,51.08,234.0,HALO
2023-02-22 11:23:00,51.05,51.05,51.05,51.05,766.0,HALO
2023-02-22 11:22:00,51.0,51.01,50.995,51.01,444.0,HALO
2023-02-22 11:21:00,51.06,51.07,50.9575,50.995,6617.0,HALO
2023-02-22 11:20:00,50.99,51.05,50.99,51.05,1541.0,HALO
2023-02-22 11:19:00,50.905,50.94,50.905,50.92,357.0,HALO
2023-02-22 11:18:00,50.85,50.94,50.81,50.91,6116.0,HALO
2023-02-22 11:17:00,50.82,50.84,50.82,50.84,223.0,HALO
2023-02-22 11:16:00,50.74,50.85,50.74,50.82,5011.0,HALO
2023-02-22 11:15:00,50.69,50.7,50.69,50.695,877.0,HALO
2023-02-22 11:14:00,50.595,50.73,50.595,50.73,1415.0,HALO
2023-02-22 11:13:00,50.5313,50.5313,50.5313,50.5313,1327.0,HALO
2023-02-22 11:12:00,50.545,50.75,50.53,50.605,3941.0,HALO
2023-02-22 11:11:00,50.565,50.565,50.54,50.54,381.0,HALO
2023-02-22 11:10:00,50.63,50.663,50.48,50.56,6015.0,HALO
2023-02-22 11:09:00,50.665,50.76,50.665,50.69,2118.0,HALO
2023-02-22 11:08:00,50.6,50.68,50.6,50.6,1426.0,HALO
2023-02-22 11:07:00,50.53,50.53,50.53,50.53,138.0,HALO
2023-02-22 11:05:00,50.615,50.73,50.595,50.625,2968.0,HALO
2023-02-22 11:04:00,50.64,50.64,50.61,50.61,568.0,HALO
2023-02-22 11:03:00,50.73,50.73,50.64,50.64,838.0,HALO
2023-02-22 11:02:00,50.82,50.83,50.71,50.75,1218.0,HALO
2023-02-22 11:01:00,50.97,50.97,50.9,50.9382,1291.0,HALO
2023-02-22 11:00:00,51.12,51.12,51.01,51.0125,3221.0,HALO
2023-02-22 10:59:00,50.98,51.12,50.98,51.12,2711.0,HALO
2023-02-22 10:58:00,50.95,50.95,50.95,50.95,484.0,HALO
2023-02-22 10:57:00,50.83,50.94,50.8,50.89,2258.0,HALO
2023-02-22 10:56:00,50.7901,50.88,50.7901,50.88,259.0,HALO
2023-02-22 10:55:00,50.6,50.855,50.58,50.855,4365.0,HALO
2023-02-22 10:54:00,50.56,50.56,50.5201,50.5201,761.0,HALO
2023-02-22 10:52:00,50.31,50.56,50.31,50.5552,4424.0,HALO
2023-02-22 10:51:00,50.21,50.21,50.21,50.21,484.0,HALO
2023-02-22 10:50:00,50.36,50.37,50.2,50.2,2059.0,HALO
2023-02-22 10:49:00,50.425,50.425,50.425,50.425,509.0,HALO
2023-02-22 10:48:00,50.46,50.46,50.46,50.46,477.0,HALO
2023-02-22 10:47:00,50.77,50.77,50.54,50.54,2391.0,HALO
2023-02-22 10:46:00,50.78,50.79,50.78,50.79,595.0,HALO
2023-02-22 10:45:00,50.86,50.86,50.8,50.8,957.0,HALO
2023-02-22 10:44:00,50.72,50.74,50.72,50.74,839.0,HALO
2023-02-22 10:43:00,50.725,50.79,50.715,50.79,1084.0,HALO
2023-02-22 10:42:00,50.6,50.72,50.6,50.72,1718.0,HALO
2023-02-22 10:41:00,50.51,50.51,50.51,50.51,443.0,HALO
2023-02-22 10:40:00,50.71,50.71,50.525,50.525,1897.0,HALO
2023-02-22 10:39:00,50.75,50.8,50.67,50.8,6431.0,HALO
2023-02-22 10:38:00,50.75,50.75,50.75,50.75,168.0,HALO
2023-02-22 10:37:00,50.665,50.7971,50.6594,50.7971,804.0,HALO
2023-02-22 10:36:00,50.51,50.6,50.51,50.6,1270.0,HALO
2023-02-22 10:35:00,50.1,50.395,50.1,50.365,6705.0,HALO
2023-02-22 10:34:00,50.275,50.275,50.17,50.235,2994.0,HALO
2023-02-22 10:33:00,50.705,50.705,50.5,50.5,1477.0,HALO
2023-02-22 10:31:00,50.69,50.8,50.69,50.78,4513.0,HALO
2023-02-22 10:30:00,50.69,50.76,50.69,50.75,1846.0,HALO
2023-02-22 10:29:00,50.63,50.63,50.63,50.63,284.0,HALO
2023-02-22 10:27:00,50.87,50.87,50.86,50.86,651.0,HALO
2023-02-22 10:26:00,50.97,50.97,50.97,50.97,111.0,HALO
2023-02-22 10:25:00,50.8738,50.97,50.7,50.95,7463.0,HALO
2023-02-22 10:24:00,51.12,51.12,50.89,50.89,7067.0,HALO
2023-02-22 10:23:00,51.22,51.22,51.16,51.16,1260.0,HALO
2023-02-22 10:22:00,51.16,51.16,51.16,51.16,808.0,HALO
2023-02-22 10:21:00,51.155,51.155,51.155,51.155,473.0,HALO
2023-02-22 10:20:00,51.1537,51.1537,51.1537,51.1537,262.0,HALO
2023-02-22 10:19:00,51.27,51.27,51.11,51.15,3579.0,HALO
2023-02-22 10:18:00,51.14,51.28,51.12,51.21,5718.0,HALO
2023-02-22 10:16:00,51.09,51.09,51.09,51.09,1032.0,HALO
2023-02-22 10:15:00,51.07,51.12,51.05,51.09,5062.0,HALO
2023-02-22 10:14:00,51.05,51.16,51.05,51.07,4068.0,HALO
2023-02-22 10:13:00,51.09,51.1,51.05,51.05,1282.0,HALO
2023-02-22 10:12:00,51.0,51.1,51.0,51.08,1250.0,HALO
2023-02-22 10:11:00,51.0,51.0,51.0,51.0,265.0,HALO
2023-02-22 10:10:00,50.91,51.05,50.91,51.05,1407.0,HALO
2023-02-22 10:09:00,51.02,51.02,50.82,50.955,3721.0,HALO
2023-02-22 10:08:00,50.98,51.19,50.975,51.01,5576.0,HALO
2023-02-22 10:07:00,50.895,50.9,50.82,50.82,1858.0,HALO
2023-02-22 10:06:00,51.07,51.07,50.91,50.92,2468.0,HALO
2023-02-22 10:05:00,51.19,51.19,50.97,51.07,9976.0,HALO
2023-02-22 10:04:00,51.27,51.27,51.27,51.27,112.0,HALO
2023-02-22 10:03:00,50.93,51.39,50.93,51.39,6194.0,HALO
2023-02-22 10:02:00,50.9271,50.97,50.84,50.97,1066.0,HALO
2023-02-22 10:01:00,51.065,51.065,50.91,50.925,1357.0,HALO
2023-02-22 10:00:00,51.07,51.07,50.94,50.94,2595.0,HALO
2023-02-22 09:59:00,50.98,51.13,50.95,51.02,5754.0,HALO
2023-02-22 09:58:00,51.035,51.05,50.74,51.04,4833.0,HALO
2023-02-22 09:57:00,51.07,51.1097,51.07,51.1097,2037.0,HALO
2023-02-22 09:56:00,50.94,51.0,50.91,51.0,1430.0,HALO
2023-02-22 09:55:00,50.6832,50.76,50.6832,50.76,1672.0,HALO
2023-02-22 09:54:00,50.57,50.7,50.465,50.64,7703.0,HALO
2023-02-22 09:53:00,50.55,50.65,50.55,50.65,1462.0,HALO
2023-02-22 09:52:00,50.47,50.4835,50.465,50.4835,758.0,HALO
2023-02-22 09:51:00,50.675,50.896,50.44,50.62,10095.0,HALO
2023-02-22 09:50:00,50.55,50.73,50.55,50.73,1683.0,HALO
2023-02-22 09:49:00,50.48,50.66,50.41,50.62,2348.0,HALO
2023-02-22 09:48:00,50.175,50.385,50.175,50.385,2663.0,HALO
2023-02-22 09:47:00,50.078,50.08,50.06,50.08,1101.0,HALO
2023-02-22 09:46:00,49.95,50.33,49.85,50.2,4998.0,HALO
2023-02-22 09:45:00,50.33,50.33,49.91,49.91,4009.0,HALO
2023-02-22 09:44:00,50.505,50.505,50.505,50.505,564.0,HALO
2023-02-22 09:43:00,49.94,50.55,49.94,50.455,4360.0,HALO
2023-02-22 09:42:00,50.07,50.14,49.88,49.89,4071.0,HALO
2023-02-22 09:41:00,49.965,49.965,49.965,49.965,411.0,HALO
2023-02-22 09:40:00,49.6261,50.055,49.6261,50.055,1371.0,HALO
2023-02-22 09:39:00,49.76,49.76,49.76,49.76,793.0,HALO
2023-02-22 09:38:00,49.33,49.74,49.33,49.7,2995.0,HALO
2023-02-22 09:37:00,49.01,49.45,48.99,49.415,3668.0,HALO
2023-02-22 09:36:00,49.02,49.21,48.71,48.72,5420.0,HALO
2023-02-22 09:35:00,50.15,50.15,49.01,49.02,6965.0,HALO
2023-02-22 09:34:00,49.115,50.25,48.99,50.25,5890.0,HALO
2023-02-22 09:33:00,49.115,49.24,49.115,49.24,349.0,HALO
2023-02-22 09:32:00,48.4122,49.21,48.4122,49.115,8519.0,HALO
2023-02-22 09:31:00,49.0,49.0,48.21,48.22,22370.0,HALO
2023-02-21 19:46:00,48.0,48.0,48.0,48.0,123.0,HALO
2023-02-21 17:24:00,48.075,48.075,48.0,48.0,249.0,HALO
2023-02-21 17:17:00,49.66,49.66,49.66,49.66,4117.0,HALO
2023-02-21 16:21:00,49.66,49.66,49.66,49.66,546.0,HALO
2023-02-21 16:02:00,49.66,49.66,49.66,49.66,7844.0,HALO
2023-02-21 16:01:00,49.66,49.66,49.66,49.66,23667.0,HALO
2023-02-21 16:00:00,49.69,49.73,49.64,49.66,39567.0,HALO
2023-02-21 15:59:00,49.67,49.69,49.67,49.685,20005.0,HALO
2023-02-21 15:58:00,49.74,49.74,49.68,49.68,21717.0,HALO
2023-02-21 15:57:00,49.745,49.75,49.73,49.74,7247.0,HALO
2023-02-21 15:56:00,49.715,49.75,49.69,49.75,10719.0,HALO
2023-02-21 15:55:00,49.775,49.799,49.7,49.72,15665.0,HALO
2023-02-21 15:54:00,49.77,49.78,49.76,49.77,5542.0,HALO
2023-02-21 15:53:00,49.76,49.78,49.75,49.77,5813.0,HALO
2023-02-21 15:52:00,49.8,49.829,49.755,49.77,8990.0,HALO
2023-02-21 15:51:00,49.84,49.84,49.75,49.785,4890.0,HALO
2023-02-21 15:50:00,49.87,49.87,49.839,49.839,6996.0,HALO
2023-02-21 15:49:00,49.88,49.89,49.86,49.88,5499.0,HALO
2023-02-21 15:48:00,49.87,49.88,49.87,49.87,1203.0,HALO
2023-02-21 15:47:00,49.87,49.88,49.87,49.88,1316.0,HALO
2023-02-21 15:46:00,49.89,49.909,49.86,49.87,8097.0,HALO
2023-02-21 15:45:00,49.88,49.9,49.87,49.885,3783.0,HALO
2023-02-21 15:44:00,49.919,49.919,49.89,49.895,4413.0,HALO
2023-02-21 15:43:00,49.885,49.92,49.885,49.92,1976.0,HALO
2023-02-21 15:42:00,49.885,49.9,49.87,49.9,1724.0,HALO
2023-02-21 15:41:00,49.875,49.885,49.85,49.885,6732.0,HALO
2023-02-21 15:40:00,49.89,49.89,49.86,49.875,1242.0,HALO
2023-02-21 15:39:00,49.9,49.9,49.86,49.86,1893.0,HALO
2023-02-21 15:38:00,49.905,49.91,49.895,49.9,3375.0,HALO
2023-02-21 15:37:00,49.95,49.95,49.9,49.91,2370.0,HALO
2023-02-21 15:36:00,49.99,49.99,49.96,49.96,4290.0,HALO
2023-02-21 15:35:00,49.98,49.989,49.965,49.989,3576.0,HALO
2023-02-21 15:34:00,49.93,49.98,49.915,49.965,8962.0,HALO
2023-02-21 15:33:00,49.93,49.93,49.9,49.915,3495.0,HALO
2023-02-21 15:32:00,49.93,49.93,49.91,49.91,1868.0,HALO
2023-02-21 15:31:00,49.89,49.93,49.89,49.91,4448.0,HALO
2023-02-21 15:30:00,49.92,49.92,49.88,49.89,2989.0,HALO
2023-02-21 15:29:00,49.88,49.915,49.88,49.915,2275.0,HALO
2023-02-21 15:28:00,49.88,49.88,49.835,49.87,4757.0,HALO
2023-02-21 15:27:00,49.89,49.896,49.86,49.896,2164.0,HALO
2023-02-21 15:26:00,49.97,49.99,49.92,49.92,4800.0,HALO
2023-02-21 15:25:00,49.97,49.97,49.955,49.965,2791.0,HALO
2023-02-21 15:24:00,49.88,49.96,49.88,49.96,2583.0,HALO
2023-02-21 15:23:00,49.9,49.9,49.87,49.87,2395.0,HALO
2023-02-21 15:22:00,49.849,49.9,49.849,49.895,3161.0,HALO
2023-02-21 15:21:00,49.86,49.87,49.845,49.845,2603.0,HALO
2023-02-21 15:20:00,49.81,49.87,49.81,49.87,2894.0,HALO
2023-02-21 15:19:00,49.88,49.89,49.83,49.83,7996.0,HALO
2023-02-21 15:18:00,49.86,49.86,49.86,49.86,652.0,HALO
2023-02-21 15:17:00,49.88,49.9,49.84,49.86,2276.0,HALO
2023-02-21 15:16:00,49.94,49.945,49.88,49.9,5036.0,HALO
2023-02-21 15:15:00,49.94,49.95,49.94,49.95,1190.0,HALO
2023-02-21 15:14:00,49.93,49.959,49.93,49.95,1949.0,HALO
2023-02-21 15:13:00,49.9,49.935,49.9,49.92,6211.0,HALO
2023-02-21 15:12:00,49.89,49.89,49.89,49.89,125.0,HALO
2023-02-21 15:11:00,49.92,49.92,49.92,49.92,218.0,HALO
2023-02-21 15:09:00,49.93,49.93,49.895,49.905,3541.0,HALO
2023-02-21 15:08:00,49.93,49.93,49.93,49.93,337.0,HALO
2023-02-21 15:07:00,49.94,49.95,49.93,49.94,3669.0,HALO
2023-02-21 15:06:00,49.935,49.94,49.935,49.94,319.0,HALO
2023-02-21 15:05:00,49.9,49.935,49.9,49.935,2562.0,HALO
2023-02-21 15:04:00,49.88,49.88,49.85,49.88,3385.0,HALO
2023-02-21 15:03:00,49.93,49.93,49.88,49.895,3165.0,HALO
2023-02-21 15:02:00,50.0,50.0,49.94,49.94,3146.0,HALO
2023-02-21 15:01:00,49.98,50.02,49.98,50.02,1539.0,HALO
2023-02-21 15:00:00,49.985,50.0,49.98,49.99,1370.0,HALO
2023-02-21 14:59:00,49.97,50.0,49.97,49.99,3089.0,HALO
2023-02-21 14:58:00,50.01,50.02,49.98,49.985,6278.0,HALO
2023-02-21 14:57:00,50.0,50.02,50.0,50.02,1593.0,HALO
2023-02-21 14:56:00,50.0,50.03,49.995,50.01,3547.0,HALO
2023-02-21 14:55:00,49.97,49.99,49.97,49.985,1726.0,HALO
2023-02-21 14:53:00,49.94,49.96,49.94,49.96,768.0,HALO
2023-02-21 14:52:00,49.956,49.956,49.94,49.94,465.0,HALO
2023-02-21 14:51:00,49.97,49.98,49.95,49.956,3267.0,HALO
2023-02-21 14:50:00,49.95,49.97,49.95,49.97,1268.0,HALO
2023-02-21 14:49:00,49.94,49.947,49.93,49.947,2107.0,HALO
2023-02-21 14:48:00,49.945,49.97,49.945,49.955,2400.0,HALO
2023-02-21 14:47:00,49.93,49.957,49.93,49.957,1694.0,HALO
2023-02-21 14:46:00,49.925,49.93,49.925,49.93,677.0,HALO
2023-02-21 14:45:00,49.89,49.92,49.89,49.915,1242.0,HALO
2023-02-21 14:44:00,49.865,49.88,49.865,49.875,980.0,HALO
2023-02-21 14:43:00,49.8355,49.87,49.825,49.87,3100.0,HALO
2023-02-21 14:42:00,49.8619,49.8619,49.8,49.83,3528.0,HALO
2023-02-21 14:41:00,49.9,49.9,49.86,49.86,2383.0,HALO
2023-02-21 14:40:00,49.91,49.93,49.888,49.9,3833.0,HALO
2023-02-21 14:39:00,49.94,49.94,49.94,49.94,168.0,HALO
2023-02-21 14:38:00,49.93,49.94,49.93,49.93,607.0,HALO
2023-02-21 14:37:00,49.97,49.985,49.92,49.93,2554.0,HALO
2023-02-21 14:36:00,49.98,50.02,49.98,49.985,5010.0,HALO
2023-02-21 14:35:00,49.96,49.98,49.96,49.98,892.0,HALO
2023-02-21 14:34:00,49.956,49.96,49.94,49.96,1042.0,HALO
2023-02-21 14:33:00,49.956,49.96,49.94,49.94,1766.0,HALO
2023-02-21 14:32:00,49.89,49.956,49.875,49.956,2752.0,HALO
2023-02-21 14:30:00,49.86,49.88,49.855,49.88,643.0,HALO
2023-02-21 14:29:00,49.86,49.89,49.855,49.855,3560.0,HALO
2023-02-21 14:28:00,49.8,49.85,49.795,49.85,1704.0,HALO
2023-02-21 14:27:00,49.77,49.8,49.77,49.8,726.0,HALO
2023-02-21 14:25:00,49.77,49.79,49.76,49.76,1403.0,HALO
2023-02-21 14:24:00,49.78,49.785,49.77,49.77,1945.0,HALO
2023-02-21 14:23:00,49.76,49.76,49.76,49.76,935.0,HALO
2023-02-21 14:22:00,49.725,49.77,49.71,49.7597,4927.0,HALO
2023-02-21 14:21:00,49.77,49.77,49.73,49.73,2113.0,HALO
2023-02-21 14:20:00,49.765,49.78,49.7633,49.77,3308.0,HALO
2023-02-21 14:19:00,49.765,49.765,49.765,49.765,175.0,HALO
2023-02-21 14:18:00,49.77,49.77,49.77,49.77,922.0,HALO
2023-02-21 14:16:00,49.79,49.79,49.75,49.75,1638.0,HALO
2023-02-21 14:15:00,49.79,49.79,49.785,49.79,1103.0,HALO
2023-02-21 14:13:00,49.81,49.81,49.795,49.795,1954.0,HALO
2023-02-21 14:12:00,49.85,49.85,49.82,49.83,1807.0,HALO
2023-02-21 14:11:00,49.885,49.885,49.86,49.86,1230.0,HALO
2023-02-21 14:10:00,49.84,49.89,49.835,49.885,3417.0,HALO
2023-02-21 14:09:00,49.82,49.84,49.82,49.84,1150.0,HALO
2023-02-21 14:08:00,49.845,49.845,49.83,49.84,2040.0,HALO
2023-02-21 14:07:00,49.87,49.87,49.83,49.84,1418.0,HALO
2023-02-21 14:06:00,49.87,49.87,49.865,49.865,861.0,HALO
2023-02-21 14:05:00,49.855,49.87,49.855,49.87,536.0,HALO
2023-02-21 14:04:00,49.86,49.86,49.855,49.855,794.0,HALO
2023-02-21 14:03:00,49.88,49.88,49.84,49.845,2003.0,HALO
2023-02-21 14:01:00,49.9,49.9,49.9,49.9,761.0,HALO
2023-02-21 14:00:00,49.9,49.92,49.9,49.92,534.0,HALO
2023-02-21 13:59:00,49.91,49.91,49.89,49.89,846.0,HALO
2023-02-21 13:58:00,49.91,49.92,49.9,49.92,1931.0,HALO
2023-02-21 13:57:00,49.88,49.89,49.855,49.89,1916.0,HALO
2023-02-21 13:56:00,49.9,49.9,49.885,49.885,779.0,HALO
2023-02-21 13:54:00,49.83,49.88,49.83,49.88,3952.0,HALO
2023-02-21 13:53:00,49.83,49.83,49.83,49.83,229.0,HALO
2023-02-21 13:51:00,49.81,49.82,49.805,49.82,2161.0,HALO
2023-02-21 13:49:00,49.83,49.84,49.82,49.82,1065.0,HALO
2023-02-21 13:48:00,49.89,49.89,49.84,49.84,1146.0,HALO
2023-02-21 13:47:00,49.81,49.87,49.795,49.87,3148.0,HALO
2023-02-21 13:46:00,49.78,49.78,49.78,49.78,341.0,HALO
2023-02-21 13:45:00,49.77,49.795,49.77,49.79,492.0,HALO
2023-02-21 13:44:00,49.83,49.83,49.8,49.8,2668.0,HALO
2023-02-21 13:43:00,49.86,49.86,49.86,49.86,575.0,HALO
2023-02-21 13:42:00,49.845,49.845,49.845,49.845,303.0,HALO
2023-02-21 13:41:00,49.84,49.86,49.84,49.86,985.0,HALO
2023-02-21 13:40:00,49.845,49.86,49.83,49.85,2910.0,HALO
2023-02-21 13:39:00,49.8,49.86,49.8,49.86,1801.0,HALO
2023-02-21 13:38:00,49.78,49.8,49.78,49.78,806.0,HALO
2023-02-21 13:37:00,49.82,49.82,49.81,49.82,527.0,HALO
2023-02-21 13:36:00,49.79,49.79,49.79,49.79,381.0,HALO
2023-02-21 13:35:00,49.79,49.8,49.79,49.79,1623.0,HALO
2023-02-21 13:34:00,49.745,49.77,49.745,49.765,2160.0,HALO
2023-02-21 13:33:00,49.7458,49.75,49.7458,49.75,773.0,HALO
2023-02-21 13:32:00,49.76,49.76,49.76,49.76,456.0,HALO
2023-02-21 13:31:00,49.795,49.795,49.78,49.78,1549.0,HALO
2023-02-21 13:30:00,49.81,49.81,49.8,49.8,222.0,HALO
2023-02-21 13:29:00,49.8,49.8,49.78,49.79,734.0,HALO
2023-02-21 13:28:00,49.76,49.79,49.74,49.78,3027.0,HALO
2023-02-21 13:27:00,49.775,49.775,49.77,49.77,941.0,HALO
2023-02-21 13:26:00,49.75,49.77,49.74,49.76,2966.0,HALO
2023-02-21 13:25:00,49.765,49.765,49.765,49.765,344.0,HALO
2023-02-21 13:24:00,49.79,49.79,49.79,49.79,321.0,HALO
2023-02-21 13:23:00,49.84,49.84,49.8,49.81,2636.0,HALO
2023-02-21 13:22:00,49.84,49.84,49.84,49.84,534.0,HALO
2023-02-21 13:21:00,49.85,49.85,49.85,49.85,1161.0,HALO
2023-02-21 13:20:00,49.865,49.865,49.865,49.865,113.0,HALO
2023-02-21 13:19:00,49.89,49.89,49.89,49.89,282.0,HALO
2023-02-21 13:18:00,49.84,49.88,49.835,49.87,3399.0,HALO
2023-02-21 13:17:00,49.87,49.87,49.86,49.86,1154.0,HALO
2023-02-21 13:16:00,49.9211,49.9211,49.9211,49.9211,695.0,HALO
2023-02-21 13:14:00,49.925,49.925,49.925,49.925,200.0,HALO
2023-02-21 13:13:00,49.95,49.96,49.91,49.91,2435.0,HALO
2023-02-21 13:12:00,49.93,49.94,49.93,49.94,1993.0,HALO
2023-02-21 13:10:00,49.99,49.99,49.945,49.95,2243.0,HALO
2023-02-21 13:08:00,50.05,50.05,50.05,50.05,437.0,HALO
2023-02-21 13:07:00,50.07,50.08,50.02,50.08,4806.0,HALO
2023-02-21 13:06:00,50.04,50.06,50.02,50.06,2453.0,HALO
2023-02-21 13:05:00,50.07,50.07,50.055,50.055,1003.0,HALO
2023-02-21 13:04:00,50.09,50.09,50.09,50.09,437.0,HALO
2023-02-21 13:03:00,50.01,50.08,50.01,50.08,2222.0,HALO
2023-02-21 13:02:00,50.04,50.05,50.0,50.01,2456.0,HALO
2023-02-21 13:01:00,49.98,50.03,49.98,50.01,3925.0,HALO
2023-02-21 13:00:00,49.96,49.99,49.96,49.99,1413.0,HALO
2023-02-21 12:59:00,50.03,50.03,50.03,50.03,488.0,HALO
2023-02-21 12:58:00,50.03,50.05,50.03,50.05,643.0,HALO
2023-02-21 12:57:00,50.03,50.03,50.03,50.03,236.0,HALO
2023-02-21 12:55:00,50.01,50.01,50.01,50.01,1017.0,HALO
2023-02-21 12:53:00,50.03,50.04,50.03,50.04,265.0,HALO
2023-02-21 12:52:00,50.03,50.03,50.02,50.02,857.0,HALO
2023-02-21 12:51:00,49.96,50.04,49.96,50.03,6327.0,HALO
2023-02-21 12:50:00,49.93,49.97,49.92,49.95,1966.0,HALO
2023-02-21 12:49:00,50.01,50.01,49.91,49.91,1363.0,HALO
2023-02-21 12:48:00,50.04,50.04,50.01,50.01,1287.0,HALO
2023-02-21 12:47:00,49.98,50.05,49.97,50.04,7394.0,HALO
2023-02-21 12:46:00,49.97,49.97,49.96,49.96,1038.0,HALO
2023-02-21 12:45:00,49.965,49.965,49.95,49.96,682.0,HALO
2023-02-21 12:44:00,49.97,49.97,49.96,49.96,1175.0,HALO
2023-02-21 12:43:00,50.0,50.0,49.995,49.995,648.0,HALO
2023-02-21 12:42:00,49.96,50.02,49.96,50.02,3260.0,HALO
2023-02-21 12:40:00,50.045,50.045,49.95,49.95,2712.0,HALO
2023-02-21 12:39:00,50.07,50.07,50.05,50.05,1688.0,HALO
2023-02-21 12:38:00,50.085,50.115,50.085,50.11,1937.0,HALO
2023-02-21 12:37:00,50.09,50.09,50.08,50.08,750.0,HALO
2023-02-21 12:36:00,50.09,50.1,50.075,50.075,585.0,HALO
2023-02-21 12:35:00,50.08,50.09,50.075,50.09,1394.0,HALO
2023-02-21 12:34:00,50.1,50.1,50.07,50.07,1642.0,HALO
2023-02-21 12:33:00,50.16,50.16,50.12,50.12,1325.0,HALO
2023-02-21 12:32:00,50.175,50.175,50.175,50.175,479.0,HALO
2023-02-21 12:31:00,50.17,50.18,50.165,50.18,1014.0,HALO
2023-02-21 12:30:00,50.2,50.2,50.185,50.2,1317.0,HALO
2023-02-21 12:29:00,50.21,50.21,50.19,50.19,1363.0,HALO
2023-02-21 12:28:00,50.22,50.22,50.22,50.22,145.0,HALO
2023-02-21 12:27:00,50.22,50.23,50.22,50.23,853.0,HALO
2023-02-21 12:26:00,50.23,50.24,50.2254,50.24,1517.0,HALO
2023-02-21 12:25:00,50.21,50.24,50.21,50.225,1367.0,HALO
2023-02-21 12:24:00,50.19,50.19,50.19,50.19,211.0,HALO
2023-02-21 12:23:00,50.19,50.19,50.1896,50.1896,1151.0,HALO
2023-02-21 12:22:00,50.21,50.22,50.2,50.22,1126.0,HALO
2023-02-21 12:21:00,50.22,50.23,50.2,50.23,1493.0,HALO
2023-02-21 12:20:00,50.17,50.19,50.17,50.19,1399.0,HALO
2023-02-21 12:19:00,50.1555,50.1555,50.1555,50.1555,406.0,HALO
2023-02-21 12:18:00,50.12,50.16,50.12,50.145,2686.0,HALO
2023-02-21 12:17:00,50.1,50.11,50.09,50.105,1565.0,HALO
2023-02-21 12:16:00,50.12,50.12,50.1,50.11,2657.0,HALO
2023-02-21 12:15:00,50.13,50.15,50.13,50.14,1333.0,HALO
2023-02-21 12:14:00,50.145,50.145,50.145,50.145,419.0,HALO
2023-02-21 12:13:00,50.14,50.145,50.13,50.145,851.0,HALO
2023-02-21 12:12:00,50.16,50.17,50.1442,50.1442,1681.0,HALO
2023-02-21 12:11:00,50.165,50.165,50.165,50.165,409.0,HALO
2023-02-21 12:10:00,50.16,50.1793,50.16,50.165,1165.0,HALO
2023-02-21 12:09:00,50.15,50.15,50.14,50.15,1092.0,HALO
2023-02-21 12:08:00,50.1204,50.15,50.115,50.15,2381.0,HALO
2023-02-21 12:07:00,50.13,50.14,50.13,50.14,1218.0,HALO
2023-02-21 12:06:00,50.11,50.12,50.105,50.12,1365.0,HALO
2023-02-21 12:05:00,50.12,50.13,50.1,50.13,1573.0,HALO
2023-02-21 12:04:00,50.13,50.13,50.12,50.12,530.0,HALO
2023-02-21 12:03:00,50.15,50.15,50.12,50.12,515.0,HALO
2023-02-21 12:02:00,50.14,50.14,50.14,50.14,297.0,HALO
2023-02-21 12:00:00,50.07,50.12,50.04,50.12,2006.0,HALO
2023-02-21 11:59:00,50.08,50.09,50.08,50.09,570.0,HALO
2023-02-21 11:58:00,50.07,50.1,50.07,50.07,2850.0,HALO
2023-02-21 11:57:00,50.07,50.07,50.02,50.02,3272.0,HALO
2023-02-21 11:56:00,50.12,50.12,50.07,50.07,2302.0,HALO
2023-02-21 11:52:00,50.08,50.11,50.06,50.1,4200.0,HALO
2023-02-21 11:51:00,50.11,50.11,50.085,50.085,1801.0,HALO
2023-02-21 11:50:00,50.13,50.15,50.11,50.11,1637.0,HALO
2023-02-21 11:49:00,50.14,50.14,50.115,50.13,2191.0,HALO
2023-02-21 11:48:00,50.12,50.1391,50.12,50.13,1225.0,HALO
2023-02-21 11:47:00,50.11,50.11,50.11,50.11,333.0,HALO
2023-02-21 11:46:00,50.12,50.12,50.1,50.1,225.0,HALO
2023-02-21 11:44:00,50.08,50.08,50.08,50.08,312.0,HALO
2023-02-21 11:43:00,50.08,50.12,50.08,50.12,586.0,HALO
2023-02-21 11:42:00,50.08,50.11,50.08,50.11,1657.0,HALO
2023-02-21 11:41:00,50.09,50.09,50.09,50.09,745.0,HALO
2023-02-21 11:40:00,50.13,50.13,50.12,50.1275,1035.0,HALO
2023-02-21 11:39:00,50.14,50.14,50.12,50.12,365.0,HALO
2023-02-21 11:38:00,50.16,50.17,50.14,50.155,1510.0,HALO
2023-02-21 11:37:00,50.1733,50.1733,50.1733,50.1733,487.0,HALO
2023-02-21 11:36:00,50.07,50.19,50.07,50.18,3165.0,HALO
2023-02-21 11:35:00,50.06,50.06,50.035,50.05,3415.0,HALO
2023-02-21 11:34:00,50.0,50.05,50.0,50.05,1826.0,HALO
2023-02-21 11:33:00,49.96,49.99,49.96,49.99,2087.0,HALO
2023-02-21 11:32:00,49.97,49.97,49.96,49.96,647.0,HALO
2023-02-21 11:31:00,49.9333,49.975,49.9333,49.975,1978.0,HALO
2023-02-21 11:30:00,49.94,49.94,49.94,49.94,418.0,HALO
2023-02-21 11:29:00,49.96,50.0,49.96,49.98,3003.0,HALO
2023-02-21 11:28:00,49.97,49.97,49.97,49.97,379.0,HALO
2023-02-21 11:27:00,50.01,50.01,49.97,49.975,1791.0,HALO
2023-02-21 11:26:00,49.99,50.01,49.99,50.01,1251.0,HALO
2023-02-21 11:25:00,49.99,50.0,49.97,49.98,2655.0,HALO
2023-02-21 11:24:00,49.98,49.98,49.98,49.98,1350.0,HALO
2023-02-21 11:23:00,50.05,50.06,50.05,50.055,1428.0,HALO
2023-02-21 11:22:00,50.09,50.1,50.07,50.09,1350.0,HALO
2023-02-21 11:21:00,50.13,50.13,50.11,50.11,437.0,HALO
2023-02-21 11:20:00,50.125,50.125,50.125,50.125,114.0,HALO
2023-02-21 11:19:00,50.08,50.15,50.08,50.12,4051.0,HALO
2023-02-21 11:18:00,50.1,50.1,50.085,50.085,316.0,HALO
2023-02-21 11:17:00,50.08,50.08,50.08,50.08,205.0,HALO
2023-02-21 11:16:00,50.08,50.11,50.07,50.08,1474.0,HALO
2023-02-21 11:15:00,50.095,50.1,50.095,50.1,587.0,HALO
2023-02-21 11:14:00,50.06,50.09,50.06,50.08,2548.0,HALO
2023-02-21 11:13:00,50.05,50.05,50.05,50.05,222.0,HALO
2023-02-21 11:11:00,50.03,50.05,50.03,50.05,1207.0,HALO
2023-02-21 11:10:00,50.01,50.01,50.01,50.01,376.0,HALO
2023-02-21 11:09:00,50.02,50.02,49.99,50.01,3364.0,HALO
2023-02-21 11:08:00,50.11,50.11,50.0475,50.06,2115.0,HALO
2023-02-21 11:07:00,50.155,50.155,50.15,50.155,424.0,HALO
2023-02-21 11:06:00,50.16,50.16,50.16,50.16,313.0,HALO
2023-02-21 11:05:00,50.25,50.25,50.185,50.185,2701.0,HALO
2023-02-21 11:04:00,50.25,50.26,50.25,50.26,1288.0,HALO
2023-02-21 11:03:00,50.24,50.27,50.24,50.27,769.0,HALO
2023-02-21 11:02:00,50.19,50.23,50.19,50.23,1347.0,HALO
2023-02-21 11:00:00,50.14,50.15,50.14,50.15,618.0,HALO
2023-02-21 10:58:00,50.12,50.12,50.09,50.1,1671.0,HALO
2023-02-21 10:57:00,50.11,50.14,50.11,50.14,1107.0,HALO
2023-02-21 10:56:00,50.09,50.11,50.09,50.11,241.0,HALO
2023-02-21 10:54:00,50.06,50.1,50.05,50.1,1587.0,HALO
2023-02-21 10:53:00,50.075,50.075,50.075,50.075,237.0,HALO
2023-02-21 10:52:00,50.03,50.05,50.025,50.05,1272.0,HALO
2023-02-21 10:51:00,50.04,50.04,50.04,50.04,302.0,HALO
2023-02-21 10:50:00,50.04,50.04,50.025,50.025,338.0,HALO
2023-02-21 10:48:00,50.03,50.07,50.03,50.05,2693.0,HALO
2023-02-21 10:47:00,50.055,50.055,50.055,50.055,435.0,HALO
2023-02-21 10:46:00,50.0301,50.0301,50.0301,50.0301,369.0,HALO
2023-02-21 10:45:00,50.09,50.09,50.07,50.085,806.0,HALO
2023-02-21 10:44:00,50.16,50.16,50.11,50.11,1427.0,HALO
2023-02-21 10:43:00,50.17,50.17,50.15,50.16,941.0,HALO
2023-02-21 10:42:00,50.12,50.17,50.12,50.16,1760.0,HALO
2023-02-21 10:41:00,50.095,50.13,50.095,50.13,1201.0,HALO
2023-02-21 10:40:00,50.08,50.095,50.07,50.095,1939.0,HALO
2023-02-21 10:39:00,50.09,50.09,50.07,50.09,1058.0,HALO
2023-02-21 10:38:00,50.1,50.12,50.09,50.09,2102.0,HALO
2023-02-21 10:37:00,50.09,50.1,50.09,50.1,1510.0,HALO
2023-02-21 10:36:00,50.05,50.08,50.0401,50.08,1156.0,HALO
2023-02-21 10:35:00,50.19,50.19,50.07,50.07,3674.0,HALO
2023-02-21 10:34:00,50.21,50.25,50.2,50.2,3302.0,HALO
2023-02-21 10:32:00,50.205,50.205,50.205,50.205,456.0,HALO
2023-02-21 10:31:00,50.21,50.21,50.17,50.17,924.0,HALO
2023-02-21 10:30:00,50.205,50.24,50.205,50.23,1151.0,HALO
2023-02-21 10:29:00,50.15,50.205,50.15,50.205,1864.0,HALO
2023-02-21 10:28:00,50.265,50.265,50.225,50.225,2720.0,HALO
2023-02-21 10:27:00,50.19,50.25,50.19,50.24,1672.0,HALO
2023-02-21 10:26:00,50.18,50.2,50.18,50.19,1028.0,HALO
2023-02-21 10:25:00,50.18,50.18,50.16,50.18,1400.0,HALO
2023-02-21 10:24:00,50.1317,50.17,50.1317,50.17,725.0,HALO
2023-02-21 10:23:00,50.03,50.1,50.03,50.1,1310.0,HALO
2023-02-21 10:22:00,49.99,50.025,49.99,50.025,1294.0,HALO
2023-02-21 10:21:00,49.98,49.98,49.98,49.98,328.0,HALO
2023-02-21 10:20:00,49.94,49.965,49.94,49.965,1563.0,HALO
2023-02-21 10:19:00,49.96,49.96,49.94,49.94,1651.0,HALO
2023-02-21 10:18:00,49.95,50.0,49.95,49.98,4885.0,HALO
2023-02-21 10:17:00,49.94,49.975,49.94,49.975,695.0,HALO
2023-02-21 10:16:00,49.94,49.94,49.935,49.935,1004.0,HALO
2023-02-21 10:15:00,49.86,49.91,49.86,49.91,1077.0,HALO
2023-02-21 10:14:00,49.83,49.8661,49.83,49.86,1543.0,HALO
2023-02-21 10:12:00,49.79,49.87,49.75,49.87,2243.0,HALO
2023-02-21 10:11:00,49.73,49.78,49.73,49.78,5528.0,HALO
2023-02-21 10:10:00,49.7,49.7,49.7,49.7,1305.0,HALO
2023-02-21 10:09:00,49.77,49.77,49.73,49.73,1110.0,HALO
2023-02-21 10:08:00,49.725,49.725,49.725,49.725,246.0,HALO
2023-02-21 10:07:00,49.63,49.75,49.63,49.75,2727.0,HALO
2023-02-21 10:06:00,49.68,49.68,49.68,49.68,318.0,HALO
2023-02-21 10:05:00,49.63,49.63,49.5886,49.625,1288.0,HALO
2023-02-21 10:04:00,49.61,49.69,49.54,49.68,4174.0,HALO
2023-02-21 10:03:00,49.55,49.6,49.55,49.6,2755.0,HALO
2023-02-21 10:02:00,49.63,49.64,49.61,49.61,3046.0,HALO
2023-02-21 10:01:00,49.56,49.56,49.56,49.56,360.0,HALO
2023-02-21 10:00:00,49.65,49.67,49.64,49.67,1940.0,HALO
2023-02-21 09:59:00,49.7,49.7,49.6,49.62,2665.0,HALO
2023-02-21 09:58:00,49.7,49.71,49.68,49.695,2062.0,HALO
2023-02-21 09:57:00,49.67,49.7,49.655,49.655,1690.0,HALO
2023-02-21 09:56:00,49.66,49.76,49.66,49.67,671.0,HALO
2023-02-21 09:55:00,49.7,49.7475,49.7,49.715,873.0,HALO
2023-02-21 09:54:00,49.72,49.77,49.72,49.77,2109.0,HALO
2023-02-21 09:53:00,49.71,49.71,49.635,49.7,765.0,HALO
2023-02-21 09:52:00,49.61,49.74,49.59,49.71,3231.0,HALO
2023-02-21 09:51:00,49.55,49.72,49.55,49.6,1124.0,HALO
2023-02-21 09:50:00,49.53,49.54,49.53,49.54,687.0,HALO
2023-02-21 09:49:00,49.78,49.78,49.75,49.76,1029.0,HALO
2023-02-21 09:48:00,49.83,49.885,49.78,49.8775,957.0,HALO
2023-02-21 09:47:00,49.91,50.14,49.86,49.93,16579.0,HALO
2023-02-21 09:46:00,49.8,49.88,49.66,49.86,3195.0,HALO
2023-02-21 09:44:00,49.865,49.87,49.83,49.83,1566.0,HALO
2023-02-21 09:43:00,49.92,49.92,49.83,49.84,597.0,HALO
2023-02-21 09:41:00,49.98,49.98,49.915,49.915,2324.0,HALO
2023-02-21 09:39:00,49.98,49.98,49.98,49.98,224.0,HALO
2023-02-21 09:38:00,49.72,49.94,49.72,49.94,798.0,HALO
2023-02-21 09:37:00,49.91,49.93,49.91,49.93,402.0,HALO
2023-02-21 09:36:00,49.93,49.93,49.89,49.89,279.0,HALO
2023-02-21 09:35:00,49.9,49.9,49.765,49.765,976.0,HALO
2023-02-21 09:34:00,49.825,49.89,49.825,49.89,899.0,HALO
2023-02-21 09:33:00,49.86,49.87,49.85,49.87,1577.0,HALO
2023-02-21 09:32:00,49.06,49.91,49.06,49.655,1923.0,HALO
2023-02-21 09:31:00,49.74,50.25,49.74,50.21,11021.0,HALO
2023-02-21 09:20:00,50.09,50.09,50.09,50.09,100.0,HALO
2023-02-17 16:01:00,50.03,50.03,50.03,50.03,64451.0,HALO
2023-02-17 16:00:00,50.02,50.04,50.01,50.02,31324.0,HALO
2023-02-17 15:59:00,50.015,50.04,49.97,50.01,17175.0,HALO
2023-02-17 15:58:00,50.04,50.05,50.0,50.01,21002.0,HALO
2023-02-17 15:57:00,50.02,50.07,49.99,50.025,16427.0,HALO
2023-02-17 15:56:00,49.98,50.08,49.97,50.03,21957.0,HALO
2023-02-17 15:55:00,49.945,49.97,49.94,49.95,4518.0,HALO
2023-02-17 15:54:00,49.95,49.99,49.92,49.945,10419.0,HALO
2023-02-17 15:53:00,49.9,49.96,49.9,49.95,4281.0,HALO
2023-02-17 15:52:00,49.805,49.89,49.805,49.88,15374.0,HALO
2023-02-17 15:51:00,49.64,49.8,49.64,49.8,6286.0,HALO
2023-02-17 15:50:00,49.7,49.73,49.68,49.68,3352.0,HALO
2023-02-17 15:49:00,49.79,49.79,49.71,49.715,3432.0,HALO
2023-02-17 15:48:00,49.815,49.82,49.815,49.82,283.0,HALO
2023-02-17 15:47:00,49.87,49.895,49.815,49.82,3156.0,HALO
2023-02-17 15:46:00,49.85,49.86,49.8265,49.855,2558.0,HALO
2023-02-17 15:45:00,49.81,49.89,49.795,49.89,18043.0,HALO
2023-02-17 15:44:00,49.795,49.795,49.78,49.79,824.0,HALO
2023-02-17 15:43:00,49.79,49.81,49.79,49.795,1435.0,HALO
2023-02-17 15:42:00,49.93,49.93,49.78,49.81,8477.0,HALO
2023-02-17 15:41:00,50.055,50.055,49.93,49.93,5271.0,HALO
2023-02-17 15:40:00,50.045,50.06,50.045,50.05,1591.0,HALO
2023-02-17 15:39:00,50.04,50.07,50.04,50.045,2686.0,HALO
2023-02-17 15:38:00,50.105,50.105,50.06,50.085,4632.0,HALO
2023-02-17 15:37:00,50.105,50.12,50.105,50.105,1531.0,HALO
2023-02-17 15:36:00,50.105,50.12,50.095,50.11,1618.0,HALO
2023-02-17 15:35:00,50.1,50.11,50.0217,50.1,10336.0,HALO
2023-02-17 15:34:00,50.0483,50.11,50.0483,50.095,2863.0,HALO
2023-02-17 15:33:00,49.975,50.0299,49.96,50.0299,19391.0,HALO
2023-02-17 15:32:00,49.9,49.97,49.9,49.965,3794.0,HALO
2023-02-17 15:31:00,49.855,49.885,49.85,49.885,3525.0,HALO
2023-02-17 15:30:00,49.87,49.88,49.86,49.86,2806.0,HALO
2023-02-17 15:29:00,49.955,49.955,49.86,49.86,7089.0,HALO
2023-02-17 15:28:00,49.94,49.955,49.94,49.95,1888.0,HALO
2023-02-17 15:27:00,49.925,49.94,49.92,49.94,1861.0,HALO
2023-02-17 15:26:00,49.94,49.95,49.925,49.94,4047.0,HALO
2023-02-17 15:25:00,49.92,49.95,49.92,49.935,2399.0,HALO
2023-02-17 15:24:00,49.93,49.935,49.91,49.925,3692.0,HALO
2023-02-17 15:23:00,49.955,49.97,49.935,49.935,3031.0,HALO
2023-02-17 15:22:00,49.94,49.96,49.925,49.96,2308.0,HALO
2023-02-17 15:21:00,49.93,49.95,49.93,49.94,2705.0,HALO
2023-02-17 15:20:00,49.93,49.955,49.92,49.93,5318.0,HALO
2023-02-17 15:19:00,49.93,49.94,49.93,49.93,944.0,HALO
2023-02-17 15:18:00,49.9,49.92,49.9,49.92,1394.0,HALO
2023-02-17 15:17:00,49.9,49.9,49.8992,49.9,1258.0,HALO
2023-02-17 15:16:00,49.87,49.91,49.87,49.9,2393.0,HALO
2023-02-17 15:15:00,49.845,49.86,49.845,49.86,903.0,HALO
2023-02-17 15:14:00,49.88,49.89,49.845,49.845,1887.0,HALO
2023-02-17 15:13:00,49.88,49.88,49.88,49.88,230.0,HALO
2023-02-17 15:12:00,49.885,49.8873,49.85,49.865,2411.0,HALO
2023-02-17 15:11:00,49.915,49.915,49.88,49.885,3317.0,HALO
2023-02-17 15:10:00,49.87,49.92,49.865,49.915,1426.0,HALO
2023-02-17 15:09:00,49.81,49.855,49.81,49.855,2760.0,HALO
2023-02-17 15:08:00,49.77,49.815,49.77,49.815,2732.0,HALO
2023-02-17 15:07:00,49.76,49.765,49.74,49.755,2973.0,HALO
2023-02-17 15:06:00,49.765,49.775,49.7525,49.76,2840.0,HALO
2023-02-17 15:05:00,49.82,49.82,49.765,49.765,2593.0,HALO
2023-02-17 15:04:00,49.805,49.82,49.805,49.82,938.0,HALO
2023-02-17 15:03:00,49.8,49.82,49.8,49.82,1952.0,HALO
2023-02-17 15:02:00,49.775,49.79,49.775,49.79,2437.0,HALO
2023-02-17 15:01:00,49.76,49.775,49.76,49.775,1063.0,HALO
2023-02-17 15:00:00,49.75,49.755,49.74,49.755,1111.0,HALO
2023-02-17 14:59:00,49.725,49.74,49.71,49.74,3823.0,HALO
2023-02-17 14:58:00,49.7,49.72,49.7,49.72,1251.0,HALO
2023-02-17 14:57:00,49.71,49.71,49.7,49.7,461.0,HALO
2023-02-17 14:56:00,49.67,49.71,49.67,49.71,2655.0,HALO
2023-02-17 14:55:00,49.66,49.66,49.655,49.66,1837.0,HALO
2023-02-17 14:54:00,49.65,49.66,49.64,49.66,2723.0,HALO
2023-02-17 14:53:00,49.6,49.65,49.6,49.645,4154.0,HALO
2023-02-17 14:52:00,49.6,49.6,49.585,49.6,589.0,HALO
2023-02-17 14:51:00,49.59,49.59,49.59,49.59,343.0,HALO
2023-02-17 14:50:00,49.58,49.59,49.58,49.59,1168.0,HALO
2023-02-17 14:49:00,49.55,49.58,49.55,49.57,898.0,HALO
2023-02-17 14:48:00,49.55,49.55,49.525,49.54,9469.0,HALO
2023-02-17 14:47:00,49.53,49.55,49.53,49.55,951.0,HALO
2023-02-17 14:46:00,49.51,49.53,49.51,49.53,1777.0,HALO
2023-02-17 14:45:00,49.48,49.505,49.45,49.505,3519.0,HALO
2023-02-17 14:44:00,49.48,49.48,49.48,49.48,442.0,HALO
2023-02-17 14:43:00,49.48,49.48,49.47,49.48,1078.0,HALO
2023-02-17 14:42:00,49.5,49.5,49.47,49.47,1101.0,HALO
2023-02-17 14:41:00,49.515,49.515,49.51,49.51,281.0,HALO
2023-02-17 14:40:00,49.52,49.52,49.51,49.51,733.0,HALO
2023-02-17 14:39:00,49.52,49.53,49.5,49.5,2956.0,HALO
2023-02-17 14:37:00,49.48,49.53,49.48,49.515,5701.0,HALO
2023-02-17 14:36:00,49.46,49.49,49.46,49.49,613.0,HALO
2023-02-17 14:35:00,49.41,49.45,49.41,49.45,3363.0,HALO
2023-02-17 14:34:00,49.42,49.42,49.405,49.405,827.0,HALO
2023-02-17 14:33:00,49.41,49.43,49.41,49.43,994.0,HALO
2023-02-17 14:32:00,49.42,49.42,49.42,49.42,228.0,HALO
2023-02-17 14:31:00,49.38,49.42,49.38,49.42,1267.0,HALO
2023-02-17 14:30:00,49.34,49.37,49.34,49.37,1484.0,HALO
2023-02-17 14:29:00,49.33,49.35,49.33,49.34,1118.0,HALO
2023-02-17 14:27:00,49.34,49.34,49.315,49.315,968.0,HALO
2023-02-17 14:26:00,49.39,49.39,49.38,49.38,1341.0,HALO
2023-02-17 14:25:00,49.405,49.405,49.405,49.405,195.0,HALO
2023-02-17 14:24:00,49.39,49.41,49.39,49.41,1924.0,HALO
2023-02-17 14:23:00,49.37,49.375,49.36,49.375,1755.0,HALO
2023-02-17 14:22:00,49.36,49.36,49.36,49.36,347.0,HALO
2023-02-17 14:20:00,49.35,49.35,49.35,49.35,283.0,HALO
2023-02-17 14:18:00,49.36,49.36,49.36,49.36,1475.0,HALO
2023-02-17 14:17:00,49.35,49.35,49.35,49.35,828.0,HALO
2023-02-17 14:16:00,49.325,49.34,49.325,49.33,751.0,HALO
2023-02-17 14:15:00,49.36,49.36,49.32,49.32,1454.0,HALO
2023-02-17 14:14:00,49.375,49.375,49.375,49.375,223.0,HALO
2023-02-17 14:12:00,49.39,49.39,49.39,49.39,375.0,HALO
2023-02-17 14:11:00,49.425,49.425,49.425,49.425,531.0,HALO
2023-02-17 14:09:00,49.42,49.43,49.395,49.425,791.0,HALO
2023-02-17 14:08:00,49.505,49.505,49.4,49.4,2937.0,HALO
2023-02-17 14:07:00,49.49,49.505,49.49,49.505,1472.0,HALO
2023-02-17 14:06:00,49.49,49.5,49.49,49.5,1058.0,HALO
2023-02-17 14:05:00,49.485,49.485,49.485,49.485,312.0,HALO
2023-02-17 14:04:00,49.54,49.54,49.49,49.49,2601.0,HALO
2023-02-17 14:03:00,49.525,49.54,49.525,49.54,1022.0,HALO
2023-02-17 14:02:00,49.485,49.52,49.485,49.52,919.0,HALO
2023-02-17 14:01:00,49.45,49.49,49.45,49.48,1498.0,HALO
2023-02-17 14:00:00,49.42,49.43,49.42,49.43,900.0,HALO
2023-02-17 13:59:00,49.4,49.41,49.4,49.41,1125.0,HALO
2023-02-17 13:57:00,49.39,49.39,49.39,49.39,529.0,HALO
2023-02-17 13:56:00,49.39,49.39,49.39,49.39,339.0,HALO
2023-02-17 13:55:00,49.38,49.4,49.38,49.4,948.0,HALO
2023-02-17 13:54:00,49.39,49.4,49.38,49.39,1255.0,HALO
2023-02-17 13:53:00,49.365,49.38,49.365,49.38,633.0,HALO
2023-02-17 13:52:00,49.34,49.36,49.34,49.36,1174.0,HALO
2023-02-17 13:51:00,49.33,49.33,49.33,49.33,386.0,HALO
2023-02-17 13:50:00,49.32,49.33,49.32,49.33,472.0,HALO
2023-02-17 13:49:00,49.31,49.33,49.31,49.33,353.0,HALO
2023-02-17 13:48:00,49.3,49.35,49.3,49.315,5306.0,HALO
2023-02-17 13:47:00,49.21,49.31,49.21,49.31,3258.0,HALO
2023-02-17 13:46:00,49.17,49.21,49.17,49.21,59036.0,HALO
2023-02-17 13:45:00,49.1625,49.1625,49.1625,49.1625,215.0,HALO
2023-02-17 13:44:00,49.175,49.175,49.175,49.175,223.0,HALO
2023-02-17 13:43:00,49.18,49.185,49.165,49.165,1088.0,HALO
2023-02-17 13:42:00,49.18,49.19,49.18,49.19,673.0,HALO
2023-02-17 13:41:00,49.155,49.18,49.155,49.18,727.0,HALO
2023-02-17 13:40:00,49.2,49.2,49.17,49.18,1550.0,HALO
2023-02-17 13:39:00,49.2,49.22,49.2,49.2,1078.0,HALO
2023-02-17 13:38:00,49.185,49.185,49.185,49.185,271.0,HALO
2023-02-17 13:37:00,49.18,49.2,49.18,49.19,1975.0,HALO
2023-02-17 13:36:00,49.17,49.18,49.17,49.18,1747.0,HALO
2023-02-17 13:34:00,49.135,49.15,49.135,49.135,624.0,HALO
2023-02-17 13:33:00,49.12,49.135,49.12,49.135,693.0,HALO
2023-02-17 13:32:00,49.12,49.12,49.12,49.12,229.0,HALO
2023-02-17 13:31:00,49.18,49.18,49.16,49.16,2416.0,HALO
2023-02-17 13:29:00,49.21,49.21,49.19,49.19,1717.0,HALO
2023-02-17 13:28:00,49.2,49.2,49.2,49.2,450.0,HALO
2023-02-17 13:27:00,49.2,49.2,49.2,49.2,426.0,HALO
2023-02-17 13:26:00,49.195,49.195,49.195,49.195,248.0,HALO
2023-02-17 13:25:00,49.21,49.21,49.19,49.2,1893.0,HALO
2023-02-17 13:24:00,49.25,49.255,49.22,49.22,1525.0,HALO
2023-02-17 13:23:00,49.27,49.27,49.27,49.27,249.0,HALO
2023-02-17 13:22:00,49.25,49.25,49.24,49.245,1220.0,HALO
2023-02-17 13:21:00,49.25,49.255,49.24,49.25,3578.0,HALO
2023-02-17 13:20:00,49.26,49.26,49.26,49.26,517.0,HALO
2023-02-17 13:19:00,49.26,49.26,49.26,49.26,600.0,HALO
2023-02-17 13:18:00,49.26,49.26,49.26,49.26,243.0,HALO
2023-02-17 13:17:00,49.26,49.26,49.26,49.26,294.0,HALO
2023-02-17 13:16:00,49.215,49.26,49.215,49.26,2291.0,HALO
2023-02-17 13:15:00,49.2,49.22,49.2,49.22,1369.0,HALO
2023-02-17 13:14:00,49.205,49.21,49.205,49.21,506.0,HALO
2023-02-17 13:13:00,49.205,49.205,49.205,49.205,608.0,HALO
2023-02-17 13:12:00,49.205,49.21,49.19,49.21,1525.0,HALO
2023-02-17 13:11:00,49.14,49.2,49.14,49.2,1443.0,HALO
2023-02-17 13:10:00,49.14,49.14,49.14,49.14,293.0,HALO
2023-02-17 13:09:00,49.08,49.14,49.07,49.14,1835.0,HALO
2023-02-17 13:08:00,49.08,49.08,49.08,49.08,276.0,HALO
2023-02-17 13:07:00,49.07,49.08,49.07,49.08,751.0,HALO
2023-02-17 13:06:00,49.07,49.07,49.065,49.07,778.0,HALO
2023-02-17 13:05:00,49.05,49.07,49.05,49.05,619.0,HALO
2023-02-17 13:04:00,48.99,49.06,48.99,49.06,4161.0,HALO
2023-02-17 13:03:00,48.99,48.99,48.98,48.98,1671.0,HALO
2023-02-17 13:02:00,48.99,49.025,48.99,49.01,2463.0,HALO
2023-02-17 13:00:00,48.97,48.995,48.97,48.995,1085.0,HALO
2023-02-17 12:59:00,48.97,48.97,48.97,48.97,100.0,HALO
2023-02-17 12:58:00,48.965,48.98,48.965,48.97,2504.0,HALO
2023-02-17 12:57:00,48.915,48.97,48.905,48.965,3169.0,HALO
2023-02-17 12:56:00,48.89,48.905,48.89,48.905,734.0,HALO
2023-02-17 12:55:00,49.0,49.0,48.92,48.92,1496.0,HALO
2023-02-17 12:54:00,49.015,49.03,49.015,49.015,1076.0,HALO
2023-02-17 12:53:00,49.145,49.145,49.04,49.04,2583.0,HALO
2023-02-17 12:52:00,49.17,49.17,49.15,49.15,940.0,HALO
2023-02-17 12:51:00,49.215,49.215,49.17,49.17,1916.0,HALO
2023-02-17 12:49:00,49.245,49.25,49.215,49.215,1867.0,HALO
2023-02-17 12:48:00,49.24,49.25,49.23,49.25,1996.0,HALO
2023-02-17 12:47:00,49.245,49.245,49.2424,49.2424,639.0,HALO
2023-02-17 12:46:00,49.245,49.245,49.245,49.245,301.0,HALO
2023-02-17 12:45:00,49.21,49.25,49.21,49.245,2875.0,HALO
2023-02-17 12:44:00,49.17,49.21,49.17,49.19,1365.0,HALO
2023-02-17 12:43:00,49.185,49.185,49.185,49.185,333.0,HALO
2023-02-17 12:42:00,49.19,49.22,49.17,49.185,3322.0,HALO
2023-02-17 12:41:00,49.195,49.195,49.175,49.175,1209.0,HALO
2023-02-17 12:40:00,49.19,49.21,49.19,49.21,1846.0,HALO
2023-02-17 12:39:00,49.205,49.21,49.2,49.2,895.0,HALO
2023-02-17 12:38:00,49.28,49.28,49.22,49.22,4028.0,HALO
2023-02-17 12:37:00,49.28,49.31,49.28,49.31,374.0,HALO
2023-02-17 12:36:00,49.31,49.31,49.31,49.31,359.0,HALO
2023-02-17 12:35:00,49.33,49.33,49.33,49.33,410.0,HALO
2023-02-17 12:34:00,49.37,49.37,49.33,49.33,897.0,HALO
2023-02-17 12:33:00,49.365,49.38,49.365,49.37,1141.0,HALO
2023-02-17 12:31:00,49.385,49.385,49.38,49.38,639.0,HALO
2023-02-17 12:29:00,49.42,49.42,49.375,49.385,3608.0,HALO
2023-02-17 12:28:00,49.43,49.4375,49.415,49.43,2473.0,HALO
2023-02-17 12:27:00,49.44,49.45,49.44,49.445,1442.0,HALO
2023-02-17 12:26:00,49.42,49.425,49.42,49.425,224.0,HALO
2023-02-17 12:25:00,49.435,49.435,49.41,49.415,2006.0,HALO
2023-02-17 12:24:00,49.435,49.435,49.435,49.435,302.0,HALO
2023-02-17 12:23:00,49.435,49.435,49.435,49.435,749.0,HALO
2023-02-17 12:22:00,49.43,49.44,49.42,49.435,1276.0,HALO
2023-02-17 12:21:00,49.42,49.45,49.41,49.4175,5432.0,HALO
2023-02-17 12:20:00,49.4,49.4,49.4,49.4,705.0,HALO
2023-02-17 12:19:00,49.37,49.41,49.37,49.4,3330.0,HALO
2023-02-17 12:18:00,49.365,49.365,49.365,49.365,200.0,HALO
2023-02-17 12:16:00,49.365,49.365,49.365,49.365,463.0,HALO
2023-02-17 12:15:00,49.36,49.365,49.36,49.365,392.0,HALO
2023-02-17 12:14:00,49.35,49.37,49.35,49.36,2235.0,HALO
2023-02-17 12:13:00,49.35,49.35,49.35,49.35,472.0,HALO
2023-02-17 12:12:00,49.35,49.38,49.335,49.335,2161.0,HALO
2023-02-17 12:11:00,49.36,49.36,49.325,49.35,2646.0,HALO
2023-02-17 12:10:00,49.375,49.375,49.375,49.375,857.0,HALO
2023-02-17 12:09:00,49.375,49.375,49.375,49.375,354.0,HALO
2023-02-17 12:08:00,49.375,49.375,49.375,49.375,232.0,HALO
2023-02-17 12:07:00,49.375,49.375,49.375,49.375,585.0,HALO
2023-02-17 12:06:00,49.375,49.38,49.375,49.375,404.0,HALO
2023-02-17 12:05:00,49.375,49.383,49.375,49.383,525.0,HALO
2023-02-17 12:04:00,49.375,49.375,49.375,49.375,217.0,HALO
2023-02-17 12:03:00,49.375,49.39,49.375,49.375,1445.0,HALO
2023-02-17 12:02:00,49.29,49.38,49.29,49.375,3594.0,HALO
2023-02-17 12:01:00,49.29,49.29,49.26,49.28,1946.0,HALO
2023-02-17 12:00:00,49.32,49.32,49.295,49.305,1255.0,HALO
2023-02-17 11:59:00,49.32,49.3399,49.32,49.3399,701.0,HALO
2023-02-17 11:58:00,49.3384,49.3384,49.28,49.32,2594.0,HALO
2023-02-17 11:57:00,49.32,49.3399,49.32,49.32,750.0,HALO
2023-02-17 11:56:00,49.32,49.32,49.32,49.32,613.0,HALO
2023-02-17 11:55:00,49.28,49.34,49.28,49.34,1774.0,HALO
2023-02-17 11:54:00,49.275,49.28,49.26,49.26,1904.0,HALO
2023-02-17 11:53:00,49.23,49.32,49.23,49.275,4728.0,HALO
2023-02-17 11:52:00,49.19,49.26,49.1703,49.23,4658.0,HALO
2023-02-17 11:50:00,49.21,49.24,49.19,49.19,2480.0,HALO
2023-02-17 11:49:00,49.32,49.32,49.21,49.24,7705.0,HALO
2023-02-17 11:47:00,49.345,49.345,49.33,49.34,828.0,HALO
2023-02-17 11:46:00,49.36,49.36,49.32,49.345,1017.0,HALO
2023-02-17 11:45:00,49.465,49.465,49.36,49.39,16438.0,HALO
2023-02-17 11:44:00,49.48,49.48,49.45,49.465,1845.0,HALO
2023-02-17 11:43:00,49.51,49.51,49.48,49.48,1031.0,HALO
2023-02-17 11:42:00,49.4799,49.51,49.47,49.51,2215.0,HALO
2023-02-17 11:41:00,49.56,49.56,49.47,49.47,2383.0,HALO
2023-02-17 11:40:00,49.545,49.545,49.545,49.545,227.0,HALO
2023-02-17 11:39:00,49.59,49.6,49.545,49.545,1197.0,HALO
2023-02-17 11:38:00,49.58,49.58,49.58,49.58,332.0,HALO
2023-02-17 11:37:00,49.6,49.6,49.57,49.57,716.0,HALO
2023-02-17 11:36:00,49.57,49.6,49.57,49.6,1876.0,HALO
2023-02-17 11:35:00,49.56,49.56,49.56,49.56,386.0,HALO
2023-02-17 11:34:00,49.54,49.54,49.54,49.54,127.0,HALO
2023-02-17 11:33:00,49.54,49.55,49.53,49.53,989.0,HALO
2023-02-17 11:32:00,49.53,49.53,49.48,49.52,3971.0,HALO
2023-02-17 11:31:00,49.53,49.55,49.52,49.54,2358.0,HALO
2023-02-17 11:29:00,49.51,49.51,49.51,49.51,101.0,HALO
2023-02-17 11:28:00,49.53,49.53,49.52,49.52,653.0,HALO
2023-02-17 11:27:00,49.58,49.58,49.51,49.52,2066.0,HALO
2023-02-17 11:26:00,49.58,49.6,49.58,49.6,1340.0,HALO
2023-02-17 11:25:00,49.6,49.6,49.56,49.57,1658.0,HALO
2023-02-17 11:23:00,49.56,49.6,49.56,49.58,2233.0,HALO
2023-02-17 11:22:00,49.54,49.55,49.53,49.55,2990.0,HALO
2023-02-17 11:21:00,49.555,49.555,49.555,49.555,220.0,HALO
2023-02-17 11:20:00,49.56,49.56,49.54,49.56,2315.0,HALO
2023-02-17 11:19:00,49.56,49.56,49.56,49.56,389.0,HALO
2023-02-17 11:18:00,49.525,49.55,49.525,49.55,1500.0,HALO
2023-02-17 11:17:00,49.54,49.54,49.54,49.54,124.0,HALO
2023-02-17 11:15:00,49.56,49.56,49.49,49.505,2191.0,HALO
2023-02-17 11:14:00,49.56,49.575,49.56,49.57,1265.0,HALO
2023-02-17 11:13:00,49.51,49.56,49.51,49.56,2187.0,HALO
2023-02-17 11:12:00,49.49,49.5053,49.49,49.5,1654.0,HALO
2023-02-17 11:11:00,49.45,49.48,49.45,49.48,1179.0,HALO
2023-02-17 11:10:00,49.445,49.445,49.445,49.445,240.0,HALO
2023-02-17 11:09:00,49.44,49.44,49.44,49.44,653.0,HALO
2023-02-17 11:08:00,49.45,49.47,49.44,49.44,1417.0,HALO
2023-02-17 11:07:00,49.43,49.46,49.43,49.46,872.0,HALO
2023-02-17 11:06:00,49.4,49.4189,49.4,49.4,943.0,HALO
2023-02-17 11:05:00,49.37,49.41,49.37,49.4,961.0,HALO
2023-02-17 11:04:00,49.35,49.37,49.35,49.37,657.0,HALO
2023-02-17 11:03:00,49.365,49.4,49.34,49.34,3143.0,HALO
2023-02-17 11:02:00,49.365,49.37,49.365,49.365,401.0,HALO
2023-02-17 11:01:00,49.34,49.365,49.31,49.365,2339.0,HALO
2023-02-17 11:00:00,49.32,49.34,49.315,49.34,1819.0,HALO
2023-02-17 10:59:00,49.32,49.345,49.32,49.33,1058.0,HALO
2023-02-17 10:58:00,49.35,49.35,49.315,49.315,1443.0,HALO
2023-02-17 10:57:00,49.36,49.36,49.315,49.315,1340.0,HALO
2023-02-17 10:56:00,49.4,49.4,49.37,49.37,1316.0,HALO
2023-02-17 10:55:00,49.37,49.4,49.355,49.4,1397.0,HALO
2023-02-17 10:54:00,49.36,49.37,49.36,49.37,684.0,HALO
2023-02-17 10:53:00,49.39,49.39,49.35,49.37,1261.0,HALO
2023-02-17 10:52:00,49.37,49.4,49.34,49.4,3802.0,HALO
2023-02-17 10:51:00,49.42,49.44,49.38,49.395,1083.0,HALO
2023-02-17 10:50:00,49.47,49.47,49.435,49.435,611.0,HALO
2023-02-17 10:49:00,49.46,49.46,49.4071,49.45,1852.0,HALO
2023-02-17 10:48:00,49.38,49.47,49.365,49.46,22375.0,HALO
2023-02-17 10:47:00,49.44,49.44,49.39,49.39,1220.0,HALO
2023-02-17 10:46:00,49.41,49.44,49.41,49.44,1334.0,HALO
2023-02-17 10:44:00,49.47,49.49,49.46,49.46,1205.0,HALO
2023-02-17 10:43:00,49.52,49.52,49.475,49.475,1001.0,HALO
2023-02-17 10:42:00,49.5,49.53,49.48,49.49,3240.0,HALO
2023-02-17 10:41:00,49.535,49.535,49.48,49.5,3839.0,HALO
2023-02-17 10:40:00,49.54,49.54,49.52,49.535,1326.0,HALO
2023-02-17 10:38:00,49.61,49.63,49.6,49.6,2520.0,HALO
2023-02-17 10:37:00,49.585,49.585,49.585,49.585,355.0,HALO
2023-02-17 10:36:00,49.57,49.58,49.54,49.58,2657.0,HALO
2023-02-17 10:35:00,49.565,49.565,49.565,49.565,184.0,HALO
2023-02-17 10:34:00,49.5346,49.61,49.5346,49.565,3650.0,HALO
2023-02-17 10:33:00,49.48,49.52,49.48,49.52,3196.0,HALO
2023-02-17 10:32:00,49.5,49.54,49.5,49.5,2651.0,HALO
2023-02-17 10:31:00,49.5,49.5,49.495,49.495,782.0,HALO
2023-02-17 10:30:00,49.45,49.475,49.43,49.475,2987.0,HALO
2023-02-17 10:29:00,49.4803,49.4803,49.44,49.475,1962.0,HALO
2023-02-17 10:28:00,49.48,49.48,49.48,49.48,142.0,HALO
2023-02-17 10:27:00,49.6,49.63,49.5,49.5,2850.0,HALO
2023-02-17 10:25:00,49.66,49.66,49.6,49.6,442.0,HALO
2023-02-17 10:24:00,49.63,49.63,49.6,49.6,1399.0,HALO
2023-02-17 10:23:00,49.58,49.65,49.54,49.63,10580.0,HALO
2023-02-17 10:22:00,49.645,49.645,49.59,49.595,2298.0,HALO
2023-02-17 10:21:00,49.66,49.66,49.645,49.645,479.0,HALO
2023-02-17 10:20:00,49.66,49.66,49.66,49.66,272.0,HALO
2023-02-17 10:19:00,49.615,49.65,49.615,49.65,1189.0,HALO
2023-02-17 10:18:00,49.575,49.61,49.575,49.59,1460.0,HALO
2023-02-17 10:17:00,49.56,49.6,49.56,49.6,343.0,HALO
2023-02-17 10:16:00,49.56,49.61,49.54,49.54,3965.0,HALO
2023-02-17 10:15:00,49.55,49.55,49.55,49.55,845.0,HALO
2023-02-17 10:14:00,49.52,49.56,49.52,49.56,1883.0,HALO
2023-02-17 10:13:00,49.48,49.491,49.48,49.491,953.0,HALO
2023-02-17 10:12:00,49.53,49.56,49.51,49.51,1879.0,HALO
2023-02-17 10:11:00,49.53,49.53,49.51,49.53,745.0,HALO
2023-02-17 10:10:00,49.53,49.565,49.5,49.53,3459.0,HALO
2023-02-17 10:09:00,49.545,49.57,49.545,49.57,1045.0,HALO
2023-02-17 10:08:00,49.51,49.57,49.51,49.545,1843.0,HALO
2023-02-17 10:07:00,49.47,49.51,49.45,49.51,2032.0,HALO
2023-02-17 10:06:00,49.46,49.52,49.44,49.52,2257.0,HALO
2023-02-17 10:05:00,49.44,49.44,49.41,49.435,471.0,HALO
2023-02-17 10:04:00,49.395,49.435,49.37,49.425,2605.0,HALO
2023-02-17 10:03:00,49.37,49.385,49.36,49.385,415.0,HALO
2023-02-17 10:02:00,49.36,49.39,49.33,49.36,3495.0,HALO
2023-02-17 10:01:00,49.42,49.45,49.4,49.41,2863.0,HALO
2023-02-17 10:00:00,49.41,49.41,49.35,49.37,1448.0,HALO
2023-02-17 09:59:00,49.4303,49.4303,49.41,49.41,615.0,HALO
2023-02-17 09:58:00,49.38,49.47,49.35,49.38,3937.0,HALO
2023-02-17 09:57:00,49.2601,49.33,49.24,49.305,3405.0,HALO
2023-02-17 09:56:00,49.34,49.34,49.34,49.34,306.0,HALO
2023-02-17 09:55:00,49.19,49.38,49.19,49.38,4520.0,HALO
2023-02-17 09:54:00,49.3,49.31,49.285,49.31,538.0,HALO
2023-02-17 09:53:00,49.355,49.39,49.35,49.35,463.0,HALO
2023-02-17 09:52:00,49.39,49.39,49.39,49.39,328.0,HALO
2023-02-17 09:50:00,49.1975,49.38,49.1975,49.34,3877.0,HALO
2023-02-17 09:49:00,49.23,49.23,49.195,49.195,765.0,HALO
2023-02-17 09:48:00,49.27,49.32,49.22,49.29,4422.0,HALO
2023-02-17 09:47:00,49.3,49.33,49.3,49.33,302.0,HALO
2023-02-17 09:46:00,49.29,49.43,49.285,49.43,2320.0,HALO
2023-02-17 09:45:00,49.335,49.335,49.335,49.335,330.0,HALO
2023-02-17 09:44:00,49.2611,49.43,49.2611,49.34,3357.0,HALO
2023-02-17 09:43:00,49.24,49.3,49.22,49.27,1001.0,HALO
2023-02-17 09:41:00,49.39,49.39,49.39,49.39,169.0,HALO
2023-02-17 09:40:00,49.4,49.4,49.4,49.4,101.0,HALO
2023-02-17 09:39:00,49.46,49.47,49.36,49.36,4184.0,HALO
2023-02-17 09:38:00,49.455,49.455,49.41,49.41,543.0,HALO
2023-02-17 09:36:00,49.5,49.5,49.4,49.5,3620.0,HALO
2023-02-17 09:35:00,49.43,49.43,49.43,49.43,357.0,HALO
2023-02-17 09:34:00,49.33,49.39,49.27,49.39,1411.0,HALO
2023-02-17 09:33:00,49.255,49.255,49.255,49.255,451.0,HALO
2023-02-17 09:32:00,49.16,49.42,49.09,49.22,2782.0,HALO
2023-02-17 09:31:00,49.48,49.48,49.1,49.38,55620.0,HALO
