date,1. open,2. high,3. low,4. close,5. volume,Ticker
2023-04-28 16:01:00,6.28,6.28,6.28,6.28,2370.0,LUNA
2023-04-28 16:00:00,6.3,6.31,6.27,6.27,3302.0,LUNA
2023-04-28 15:59:00,6.3,6.3,6.285,6.3,970.0,LUNA
2023-04-28 15:58:00,6.29,6.3,6.29,6.3,1220.0,LUNA
2023-04-28 15:57:00,6.28,6.29,6.28,6.29,1507.0,LUNA
2023-04-28 15:56:00,6.23,6.28,6.23,6.28,1888.0,LUNA
2023-04-28 15:55:00,6.23,6.23,6.23,6.23,2210.0,LUNA
2023-04-28 15:54:00,6.22,6.22,6.22,6.22,856.0,LUNA
2023-04-28 15:53:00,6.2206,6.2206,6.21,6.22,1619.0,LUNA
2023-04-28 15:52:00,6.235,6.235,6.22,6.22,984.0,LUNA
2023-04-28 15:51:00,6.22,6.22,6.22,6.22,208.0,LUNA
2023-04-28 15:50:00,6.23,6.23,6.23,6.23,240.0,LUNA
2023-04-28 15:48:00,6.22,6.22,6.22,6.22,1797.0,LUNA
2023-04-28 15:45:00,6.2299,6.2299,6.2299,6.2299,504.0,LUNA
2023-04-28 15:43:00,6.23,6.23,6.215,6.215,1143.0,LUNA
2023-04-28 15:42:00,6.2,6.24,6.2,6.24,1431.0,LUNA
2023-04-28 15:41:00,6.19,6.2,6.19,6.2,903.0,LUNA
2023-04-28 15:39:00,6.19,6.19,6.19,6.19,228.0,LUNA
2023-04-28 15:38:00,6.19,6.19,6.19,6.19,230.0,LUNA
2023-04-28 15:36:00,6.19,6.19,6.19,6.19,100.0,LUNA
2023-04-28 15:35:00,6.19,6.19,6.19,6.19,164.0,LUNA
2023-04-28 15:34:00,6.19,6.19,6.19,6.19,390.0,LUNA
2023-04-28 15:30:00,6.19,6.19,6.19,6.19,282.0,LUNA
2023-04-28 15:29:00,6.19,6.19,6.19,6.19,438.0,LUNA
2023-04-28 15:28:00,6.21,6.21,6.2,6.2,746.0,LUNA
2023-04-28 15:24:00,6.21,6.21,6.21,6.21,200.0,LUNA
2023-04-28 15:23:00,6.213,6.213,6.213,6.213,107.0,LUNA
2023-04-28 15:22:00,6.22,6.22,6.22,6.22,200.0,LUNA
2023-04-28 15:21:00,6.215,6.22,6.21,6.215,1568.0,LUNA
2023-04-28 15:18:00,6.23,6.23,6.21,6.21,1284.0,LUNA
2023-04-28 15:17:00,6.23,6.23,6.23,6.23,102.0,LUNA
2023-04-28 15:14:00,6.23,6.23,6.23,6.23,194.0,LUNA
2023-04-28 15:13:00,6.24,6.24,6.24,6.24,369.0,LUNA
2023-04-28 15:09:00,6.24,6.24,6.24,6.24,380.0,LUNA
2023-04-28 15:02:00,6.2483,6.2483,6.2483,6.2483,115.0,LUNA
2023-04-28 15:01:00,6.2481,6.2481,6.2481,6.2481,341.0,LUNA
2023-04-28 14:56:00,6.25,6.25,6.25,6.25,298.0,LUNA
2023-04-28 14:54:00,6.25,6.255,6.25,6.255,778.0,LUNA
2023-04-28 14:53:00,6.26,6.26,6.26,6.26,165.0,LUNA
2023-04-28 14:51:00,6.27,6.27,6.26,6.26,948.0,LUNA
2023-04-28 14:49:00,6.26,6.26,6.26,6.26,144.0,LUNA
2023-04-28 14:43:00,6.24,6.255,6.24,6.255,1503.0,LUNA
2023-04-28 14:37:00,6.25,6.25,6.25,6.25,112.0,LUNA
2023-04-28 14:36:00,6.25,6.25,6.25,6.25,109.0,LUNA
2023-04-28 14:33:00,6.24,6.24,6.24,6.24,216.0,LUNA
2023-04-28 14:29:00,6.245,6.245,6.245,6.245,413.0,LUNA
2023-04-28 14:18:00,6.26,6.26,6.26,6.26,311.0,LUNA
2023-04-28 14:11:00,6.25,6.25,6.25,6.25,791.0,LUNA
2023-04-28 14:02:00,6.251,6.251,6.251,6.251,464.0,LUNA
2023-04-28 13:56:00,6.3,6.3001,6.27,6.3,2990.0,LUNA
2023-04-28 13:55:00,6.31,6.31,6.31,6.31,224.0,LUNA
2023-04-28 13:54:00,6.3,6.3,6.3,6.3,445.0,LUNA
2023-04-28 13:45:00,6.29,6.29,6.29,6.29,201.0,LUNA
2023-04-28 13:41:00,6.28,6.29,6.28,6.29,2243.0,LUNA
2023-04-28 13:37:00,6.3,6.3,6.3,6.3,386.0,LUNA
2023-04-28 13:31:00,6.29,6.29,6.29,6.29,502.0,LUNA
2023-04-28 13:27:00,6.31,6.31,6.31,6.31,219.0,LUNA
2023-04-28 13:21:00,6.31,6.31,6.31,6.31,299.0,LUNA
2023-04-28 13:10:00,6.31,6.31,6.29,6.29,955.0,LUNA
2023-04-28 13:09:00,6.31,6.31,6.31,6.31,139.0,LUNA
2023-04-28 13:08:00,6.295,6.31,6.295,6.31,763.0,LUNA
2023-04-28 13:04:00,6.28,6.28,6.28,6.28,175.0,LUNA
2023-04-28 13:03:00,6.3,6.3,6.3,6.3,693.0,LUNA
2023-04-28 13:02:00,6.301,6.301,6.301,6.301,158.0,LUNA
2023-04-28 12:45:00,6.32,6.32,6.32,6.32,565.0,LUNA
2023-04-28 12:41:00,6.34,6.34,6.32,6.32,503.0,LUNA
2023-04-28 12:37:00,6.32,6.32,6.32,6.32,315.0,LUNA
2023-04-28 12:35:00,6.36,6.36,6.36,6.36,333.0,LUNA
2023-04-28 12:34:00,6.35,6.35,6.35,6.35,793.0,LUNA
2023-04-28 12:33:00,6.35,6.35,6.35,6.35,714.0,LUNA
2023-04-28 12:30:00,6.33,6.33,6.33,6.33,105.0,LUNA
2023-04-28 12:22:00,6.33,6.33,6.33,6.33,169.0,LUNA
2023-04-28 12:21:00,6.322,6.322,6.322,6.322,200.0,LUNA
2023-04-28 12:15:00,6.33,6.34,6.33,6.3315,724.0,LUNA
2023-04-28 12:12:00,6.32,6.32,6.32,6.32,187.0,LUNA
2023-04-28 12:11:00,6.32,6.32,6.32,6.32,258.0,LUNA
2023-04-28 11:59:00,6.325,6.325,6.325,6.325,590.0,LUNA
2023-04-28 11:57:00,6.32,6.32,6.32,6.32,200.0,LUNA
2023-04-28 11:52:00,6.31,6.31,6.31,6.31,108.0,LUNA
2023-04-28 11:51:00,6.31,6.31,6.31,6.31,110.0,LUNA
2023-04-28 11:41:00,6.3045,6.3045,6.3045,6.3045,103.0,LUNA
2023-04-28 11:37:00,6.29,6.29,6.29,6.29,136.0,LUNA
2023-04-28 11:36:00,6.285,6.3,6.28,6.28,2069.0,LUNA
2023-04-28 11:29:00,6.28,6.28,6.28,6.28,697.0,LUNA
2023-04-28 11:28:00,6.3044,6.3044,6.3,6.3,1514.0,LUNA
2023-04-28 11:27:00,6.3265,6.3265,6.325,6.325,346.0,LUNA
2023-04-28 11:25:00,6.3016,6.3016,6.3016,6.3016,1003.0,LUNA
2023-04-28 11:18:00,6.29,6.29,6.29,6.29,331.0,LUNA
2023-04-28 11:14:00,6.28,6.305,6.28,6.305,1558.0,LUNA
2023-04-28 11:06:00,6.275,6.275,6.275,6.275,185.0,LUNA
2023-04-28 11:01:00,6.3,6.3,6.3,6.3,317.0,LUNA
2023-04-28 11:00:00,6.29,6.29,6.29,6.29,200.0,LUNA
2023-04-28 10:56:00,6.325,6.325,6.325,6.325,214.0,LUNA
2023-04-28 10:52:00,6.3199,6.32,6.3199,6.32,1515.0,LUNA
2023-04-28 10:50:00,6.3035,6.3035,6.3035,6.3035,332.0,LUNA
2023-04-28 10:38:00,6.32,6.32,6.32,6.32,750.0,LUNA
2023-04-28 10:32:00,6.31,6.31,6.31,6.31,606.0,LUNA
2023-04-28 10:31:00,6.35,6.35,6.32,6.32,1483.0,LUNA
2023-04-28 10:26:00,6.35,6.35,6.35,6.35,642.0,LUNA
2023-04-28 10:24:00,6.34,6.34,6.3201,6.3201,1101.0,LUNA
2023-04-28 10:23:00,6.31,6.34,6.31,6.34,1732.0,LUNA
2023-04-28 10:20:00,6.331,6.331,6.331,6.331,304.0,LUNA
2023-04-28 10:19:00,6.33,6.33,6.33,6.33,116.0,LUNA
2023-04-28 10:17:00,6.3499,6.3499,6.3499,6.3499,202.0,LUNA
2023-04-28 10:16:00,6.35,6.35,6.33,6.33,500.0,LUNA
2023-04-28 10:11:00,6.31,6.33,6.31,6.325,1205.0,LUNA
2023-04-28 10:10:00,6.29,6.29,6.29,6.29,102.0,LUNA
2023-04-28 10:09:00,6.29,6.29,6.29,6.29,2353.0,LUNA
2023-04-28 10:08:00,6.32,6.32,6.26,6.26,4515.0,LUNA
2023-04-28 10:04:00,6.3,6.3,6.3,6.3,206.0,LUNA
2023-04-28 10:00:00,6.312,6.312,6.312,6.312,1031.0,LUNA
2023-04-28 09:57:00,6.345,6.345,6.345,6.345,450.0,LUNA
2023-04-28 09:56:00,6.35,6.35,6.35,6.35,124.0,LUNA
2023-04-28 09:55:00,6.34,6.34,6.34,6.34,100.0,LUNA
2023-04-28 09:54:00,6.34,6.34,6.34,6.34,100.0,LUNA
2023-04-28 09:53:00,6.31,6.33,6.31,6.33,576.0,LUNA
2023-04-28 09:50:00,6.34,6.34,6.34,6.34,300.0,LUNA
2023-04-28 09:49:00,6.3367,6.3367,6.3367,6.3367,150.0,LUNA
2023-04-28 09:47:00,6.35,6.35,6.35,6.35,205.0,LUNA
2023-04-28 09:46:00,6.33,6.34,6.33,6.34,802.0,LUNA
2023-04-28 09:44:00,6.29,6.29,6.29,6.29,199.0,LUNA
2023-04-28 09:38:00,6.35,6.35,6.35,6.35,142.0,LUNA
2023-04-28 09:32:00,6.3,6.31,6.19,6.215,2700.0,LUNA
2023-04-28 09:31:00,6.27,6.27,6.08,6.08,2443.0,LUNA
2023-04-27 18:13:00,6.36,6.36,6.36,6.36,150.0,LUNA
2023-04-27 17:06:00,6.4,6.4,6.4,6.4,150.0,LUNA
2023-04-27 16:00:00,6.27,6.27,6.24,6.24,1738.0,LUNA
2023-04-27 15:59:00,6.25,6.26,6.25,6.26,1184.0,LUNA
2023-04-27 15:58:00,6.27,6.28,6.26,6.26,2829.0,LUNA
2023-04-27 15:57:00,6.27,6.27,6.27,6.27,926.0,LUNA
2023-04-27 15:56:00,6.27,6.27,6.27,6.27,654.0,LUNA
2023-04-27 15:55:00,6.28,6.28,6.26,6.26,510.0,LUNA
2023-04-27 15:54:00,6.265,6.265,6.265,6.265,328.0,LUNA
2023-04-27 15:53:00,6.25,6.26,6.25,6.26,1104.0,LUNA
2023-04-27 15:52:00,6.25,6.25,6.25,6.25,256.0,LUNA
2023-04-27 15:50:00,6.22,6.25,6.22,6.25,655.0,LUNA
2023-04-27 15:48:00,6.22,6.22,6.22,6.22,552.0,LUNA
2023-04-27 15:47:00,6.25,6.25,6.25,6.25,218.0,LUNA
2023-04-27 15:46:00,6.23,6.235,6.23,6.235,1272.0,LUNA
2023-04-27 15:45:00,6.215,6.215,6.215,6.215,216.0,LUNA
2023-04-27 15:44:00,6.215,6.215,6.215,6.215,506.0,LUNA
2023-04-27 15:42:00,6.22,6.22,6.22,6.22,100.0,LUNA
2023-04-27 15:41:00,6.23,6.23,6.22,6.22,807.0,LUNA
2023-04-27 15:38:00,6.235,6.235,6.235,6.235,201.0,LUNA
2023-04-27 15:34:00,6.23,6.24,6.23,6.235,829.0,LUNA
2023-04-27 15:33:00,6.23,6.23,6.23,6.23,832.0,LUNA
2023-04-27 15:32:00,6.215,6.215,6.215,6.215,208.0,LUNA
2023-04-27 15:29:00,6.2,6.22,6.2,6.22,1384.0,LUNA
2023-04-27 15:27:00,6.185,6.2,6.185,6.2,401.0,LUNA
2023-04-27 15:25:00,6.1775,6.185,6.1775,6.185,509.0,LUNA
2023-04-27 15:19:00,6.18,6.18,6.18,6.18,1821.0,LUNA
2023-04-27 15:17:00,6.163,6.163,6.163,6.163,365.0,LUNA
2023-04-27 15:16:00,6.16,6.16,6.16,6.16,512.0,LUNA
2023-04-27 15:12:00,6.165,6.165,6.165,6.165,210.0,LUNA
2023-04-27 15:11:00,6.185,6.185,6.185,6.185,100.0,LUNA
2023-04-27 15:09:00,6.18,6.18,6.18,6.18,300.0,LUNA
2023-04-27 15:07:00,6.19,6.19,6.18,6.18,380.0,LUNA
2023-04-27 15:06:00,6.18,6.18,6.18,6.18,320.0,LUNA
2023-04-27 15:01:00,6.2,6.2001,6.2,6.2001,4545.0,LUNA
2023-04-27 15:00:00,6.2175,6.2175,6.2175,6.2175,195.0,LUNA
2023-04-27 14:57:00,6.22,6.22,6.22,6.22,398.0,LUNA
2023-04-27 14:50:00,6.23,6.23,6.23,6.23,203.0,LUNA
2023-04-27 14:39:00,6.2342,6.2342,6.215,6.215,255.0,LUNA
2023-04-27 14:38:00,6.23,6.23,6.225,6.225,1254.0,LUNA
2023-04-27 14:35:00,6.24,6.24,6.24,6.24,1469.0,LUNA
2023-04-27 14:25:00,6.237,6.237,6.237,6.237,246.0,LUNA
2023-04-27 14:18:00,6.2,6.215,6.2,6.215,1620.0,LUNA
2023-04-27 14:15:00,6.16,6.16,6.16,6.16,117.0,LUNA
2023-04-27 14:11:00,6.16,6.16,6.16,6.16,100.0,LUNA
2023-04-27 14:08:00,6.19,6.19,6.19,6.19,457.0,LUNA
2023-04-27 14:04:00,6.2,6.2,6.2,6.2,332.0,LUNA
2023-04-27 14:01:00,6.2,6.2,6.2,6.2,101.0,LUNA
2023-04-27 14:00:00,6.201,6.23,6.201,6.23,600.0,LUNA
2023-04-27 13:58:00,6.22,6.22,6.22,6.22,380.0,LUNA
2023-04-27 13:55:00,6.22,6.22,6.22,6.22,795.0,LUNA
2023-04-27 13:52:00,6.235,6.235,6.235,6.235,335.0,LUNA
2023-04-27 13:51:00,6.221,6.221,6.221,6.221,433.0,LUNA
2023-04-27 13:49:00,6.21,6.23,6.19,6.23,1422.0,LUNA
2023-04-27 13:46:00,6.19,6.19,6.19,6.19,122.0,LUNA
2023-04-27 13:44:00,6.211,6.211,6.211,6.211,505.0,LUNA
2023-04-27 13:43:00,6.254,6.254,6.254,6.254,775.0,LUNA
2023-04-27 13:42:00,6.23,6.23,6.23,6.23,200.0,LUNA
2023-04-27 13:39:00,6.27,6.27,6.24,6.24,9500.0,LUNA
2023-04-27 13:38:00,6.28,6.28,6.28,6.28,229.0,LUNA
2023-04-27 13:37:00,6.27,6.285,6.2699,6.285,4194.0,LUNA
2023-04-27 13:35:00,6.255,6.27,6.255,6.2687,642.0,LUNA
2023-04-27 13:33:00,6.26,6.26,6.26,6.26,625.0,LUNA
2023-04-27 13:32:00,6.21,6.28,6.21,6.28,7754.0,LUNA
2023-04-27 13:31:00,6.21,6.21,6.21,6.21,770.0,LUNA
2023-04-27 13:29:00,6.23,6.23,6.23,6.23,207.0,LUNA
2023-04-27 13:28:00,6.22,6.22,6.22,6.22,640.0,LUNA
2023-04-27 13:22:00,6.205,6.205,6.205,6.205,156.0,LUNA
2023-04-27 13:08:00,6.21,6.21,6.21,6.21,128.0,LUNA
2023-04-27 13:01:00,6.19,6.217,6.19,6.217,790.0,LUNA
2023-04-27 12:48:00,6.17,6.18,6.17,6.18,309.0,LUNA
2023-04-27 12:41:00,6.16,6.17,6.16,6.17,983.0,LUNA
2023-04-27 12:31:00,6.1667,6.1667,6.1667,6.1667,412.0,LUNA
2023-04-27 12:25:00,6.17,6.17,6.17,6.17,578.0,LUNA
2023-04-27 12:21:00,6.175,6.175,6.175,6.175,201.0,LUNA
2023-04-27 12:04:00,6.18,6.18,6.18,6.18,726.0,LUNA
2023-04-27 12:03:00,6.18,6.21,6.18,6.195,1317.0,LUNA
2023-04-27 11:57:00,6.165,6.165,6.165,6.165,432.0,LUNA
2023-04-27 11:51:00,6.165,6.165,6.165,6.165,178.0,LUNA
2023-04-27 11:48:00,6.1637,6.1637,6.1637,6.1637,152.0,LUNA
2023-04-27 11:45:00,6.15,6.1725,6.15,6.1725,320.0,LUNA
2023-04-27 11:44:00,6.15,6.15,6.15,6.15,200.0,LUNA
2023-04-27 11:40:00,6.17,6.17,6.165,6.165,877.0,LUNA
2023-04-27 11:37:00,6.2,6.2,6.2,6.2,101.0,LUNA
2023-04-27 11:36:00,6.217,6.217,6.217,6.217,518.0,LUNA
2023-04-27 11:35:00,6.22,6.22,6.22,6.22,1015.0,LUNA
2023-04-27 11:34:00,6.21,6.22,6.21,6.22,761.0,LUNA
2023-04-27 11:28:00,6.1893,6.1893,6.1893,6.1893,1003.0,LUNA
2023-04-27 11:26:00,6.16,6.18,6.16,6.18,644.0,LUNA
2023-04-27 11:23:00,6.1105,6.1105,6.11,6.11,1104.0,LUNA
2023-04-27 11:22:00,6.1365,6.1365,6.1365,6.1365,124.0,LUNA
2023-04-27 11:17:00,6.157,6.157,6.157,6.157,203.0,LUNA
2023-04-27 11:03:00,6.12,6.13,6.12,6.13,332.0,LUNA
2023-04-27 11:02:00,6.12,6.12,6.12,6.12,117.0,LUNA
2023-04-27 11:01:00,6.09,6.1,6.09,6.1,1138.0,LUNA
2023-04-27 10:58:00,6.08,6.08,6.07,6.07,683.0,LUNA
2023-04-27 10:54:00,6.0958,6.0958,6.0958,6.0958,345.0,LUNA
2023-04-27 10:48:00,6.09,6.09,6.09,6.09,255.0,LUNA
2023-04-27 10:47:00,6.12,6.12,6.0959,6.0959,204.0,LUNA
2023-04-27 10:40:00,6.105,6.105,6.105,6.105,399.0,LUNA
2023-04-27 10:37:00,6.09,6.09,6.09,6.09,100.0,LUNA
2023-04-27 10:32:00,6.1,6.1,6.1,6.1,605.0,LUNA
2023-04-27 10:26:00,6.13,6.13,6.09,6.11,4290.0,LUNA
2023-04-27 10:15:00,6.13,6.13,6.13,6.13,148.0,LUNA
2023-04-27 10:11:00,6.12,6.12,6.12,6.12,545.0,LUNA
2023-04-27 10:09:00,6.105,6.11,6.105,6.11,445.0,LUNA
2023-04-27 10:08:00,6.13,6.13,6.13,6.13,1164.0,LUNA
2023-04-27 10:06:00,6.13,6.13,6.13,6.13,132.0,LUNA
2023-04-27 10:03:00,6.11,6.13,6.11,6.13,604.0,LUNA
2023-04-27 10:02:00,6.14,6.14,6.14,6.14,425.0,LUNA
2023-04-27 09:55:00,6.16,6.16,6.16,6.16,111.0,LUNA
2023-04-27 09:49:00,6.19,6.19,6.19,6.19,100.0,LUNA
2023-04-27 09:47:00,6.15,6.15,6.15,6.15,605.0,LUNA
2023-04-27 09:46:00,6.17,6.17,6.15,6.15,635.0,LUNA
2023-04-27 09:44:00,6.19,6.2,6.17,6.17,1445.0,LUNA
2023-04-27 09:35:00,6.2,6.2,6.2,6.2,324.0,LUNA
2023-04-27 09:34:00,6.0897,6.0897,6.0897,6.0897,500.0,LUNA
2023-04-27 09:32:00,6.15,6.15,6.15,6.15,810.0,LUNA
2023-04-27 09:31:00,6.21,6.21,6.21,6.21,602.0,LUNA
2023-04-26 16:01:00,6.16,6.16,6.16,6.16,488.0,LUNA
2023-04-26 16:00:00,6.18,6.18,6.16,6.16,4256.0,LUNA
2023-04-26 15:59:00,6.185,6.19,6.18,6.19,2534.0,LUNA
2023-04-26 15:58:00,6.19,6.19,6.18,6.19,991.0,LUNA
2023-04-26 15:57:00,6.195,6.2,6.18,6.19,7897.0,LUNA
2023-04-26 15:56:00,6.19,6.1989,6.19,6.1989,2991.0,LUNA
2023-04-26 15:55:00,6.19,6.19,6.19,6.19,844.0,LUNA
2023-04-26 15:54:00,6.18,6.19,6.18,6.19,858.0,LUNA
2023-04-26 15:53:00,6.176,6.18,6.176,6.18,720.0,LUNA
2023-04-26 15:52:00,6.165,6.175,6.165,6.175,2960.0,LUNA
2023-04-26 15:51:00,6.165,6.165,6.16,6.165,530.0,LUNA
2023-04-26 15:49:00,6.165,6.165,6.16,6.16,412.0,LUNA
2023-04-26 15:48:00,6.165,6.165,6.165,6.165,603.0,LUNA
2023-04-26 15:47:00,6.16,6.16,6.16,6.16,534.0,LUNA
2023-04-26 15:46:00,6.165,6.165,6.165,6.165,252.0,LUNA
2023-04-26 15:45:00,6.17,6.17,6.17,6.17,1472.0,LUNA
2023-04-26 15:43:00,6.18,6.18,6.16,6.16,660.0,LUNA
2023-04-26 15:41:00,6.18,6.18,6.18,6.18,124.0,LUNA
2023-04-26 15:40:00,6.1636,6.1636,6.1636,6.1636,597.0,LUNA
2023-04-26 15:39:00,6.15,6.15,6.15,6.15,126.0,LUNA
2023-04-26 15:38:00,6.18,6.18,6.18,6.18,286.0,LUNA
2023-04-26 15:35:00,6.18,6.18,6.18,6.18,170.0,LUNA
2023-04-26 15:34:00,6.17,6.17,6.161,6.161,2744.0,LUNA
2023-04-26 15:32:00,6.185,6.185,6.18,6.18,356.0,LUNA
2023-04-26 15:24:00,6.18,6.18,6.18,6.18,171.0,LUNA
2023-04-26 15:22:00,6.17,6.17,6.16,6.16,440.0,LUNA
2023-04-26 15:20:00,6.165,6.165,6.165,6.165,204.0,LUNA
2023-04-26 15:13:00,6.16,6.17,6.16,6.165,666.0,LUNA
2023-04-26 15:12:00,6.15,6.16,6.15,6.16,666.0,LUNA
2023-04-26 15:07:00,6.14,6.14,6.14,6.14,163.0,LUNA
2023-04-26 15:05:00,6.13,6.14,6.13,6.14,1474.0,LUNA
2023-04-26 15:04:00,6.1279,6.13,6.1279,6.13,319.0,LUNA
2023-04-26 15:02:00,6.13,6.13,6.13,6.13,100.0,LUNA
2023-04-26 15:01:00,6.13,6.13,6.13,6.13,730.0,LUNA
2023-04-26 15:00:00,6.1376,6.1376,6.1376,6.1376,143.0,LUNA
2023-04-26 14:58:00,6.14,6.14,6.14,6.14,100.0,LUNA
2023-04-26 14:54:00,6.141,6.141,6.14,6.14,1017.0,LUNA
2023-04-26 14:53:00,6.15,6.15,6.15,6.15,1620.0,LUNA
2023-04-26 14:52:00,6.1499,6.1499,6.14,6.14,454.0,LUNA
2023-04-26 14:51:00,6.13,6.13,6.13,6.13,100.0,LUNA
2023-04-26 14:48:00,6.139,6.139,6.13,6.13,556.0,LUNA
2023-04-26 14:38:00,6.14,6.14,6.14,6.14,851.0,LUNA
2023-04-26 14:37:00,6.135,6.135,6.135,6.135,579.0,LUNA
2023-04-26 14:34:00,6.14,6.14,6.14,6.14,329.0,LUNA
2023-04-26 14:33:00,6.15,6.15,6.15,6.15,833.0,LUNA
2023-04-26 14:30:00,6.16,6.16,6.16,6.16,244.0,LUNA
2023-04-26 14:28:00,6.16,6.16,6.16,6.16,201.0,LUNA
2023-04-26 14:25:00,6.16,6.16,6.16,6.16,120.0,LUNA
2023-04-26 14:22:00,6.16,6.16,6.16,6.16,647.0,LUNA
2023-04-26 14:19:00,6.16,6.16,6.16,6.16,645.0,LUNA
2023-04-26 14:16:00,6.16,6.16,6.16,6.16,938.0,LUNA
2023-04-26 14:13:00,6.18,6.18,6.17,6.17,847.0,LUNA
2023-04-26 14:10:00,6.18,6.18,6.18,6.18,171.0,LUNA
2023-04-26 14:08:00,6.19,6.19,6.19,6.19,350.0,LUNA
2023-04-26 14:06:00,6.2,6.2,6.19,6.2,1969.0,LUNA
2023-04-26 14:04:00,6.1801,6.2,6.1801,6.19,1103.0,LUNA
2023-04-26 14:02:00,6.2,6.2,6.2,6.2,101.0,LUNA
2023-04-26 13:55:00,6.18,6.18,6.18,6.18,692.0,LUNA
2023-04-26 13:51:00,6.18,6.18,6.18,6.18,100.0,LUNA
2023-04-26 13:50:00,6.171,6.171,6.17,6.17,1847.0,LUNA
2023-04-26 13:45:00,6.18,6.18,6.18,6.18,741.0,LUNA
2023-04-26 13:43:00,6.21,6.21,6.185,6.185,1202.0,LUNA
2023-04-26 13:41:00,6.18,6.19,6.18,6.19,1652.0,LUNA
2023-04-26 13:37:00,6.17,6.175,6.17,6.175,1076.0,LUNA
2023-04-26 13:36:00,6.14,6.17,6.14,6.16,3625.0,LUNA
2023-04-26 13:35:00,6.14,6.14,6.14,6.14,406.0,LUNA
2023-04-26 13:34:00,6.12,6.12,6.12,6.12,118.0,LUNA
2023-04-26 13:28:00,6.13,6.1305,6.13,6.13,2120.0,LUNA
2023-04-26 13:27:00,6.1301,6.1301,6.1301,6.1301,513.0,LUNA
2023-04-26 13:26:00,6.1301,6.1301,6.13,6.13,378.0,LUNA
2023-04-26 13:20:00,6.15,6.15,6.135,6.135,356.0,LUNA
2023-04-26 13:19:00,6.135,6.135,6.135,6.135,166.0,LUNA
2023-04-26 13:17:00,6.13,6.135,6.13,6.135,808.0,LUNA
2023-04-26 13:16:00,6.115,6.13,6.115,6.12,1033.0,LUNA
2023-04-26 13:15:00,6.11,6.12,6.11,6.12,961.0,LUNA
2023-04-26 13:14:00,6.11,6.11,6.11,6.11,205.0,LUNA
2023-04-26 13:12:00,6.115,6.115,6.11,6.11,442.0,LUNA
2023-04-26 13:11:00,6.11,6.115,6.11,6.115,677.0,LUNA
2023-04-26 13:06:00,6.11,6.11,6.11,6.11,179.0,LUNA
2023-04-26 13:05:00,6.11,6.11,6.11,6.11,166.0,LUNA
2023-04-26 13:03:00,6.14,6.14,6.12,6.12,629.0,LUNA
2023-04-26 13:02:00,6.11,6.13,6.11,6.13,3133.0,LUNA
2023-04-26 13:00:00,6.1165,6.1165,6.11,6.11,964.0,LUNA
2023-04-26 12:59:00,6.1175,6.1175,6.1175,6.1175,514.0,LUNA
2023-04-26 12:58:00,6.12,6.12,6.12,6.12,134.0,LUNA
2023-04-26 12:56:00,6.13,6.13,6.12,6.12,401.0,LUNA
2023-04-26 12:55:00,6.12,6.12,6.12,6.12,201.0,LUNA
2023-04-26 12:52:00,6.11,6.11,6.11,6.11,101.0,LUNA
2023-04-26 12:43:00,6.11,6.11,6.11,6.11,610.0,LUNA
2023-04-26 12:42:00,6.125,6.125,6.125,6.125,100.0,LUNA
2023-04-26 12:35:00,6.11,6.11,6.11,6.11,106.0,LUNA
2023-04-26 12:28:00,6.12,6.12,6.12,6.12,288.0,LUNA
2023-04-26 12:27:00,6.11,6.11,6.11,6.11,313.0,LUNA
2023-04-26 12:26:00,6.11,6.115,6.11,6.115,397.0,LUNA
2023-04-26 12:24:00,6.1,6.1,6.1,6.1,200.0,LUNA
2023-04-26 12:20:00,6.11,6.11,6.101,6.101,414.0,LUNA
2023-04-26 12:17:00,6.11,6.12,6.11,6.12,997.0,LUNA
2023-04-26 12:16:00,6.11,6.11,6.11,6.11,201.0,LUNA
2023-04-26 12:15:00,6.118,6.118,6.118,6.118,152.0,LUNA
2023-04-26 12:11:00,6.12,6.12,6.12,6.12,522.0,LUNA
2023-04-26 12:10:00,6.14,6.14,6.14,6.14,127.0,LUNA
2023-04-26 12:08:00,6.12,6.12,6.12,6.12,165.0,LUNA
2023-04-26 12:05:00,6.12,6.12,6.12,6.12,448.0,LUNA
2023-04-26 12:04:00,6.13,6.13,6.13,6.13,514.0,LUNA
2023-04-26 12:03:00,6.14,6.14,6.121,6.121,213.0,LUNA
2023-04-26 12:02:00,6.13,6.13,6.13,6.13,367.0,LUNA
2023-04-26 11:55:00,6.125,6.127,6.125,6.125,447.0,LUNA
2023-04-26 11:53:00,6.12,6.12,6.12,6.12,200.0,LUNA
2023-04-26 11:51:00,6.14,6.14,6.125,6.125,204.0,LUNA
2023-04-26 11:48:00,6.135,6.135,6.12,6.121,1630.0,LUNA
2023-04-26 11:47:00,6.13,6.13,6.13,6.13,586.0,LUNA
2023-04-26 11:45:00,6.11,6.11,6.11,6.11,300.0,LUNA
2023-04-26 11:43:00,6.11,6.11,6.11,6.11,371.0,LUNA
2023-04-26 11:39:00,6.08,6.09,6.08,6.09,1280.0,LUNA
2023-04-26 11:38:00,6.08,6.08,6.08,6.08,817.0,LUNA
2023-04-26 11:36:00,6.11,6.11,6.095,6.095,261.0,LUNA
2023-04-26 11:35:00,6.11,6.11,6.09,6.09,680.0,LUNA
2023-04-26 11:34:00,6.12,6.12,6.1,6.1,870.0,LUNA
2023-04-26 11:32:00,6.115,6.115,6.1,6.115,1225.0,LUNA
2023-04-26 11:30:00,6.13,6.13,6.13,6.13,369.0,LUNA
2023-04-26 11:29:00,6.11,6.11,6.11,6.11,141.0,LUNA
2023-04-26 11:27:00,6.12,6.12,6.12,6.12,698.0,LUNA
2023-04-26 11:26:00,6.101,6.115,6.1,6.115,822.0,LUNA
2023-04-26 11:24:00,6.101,6.101,6.101,6.101,300.0,LUNA
2023-04-26 11:22:00,6.115,6.115,6.115,6.115,201.0,LUNA
2023-04-26 11:21:00,6.12,6.12,6.12,6.12,309.0,LUNA
2023-04-26 11:19:00,6.121,6.121,6.12,6.12,437.0,LUNA
2023-04-26 11:18:00,6.12,6.13,6.11,6.13,1593.0,LUNA
2023-04-26 11:16:00,6.125,6.125,6.125,6.125,100.0,LUNA
2023-04-26 11:14:00,6.125,6.125,6.125,6.125,210.0,LUNA
2023-04-26 11:10:00,6.14,6.14,6.12,6.12,2142.0,LUNA
2023-04-26 11:09:00,6.15,6.15,6.15,6.15,323.0,LUNA
2023-04-26 11:08:00,6.13,6.14,6.13,6.14,1773.0,LUNA
2023-04-26 11:07:00,6.12,6.12,6.12,6.12,197.0,LUNA
2023-04-26 11:04:00,6.12,6.12,6.12,6.12,201.0,LUNA
2023-04-26 11:02:00,6.1,6.1,6.1,6.1,710.0,LUNA
2023-04-26 11:01:00,6.1,6.1,6.1,6.1,111.0,LUNA
2023-04-26 11:00:00,6.075,6.09,6.075,6.09,499.0,LUNA
2023-04-26 10:52:00,6.07,6.08,6.07,6.08,1441.0,LUNA
2023-04-26 10:51:00,6.09,6.09,6.09,6.09,100.0,LUNA
2023-04-26 10:50:00,6.1,6.1,6.1,6.1,1321.0,LUNA
2023-04-26 10:49:00,6.08,6.08,6.08,6.08,131.0,LUNA
2023-04-26 10:46:00,6.07,6.075,6.07,6.075,912.0,LUNA
2023-04-26 10:43:00,6.03,6.045,6.03,6.04,1025.0,LUNA
2023-04-26 10:42:00,6.05,6.05,6.05,6.05,1051.0,LUNA
2023-04-26 10:34:00,6.06,6.06,6.06,6.06,403.0,LUNA
2023-04-26 10:30:00,6.03,6.03,6.03,6.03,418.0,LUNA
2023-04-26 10:29:00,6.02,6.02,6.02,6.02,848.0,LUNA
2023-04-26 10:28:00,5.99,5.99,5.99,5.99,143.0,LUNA
2023-04-26 10:25:00,5.99,5.99,5.99,5.99,406.0,LUNA
2023-04-26 10:24:00,6.01,6.01,6.01,6.01,278.0,LUNA
2023-04-26 10:18:00,6.06,6.06,6.02,6.02,870.0,LUNA
2023-04-26 10:15:00,6.1,6.1,6.1,6.1,200.0,LUNA
2023-04-26 10:10:00,6.09,6.09,6.09,6.09,300.0,LUNA
2023-04-26 10:09:00,6.0,6.06,6.0,6.06,2268.0,LUNA
2023-04-26 10:08:00,6.0,6.0,6.0,6.0,157.0,LUNA
2023-04-26 10:06:00,6.0299,6.0299,6.0299,6.0299,271.0,LUNA
2023-04-26 10:04:00,6.0,6.0,6.0,6.0,357.0,LUNA
2023-04-26 10:03:00,5.98,5.98,5.98,5.98,113.0,LUNA
2023-04-26 10:02:00,6.005,6.005,6.005,6.005,180.0,LUNA
2023-04-26 10:01:00,6.0056,6.0056,6.0056,6.0056,511.0,LUNA
2023-04-26 09:59:00,6.015,6.015,6.01,6.01,453.0,LUNA
2023-04-26 09:57:00,6.04,6.04,6.04,6.04,620.0,LUNA
2023-04-26 09:56:00,6.055,6.055,6.055,6.055,200.0,LUNA
2023-04-26 09:55:00,6.08,6.08,6.08,6.08,255.0,LUNA
2023-04-26 09:54:00,6.07,6.07,6.06,6.06,693.0,LUNA
2023-04-26 09:53:00,6.07,6.07,6.07,6.07,299.0,LUNA
2023-04-26 09:52:00,6.07,6.07,6.07,6.07,329.0,LUNA
2023-04-26 09:51:00,6.05,6.06,6.05,6.06,666.0,LUNA
2023-04-26 09:49:00,5.97,6.04,5.97,6.04,1649.0,LUNA
2023-04-26 09:46:00,5.9,5.9,5.9,5.9,234.0,LUNA
2023-04-26 09:43:00,6.02,6.02,5.92,5.92,12340.0,LUNA
2023-04-26 09:33:00,6.06,6.06,6.06,6.06,200.0,LUNA
2023-04-26 09:31:00,6.0,6.0,6.0,6.0,767.0,LUNA
2023-04-25 16:01:00,5.98,5.98,5.98,5.98,710.0,LUNA
2023-04-25 16:00:00,6.0,6.01,5.96,5.96,4983.0,LUNA
2023-04-25 15:59:00,5.99,6.0,5.98,6.0,2097.0,LUNA
2023-04-25 15:58:00,5.965,5.99,5.96,5.99,2617.0,LUNA
2023-04-25 15:57:00,5.965,5.97,5.965,5.97,787.0,LUNA
2023-04-25 15:56:00,5.96,5.97,5.96,5.97,4389.0,LUNA
2023-04-25 15:55:00,5.9545,5.97,5.95,5.96,2062.0,LUNA
2023-04-25 15:54:00,5.97,5.97,5.95,5.95,1310.0,LUNA
2023-04-25 15:53:00,5.98,5.98,5.97,5.97,1825.0,LUNA
2023-04-25 15:52:00,5.99,5.99,5.99,5.99,533.0,LUNA
2023-04-25 15:51:00,5.99,5.99,5.99,5.99,718.0,LUNA
2023-04-25 15:50:00,6.0,6.0,6.0,6.0,403.0,LUNA
2023-04-25 15:49:00,6.0,6.0,5.995,5.995,988.0,LUNA
2023-04-25 15:48:00,6.0,6.0,6.0,6.0,2540.0,LUNA
2023-04-25 15:47:00,6.01,6.02,6.0,6.02,2519.0,LUNA
2023-04-25 15:46:00,5.995,6.01,5.995,6.01,2649.0,LUNA
2023-04-25 15:45:00,5.995,5.995,5.99,5.99,914.0,LUNA
2023-04-25 15:44:00,5.995,5.995,5.995,5.995,353.0,LUNA
2023-04-25 15:43:00,6.0,6.0,5.99,5.995,1013.0,LUNA
2023-04-25 15:42:00,6.0,6.0,6.0,6.0,420.0,LUNA
2023-04-25 15:41:00,6.0,6.0,6.0,6.0,600.0,LUNA
2023-04-25 15:40:00,6.005,6.005,6.0,6.0,2278.0,LUNA
2023-04-25 15:39:00,6.005,6.005,6.005,6.005,440.0,LUNA
2023-04-25 15:38:00,6.005,6.005,6.005,6.005,897.0,LUNA
2023-04-25 15:36:00,6.005,6.005,6.005,6.005,277.0,LUNA
2023-04-25 15:35:00,6.01,6.01,6.005,6.005,704.0,LUNA
2023-04-25 15:34:00,6.01,6.01,6.01,6.01,146.0,LUNA
2023-04-25 15:31:00,5.99,6.01,5.99,6.01,2835.0,LUNA
2023-04-25 15:30:00,5.985,5.985,5.985,5.985,335.0,LUNA
2023-04-25 15:29:00,5.99,5.99,5.99,5.99,101.0,LUNA
2023-04-25 15:28:00,5.9899,5.9899,5.98,5.98,1263.0,LUNA
2023-04-25 15:27:00,5.99,5.99,5.99,5.99,365.0,LUNA
2023-04-25 15:26:00,5.99,5.99,5.99,5.99,632.0,LUNA
2023-04-25 15:25:00,5.991,5.991,5.991,5.991,222.0,LUNA
2023-04-25 15:23:00,6.0,6.0,5.99,5.99,778.0,LUNA
2023-04-25 15:22:00,5.9949,5.9949,5.9949,5.9949,1804.0,LUNA
2023-04-25 15:21:00,6.0,6.0,6.0,6.0,103.0,LUNA
2023-04-25 15:20:00,6.01,6.01,6.01,6.01,163.0,LUNA
2023-04-25 15:19:00,5.995,5.995,5.995,5.995,153.0,LUNA
2023-04-25 15:17:00,6.01,6.01,5.995,5.995,267.0,LUNA
2023-04-25 15:14:00,5.995,5.995,5.995,5.995,200.0,LUNA
2023-04-25 15:10:00,6.0,6.0,6.0,6.0,778.0,LUNA
2023-04-25 15:09:00,5.995,5.995,5.995,5.995,200.0,LUNA
2023-04-25 15:07:00,6.0,6.0,5.995,5.995,377.0,LUNA
2023-04-25 15:06:00,5.99,5.99,5.99,5.99,1564.0,LUNA
2023-04-25 15:05:00,5.99,5.99,5.975,5.99,833.0,LUNA
2023-04-25 15:03:00,5.97,5.97,5.97,5.97,332.0,LUNA
2023-04-25 15:00:00,5.9748,5.9748,5.9748,5.9748,327.0,LUNA
2023-04-25 14:57:00,6.0,6.0,6.0,6.0,464.0,LUNA
2023-04-25 14:56:00,6.0,6.0,6.0,6.0,119.0,LUNA
2023-04-25 14:54:00,6.0,6.0,6.0,6.0,152.0,LUNA
2023-04-25 14:51:00,6.005,6.005,6.005,6.005,205.0,LUNA
2023-04-25 14:46:00,6.01,6.01,6.005,6.005,252.0,LUNA
2023-04-25 14:42:00,6.0,6.0,5.975,6.0,1100.0,LUNA
2023-04-25 14:41:00,5.96,5.99,5.96,5.99,3651.0,LUNA
2023-04-25 14:40:00,5.95,5.95,5.95,5.95,290.0,LUNA
2023-04-25 14:39:00,5.95,5.95,5.95,5.95,755.0,LUNA
2023-04-25 14:37:00,5.94,5.96,5.93,5.93,3605.0,LUNA
2023-04-25 14:36:00,5.9696,5.97,5.9696,5.97,2500.0,LUNA
2023-04-25 14:32:00,5.955,5.955,5.955,5.955,942.0,LUNA
2023-04-25 14:30:00,5.955,5.955,5.955,5.955,100.0,LUNA
2023-04-25 14:28:00,5.95,5.95,5.95,5.95,200.0,LUNA
2023-04-25 14:27:00,5.95,5.96,5.95,5.96,1322.0,LUNA
2023-04-25 14:26:00,5.96,5.96,5.94,5.94,1730.0,LUNA
2023-04-25 14:25:00,5.945,5.945,5.945,5.945,315.0,LUNA
2023-04-25 14:22:00,5.96,5.96,5.96,5.96,144.0,LUNA
2023-04-25 14:21:00,5.96,5.96,5.96,5.96,483.0,LUNA
2023-04-25 14:20:00,5.97,5.97,5.97,5.97,100.0,LUNA
2023-04-25 14:16:00,5.92,5.92,5.92,5.92,152.0,LUNA
2023-04-25 14:13:00,5.945,5.945,5.945,5.945,100.0,LUNA
2023-04-25 14:09:00,5.95,5.95,5.95,5.95,551.0,LUNA
2023-04-25 14:08:00,5.95,5.96,5.95,5.95,1027.0,LUNA
2023-04-25 14:07:00,5.95,5.96,5.95,5.96,500.0,LUNA
2023-04-25 14:06:00,5.96,5.97,5.95,5.96,1915.0,LUNA
2023-04-25 14:05:00,5.9419,5.96,5.94,5.95,5746.0,LUNA
2023-04-25 14:04:00,5.94,5.94,5.93,5.93,1519.0,LUNA
2023-04-25 13:49:00,5.95,5.95,5.95,5.95,100.0,LUNA
2023-04-25 13:47:00,5.92,5.935,5.92,5.935,252.0,LUNA
2023-04-25 13:42:00,5.92,5.92,5.92,5.92,200.0,LUNA
2023-04-25 13:32:00,5.93,5.93,5.93,5.93,269.0,LUNA
2023-04-25 13:27:00,5.945,5.95,5.945,5.95,1000.0,LUNA
2023-04-25 13:21:00,5.94,5.94,5.93,5.94,1732.0,LUNA
2023-04-25 13:18:00,5.93,5.93,5.92,5.92,3402.0,LUNA
2023-04-25 13:17:00,5.94,5.94,5.94,5.94,516.0,LUNA
2023-04-25 13:15:00,5.94,5.94,5.94,5.94,100.0,LUNA
2023-04-25 13:14:00,5.9599,5.9599,5.9599,5.9599,571.0,LUNA
2023-04-25 13:13:00,5.94,5.94,5.94,5.94,307.0,LUNA
2023-04-25 13:12:00,5.9599,5.9599,5.9599,5.9599,225.0,LUNA
2023-04-25 13:08:00,5.94,5.94,5.94,5.94,200.0,LUNA
2023-04-25 13:02:00,5.93,5.93,5.93,5.93,400.0,LUNA
2023-04-25 13:01:00,5.9352,5.9352,5.9352,5.9352,200.0,LUNA
2023-04-25 12:55:00,5.93,5.93,5.93,5.93,100.0,LUNA
2023-04-25 12:54:00,5.93,5.93,5.93,5.93,200.0,LUNA
2023-04-25 12:49:00,5.93,5.93,5.93,5.93,200.0,LUNA
2023-04-25 12:48:00,5.945,5.959,5.945,5.959,782.0,LUNA
2023-04-25 12:45:00,5.93,5.93,5.93,5.93,112.0,LUNA
2023-04-25 12:42:00,5.945,5.945,5.945,5.945,112.0,LUNA
2023-04-25 12:40:00,5.93,5.93,5.93,5.93,504.0,LUNA
2023-04-25 12:36:00,5.965,5.965,5.95,5.95,1161.0,LUNA
2023-04-25 12:31:00,5.97,5.97,5.97,5.97,1649.0,LUNA
2023-04-25 12:26:00,5.97,5.97,5.97,5.97,100.0,LUNA
2023-04-25 12:22:00,5.9985,5.9985,5.9985,5.9985,200.0,LUNA
2023-04-25 12:20:00,5.985,5.985,5.985,5.985,201.0,LUNA
2023-04-25 12:18:00,5.97,5.97,5.97,5.97,178.0,LUNA
2023-04-25 12:13:00,6.0,6.0,6.0,6.0,221.0,LUNA
2023-04-25 12:09:00,5.99,5.99,5.99,5.99,237.0,LUNA
2023-04-25 12:07:00,5.97,5.98,5.97,5.98,1005.0,LUNA
2023-04-25 12:06:00,5.96,5.96,5.96,5.96,1397.0,LUNA
2023-04-25 12:04:00,5.95,5.95,5.95,5.95,219.0,LUNA
2023-04-25 12:03:00,5.95,5.95,5.95,5.95,366.0,LUNA
2023-04-25 12:02:00,5.95,5.95,5.95,5.95,100.0,LUNA
2023-04-25 12:00:00,5.94,5.94,5.94,5.94,252.0,LUNA
2023-04-25 11:59:00,5.95,5.95,5.95,5.95,100.0,LUNA
2023-04-25 11:57:00,5.94,5.94,5.94,5.94,442.0,LUNA
2023-04-25 11:55:00,5.96,5.96,5.96,5.96,200.0,LUNA
2023-04-25 11:44:00,5.97,5.97,5.96,5.96,851.0,LUNA
2023-04-25 11:40:00,5.9701,5.99,5.9701,5.99,1872.0,LUNA
2023-04-25 11:36:00,5.99,5.99,5.99,5.99,710.0,LUNA
2023-04-25 11:35:00,6.0,6.0,6.0,6.0,100.0,LUNA
2023-04-25 11:34:00,6.01,6.01,6.01,6.01,128.0,LUNA
2023-04-25 11:32:00,6.0,6.0,6.0,6.0,508.0,LUNA
2023-04-25 11:31:00,5.98,5.99,5.98,5.99,2389.0,LUNA
2023-04-25 11:29:00,5.98,5.98,5.98,5.98,1929.0,LUNA
2023-04-25 11:28:00,5.9785,5.9785,5.97,5.97,1208.0,LUNA
2023-04-25 11:26:00,5.9799,5.9799,5.9799,5.9799,200.0,LUNA
2023-04-25 11:25:00,5.97,5.97,5.97,5.97,208.0,LUNA
2023-04-25 11:24:00,5.97,5.97,5.97,5.97,286.0,LUNA
2023-04-25 11:19:00,5.96,5.96,5.96,5.96,100.0,LUNA
2023-04-25 11:18:00,5.97,5.97,5.96,5.96,683.0,LUNA
2023-04-25 11:12:00,5.99,5.99,5.99,5.99,115.0,LUNA
2023-04-25 11:10:00,5.98,5.99,5.98,5.99,770.0,LUNA
2023-04-25 11:09:00,5.94,5.98,5.94,5.98,2445.0,LUNA
2023-04-25 11:08:00,5.9426,5.9426,5.94,5.94,1414.0,LUNA
2023-04-25 11:06:00,5.935,5.96,5.93,5.945,1580.0,LUNA
2023-04-25 11:04:00,5.92,5.94,5.92,5.92,781.0,LUNA
2023-04-25 11:03:00,5.92,5.92,5.92,5.92,438.0,LUNA
2023-04-25 11:02:00,5.93,5.93,5.93,5.93,218.0,LUNA
2023-04-25 11:00:00,5.96,5.96,5.95,5.96,803.0,LUNA
2023-04-25 10:59:00,5.96,5.96,5.96,5.96,224.0,LUNA
2023-04-25 10:58:00,5.96,5.96,5.96,5.96,289.0,LUNA
2023-04-25 10:57:00,5.98,5.98,5.94,5.965,1488.0,LUNA
2023-04-25 10:54:00,5.9948,5.9948,5.9948,5.9948,255.0,LUNA
2023-04-25 10:50:00,6.0,6.0,6.0,6.0,200.0,LUNA
2023-04-25 10:49:00,5.98,6.0,5.96,6.0,5481.0,LUNA
2023-04-25 10:47:00,5.9659,5.975,5.9659,5.975,275.0,LUNA
2023-04-25 10:45:00,5.975,5.975,5.975,5.975,292.0,LUNA
2023-04-25 10:43:00,5.975,5.99,5.975,5.985,4137.0,LUNA
2023-04-25 10:42:00,5.96,5.96,5.96,5.96,244.0,LUNA
2023-04-25 10:41:00,5.975,5.975,5.975,5.975,215.0,LUNA
2023-04-25 10:39:00,6.03,6.03,5.99,5.99,35339.0,LUNA
2023-04-25 10:38:00,6.03,6.03,6.03,6.03,438.0,LUNA
2023-04-25 10:37:00,6.03,6.03,6.03,6.03,140.0,LUNA
2023-04-25 10:36:00,6.03,6.03,6.03,6.03,1026.0,LUNA
2023-04-25 10:35:00,6.03,6.03,6.03,6.03,491.0,LUNA
2023-04-25 10:34:00,6.03,6.03,6.03,6.03,1028.0,LUNA
2023-04-25 10:31:00,6.054,6.054,6.054,6.054,206.0,LUNA
2023-04-25 10:27:00,6.03,6.03,6.03,6.03,101.0,LUNA
2023-04-25 10:25:00,6.03,6.03,6.03,6.03,117.0,LUNA
2023-04-25 10:22:00,6.05,6.05,6.05,6.05,419.0,LUNA
2023-04-25 10:15:00,6.04,6.04,6.04,6.04,101.0,LUNA
2023-04-25 10:14:00,6.05,6.05,6.05,6.05,233.0,LUNA
2023-04-25 10:13:00,6.0601,6.0601,6.0601,6.0601,1355.0,LUNA
2023-04-25 10:12:00,6.07,6.07,6.07,6.07,340.0,LUNA
2023-04-25 10:10:00,6.08,6.08,6.08,6.08,380.0,LUNA
2023-04-25 10:06:00,6.07,6.07,6.07,6.07,219.0,LUNA
2023-04-25 10:05:00,6.1,6.1,6.085,6.085,310.0,LUNA
2023-04-25 10:00:00,6.08,6.08,6.08,6.08,157.0,LUNA
2023-04-25 09:57:00,6.1,6.1,6.08,6.08,357.0,LUNA
2023-04-25 09:56:00,6.09,6.09,6.09,6.09,418.0,LUNA
2023-04-25 09:55:00,6.05,6.08,6.05,6.08,527.0,LUNA
2023-04-25 09:53:00,6.05,6.05,6.05,6.05,176.0,LUNA
2023-04-25 09:51:00,6.11,6.11,6.11,6.11,100.0,LUNA
2023-04-25 09:46:00,6.15,6.15,6.15,6.15,121.0,LUNA
2023-04-25 09:37:00,6.105,6.105,6.105,6.105,400.0,LUNA
2023-04-25 09:34:00,6.1313,6.1313,6.1175,6.1175,310.0,LUNA
2023-04-25 09:31:00,6.09,6.09,6.09,6.09,707.0,LUNA
2023-04-24 16:01:00,6.13,6.13,6.13,6.13,2671.0,LUNA
2023-04-24 16:00:00,6.15,6.16,6.13,6.15,5034.0,LUNA
2023-04-24 15:59:00,6.145,6.15,6.145,6.15,800.0,LUNA
2023-04-24 15:58:00,6.14,6.15,6.14,6.15,1202.0,LUNA
2023-04-24 15:57:00,6.14,6.14,6.13,6.13,873.0,LUNA
2023-04-24 15:55:00,6.13,6.13,6.13,6.13,486.0,LUNA
2023-04-24 15:54:00,6.14,6.14,6.13,6.13,2069.0,LUNA
2023-04-24 15:53:00,6.14,6.14,6.13,6.13,922.0,LUNA
2023-04-24 15:52:00,6.12,6.13,6.12,6.13,1784.0,LUNA
2023-04-24 15:51:00,6.12,6.12,6.12,6.12,893.0,LUNA
2023-04-24 15:50:00,6.12,6.12,6.12,6.12,296.0,LUNA
2023-04-24 15:49:00,6.12,6.12,6.12,6.12,1287.0,LUNA
2023-04-24 15:46:00,6.13,6.13,6.12,6.12,538.0,LUNA
2023-04-24 15:42:00,6.12,6.12,6.12,6.12,151.0,LUNA
2023-04-24 15:41:00,6.12,6.12,6.12,6.12,719.0,LUNA
2023-04-24 15:39:00,6.11,6.125,6.11,6.125,2131.0,LUNA
2023-04-24 15:37:00,6.105,6.105,6.1,6.1,579.0,LUNA
2023-04-24 15:36:00,6.105,6.105,6.105,6.105,184.0,LUNA
2023-04-24 15:34:00,6.105,6.105,6.105,6.105,218.0,LUNA
2023-04-24 15:22:00,6.1,6.1,6.09,6.09,1302.0,LUNA
2023-04-24 15:21:00,6.09,6.09,6.09,6.09,482.0,LUNA
2023-04-24 15:17:00,6.1,6.1,6.1,6.1,415.0,LUNA
2023-04-24 15:16:00,6.11,6.11,6.1,6.1,938.0,LUNA
2023-04-24 15:13:00,6.12,6.12,6.12,6.12,154.0,LUNA
2023-04-24 15:12:00,6.13,6.13,6.13,6.13,307.0,LUNA
2023-04-24 15:10:00,6.12,6.12,6.12,6.12,666.0,LUNA
2023-04-24 15:08:00,6.11,6.11,6.105,6.105,1677.0,LUNA
2023-04-24 15:05:00,6.11,6.1129,6.1,6.1,11828.0,LUNA
2023-04-24 15:04:00,6.1,6.1,6.1,6.1,332.0,LUNA
2023-04-24 15:03:00,6.1,6.11,6.1,6.11,553.0,LUNA
2023-04-24 15:02:00,6.11,6.12,6.11,6.12,400.0,LUNA
2023-04-24 15:00:00,6.11,6.11,6.11,6.11,914.0,LUNA
2023-04-24 14:58:00,6.11,6.11,6.11,6.11,439.0,LUNA
2023-04-24 14:56:00,6.125,6.125,6.11,6.125,1579.0,LUNA
2023-04-24 14:51:00,6.125,6.125,6.125,6.125,407.0,LUNA
2023-04-24 14:50:00,6.13,6.13,6.13,6.13,507.0,LUNA
2023-04-24 14:49:00,6.13,6.13,6.13,6.13,100.0,LUNA
2023-04-24 14:48:00,6.13,6.15,6.13,6.15,316.0,LUNA
2023-04-24 14:46:00,6.13,6.13,6.13,6.13,107.0,LUNA
2023-04-24 14:44:00,6.105,6.13,6.105,6.13,947.0,LUNA
2023-04-24 14:43:00,6.1,6.11,6.1,6.1,358.0,LUNA
2023-04-24 14:42:00,6.0999,6.0999,6.0999,6.0999,200.0,LUNA
2023-04-24 14:40:00,6.0901,6.0901,6.0901,6.0901,100.0,LUNA
2023-04-24 14:37:00,6.1,6.1,6.1,6.1,891.0,LUNA
2023-04-24 14:36:00,6.07,6.1,6.07,6.085,3107.0,LUNA
2023-04-24 14:35:00,6.05,6.06,6.05,6.06,1194.0,LUNA
2023-04-24 14:33:00,6.05,6.05,6.05,6.05,1002.0,LUNA
2023-04-24 14:32:00,6.05,6.05,6.05,6.05,301.0,LUNA
2023-04-24 14:30:00,6.05,6.05,6.05,6.05,101.0,LUNA
2023-04-24 14:24:00,6.06,6.06,6.05,6.05,700.0,LUNA
2023-04-24 14:20:00,6.045,6.05,6.045,6.05,1800.0,LUNA
2023-04-24 14:18:00,6.05,6.05,6.05,6.05,467.0,LUNA
2023-04-24 14:15:00,6.05,6.05,6.05,6.05,300.0,LUNA
2023-04-24 14:14:00,6.05,6.06,6.05,6.05,6554.0,LUNA
2023-04-24 14:13:00,6.0647,6.0647,6.05,6.05,2225.0,LUNA
2023-04-24 14:09:00,6.06,6.06,6.06,6.06,1473.0,LUNA
2023-04-24 14:06:00,6.07,6.07,6.07,6.07,366.0,LUNA
2023-04-24 14:00:00,6.0762,6.0762,6.07,6.07,634.0,LUNA
2023-04-24 13:53:00,6.06,6.06,6.06,6.06,110.0,LUNA
2023-04-24 13:46:00,6.07,6.07,6.07,6.07,218.0,LUNA
2023-04-24 13:38:00,6.07,6.07,6.07,6.07,490.0,LUNA
2023-04-24 13:35:00,6.0817,6.0817,6.08,6.08,510.0,LUNA
2023-04-24 13:34:00,6.0854,6.09,6.0854,6.09,2301.0,LUNA
2023-04-24 13:29:00,6.08,6.08,6.08,6.08,986.0,LUNA
2023-04-24 13:28:00,6.075,6.075,6.075,6.075,104.0,LUNA
2023-04-24 13:26:00,6.07,6.07,6.07,6.07,235.0,LUNA
2023-04-24 13:21:00,6.08,6.08,6.08,6.08,226.0,LUNA
2023-04-24 13:19:00,6.07,6.07,6.07,6.07,646.0,LUNA
2023-04-24 13:17:00,6.0824,6.0824,6.0824,6.0824,122.0,LUNA
2023-04-24 13:14:00,6.07,6.07,6.07,6.07,200.0,LUNA
2023-04-24 13:07:00,6.09,6.09,6.09,6.09,200.0,LUNA
2023-04-24 12:56:00,6.1068,6.1068,6.1068,6.1068,330.0,LUNA
2023-04-24 12:55:00,6.095,6.095,6.095,6.095,107.0,LUNA
2023-04-24 12:45:00,6.09,6.1,6.09,6.09,661.0,LUNA
2023-04-24 12:37:00,6.07,6.07,6.07,6.07,602.0,LUNA
2023-04-24 12:36:00,6.06,6.06,6.06,6.06,374.0,LUNA
2023-04-24 12:35:00,6.06,6.06,6.06,6.06,110.0,LUNA
2023-04-24 12:32:00,6.075,6.075,6.075,6.075,100.0,LUNA
2023-04-24 12:31:00,6.09,6.09,6.07,6.07,1654.0,LUNA
2023-04-24 12:23:00,6.1,6.1,6.1,6.1,421.0,LUNA
2023-04-24 12:14:00,6.1,6.1,6.1,6.1,407.0,LUNA
2023-04-24 12:08:00,6.1,6.1,6.1,6.1,123.0,LUNA
2023-04-24 12:03:00,6.1,6.1,6.09,6.09,201.0,LUNA
2023-04-24 12:02:00,6.1,6.1,6.1,6.1,101.0,LUNA
2023-04-24 11:58:00,6.11,6.11,6.1,6.1,801.0,LUNA
2023-04-24 11:57:00,6.1,6.1,6.1,6.1,507.0,LUNA
2023-04-24 11:56:00,6.11,6.11,6.1008,6.1008,1108.0,LUNA
2023-04-24 11:55:00,6.105,6.11,6.105,6.11,1255.0,LUNA
2023-04-24 11:54:00,6.0901,6.105,6.0901,6.105,1603.0,LUNA
2023-04-24 11:53:00,6.1,6.1,6.1,6.1,292.0,LUNA
2023-04-24 11:52:00,6.1,6.1,6.1,6.1,314.0,LUNA
2023-04-24 11:51:00,6.1,6.1,6.1,6.1,504.0,LUNA
2023-04-24 11:50:00,6.1145,6.1145,6.11,6.11,1449.0,LUNA
2023-04-24 11:46:00,6.11,6.11,6.11,6.11,161.0,LUNA
2023-04-24 11:45:00,6.11,6.11,6.11,6.11,102.0,LUNA
2023-04-24 11:40:00,6.12,6.12,6.12,6.12,797.0,LUNA
2023-04-24 11:29:00,6.15,6.15,6.15,6.15,100.0,LUNA
2023-04-24 11:28:00,6.135,6.135,6.135,6.135,100.0,LUNA
2023-04-24 11:25:00,6.1275,6.1275,6.1275,6.1275,100.0,LUNA
2023-04-24 11:22:00,6.12,6.12,6.12,6.12,100.0,LUNA
2023-04-24 11:17:00,6.12,6.14,6.12,6.14,311.0,LUNA
2023-04-24 11:12:00,6.13,6.13,6.13,6.13,367.0,LUNA
2023-04-24 11:10:00,6.18,6.18,6.15,6.15,1330.0,LUNA
2023-04-24 11:09:00,6.15,6.18,6.15,6.18,500.0,LUNA
2023-04-24 11:08:00,6.18,6.18,6.18,6.18,310.0,LUNA
2023-04-24 11:07:00,6.1501,6.1501,6.1501,6.1501,4030.0,LUNA
2023-04-24 10:55:00,6.17,6.17,6.17,6.17,496.0,LUNA
2023-04-24 10:43:00,6.17,6.17,6.17,6.17,300.0,LUNA
2023-04-24 10:42:00,6.17,6.17,6.17,6.17,218.0,LUNA
2023-04-24 10:41:00,6.1776,6.1776,6.1776,6.1776,346.0,LUNA
2023-04-24 10:35:00,6.195,6.195,6.195,6.195,199.0,LUNA
2023-04-24 10:29:00,6.205,6.205,6.205,6.205,139.0,LUNA
2023-04-24 10:26:00,6.2056,6.2056,6.2056,6.2056,200.0,LUNA
2023-04-24 10:18:00,6.22,6.22,6.22,6.22,141.0,LUNA
2023-04-24 10:15:00,6.2,6.2,6.2,6.2,100.0,LUNA
2023-04-24 10:06:00,6.2,6.2,6.2,6.2,200.0,LUNA
2023-04-24 10:04:00,6.21,6.2107,6.21,6.2107,201.0,LUNA
2023-04-24 10:03:00,6.2,6.2,6.2,6.2,104.0,LUNA
2023-04-24 10:00:00,6.2,6.2,6.2,6.2,359.0,LUNA
2023-04-24 09:57:00,6.2,6.2,6.2,6.2,423.0,LUNA
2023-04-24 09:50:00,6.2,6.2,6.2,6.2,100.0,LUNA
2023-04-24 09:46:00,6.22,6.22,6.22,6.22,295.0,LUNA
2023-04-24 09:45:00,6.21,6.21,6.21,6.21,100.0,LUNA
2023-04-24 09:37:00,6.25,6.25,6.25,6.25,302.0,LUNA
2023-04-24 09:34:00,6.24,6.25,6.24,6.25,336.0,LUNA
2023-04-24 09:31:00,6.26,6.26,6.23,6.23,4419.0,LUNA
2023-04-24 08:49:00,6.2793,6.2793,6.2793,6.2793,201.0,LUNA
2023-04-21 16:00:00,6.27,6.29,6.26,6.26,4641.0,LUNA
2023-04-21 15:59:00,6.27,6.27,6.25,6.26,2661.0,LUNA
2023-04-21 15:58:00,6.27,6.27,6.26,6.26,3146.0,LUNA
2023-04-21 15:57:00,6.25,6.261,6.25,6.261,961.0,LUNA
2023-04-21 15:55:00,6.25,6.27,6.24,6.26,3693.0,LUNA
2023-04-21 15:54:00,6.26,6.26,6.25,6.26,1342.0,LUNA
2023-04-21 15:53:00,6.25,6.25,6.245,6.245,258.0,LUNA
2023-04-21 15:52:00,6.26,6.26,6.25,6.25,427.0,LUNA
2023-04-21 15:51:00,6.2594,6.2594,6.23,6.25,1104.0,LUNA
2023-04-21 15:50:00,6.25,6.25,6.25,6.25,124.0,LUNA
2023-04-21 15:41:00,6.27,6.27,6.26,6.26,666.0,LUNA
2023-04-21 15:22:00,6.29,6.29,6.27,6.27,645.0,LUNA
2023-04-21 15:21:00,6.27,6.27,6.27,6.27,215.0,LUNA
2023-04-21 15:17:00,6.29,6.29,6.29,6.29,100.0,LUNA
2023-04-21 15:16:00,6.275,6.275,6.275,6.275,100.0,LUNA
2023-04-21 15:06:00,6.29,6.29,6.29,6.29,100.0,LUNA
2023-04-21 15:02:00,6.31,6.31,6.31,6.31,213.0,LUNA
2023-04-21 15:00:00,6.3,6.3,6.295,6.295,965.0,LUNA
2023-04-21 14:59:00,6.3199,6.3199,6.3199,6.3199,283.0,LUNA
2023-04-21 14:48:00,6.32,6.32,6.32,6.32,132.0,LUNA
2023-04-21 14:47:00,6.31,6.31,6.31,6.31,212.0,LUNA
2023-04-21 14:45:00,6.3093,6.3093,6.3093,6.3093,444.0,LUNA
2023-04-21 14:42:00,6.315,6.315,6.315,6.315,121.0,LUNA
2023-04-21 14:25:00,6.32,6.32,6.315,6.315,559.0,LUNA
2023-04-21 14:11:00,6.32,6.32,6.32,6.32,100.0,LUNA
2023-04-21 14:08:00,6.33,6.33,6.33,6.33,612.0,LUNA
2023-04-21 13:59:00,6.32,6.32,6.32,6.32,270.0,LUNA
2023-04-21 13:55:00,6.32,6.32,6.31,6.32,767.0,LUNA
2023-04-21 13:54:00,6.32,6.32,6.32,6.32,227.0,LUNA
2023-04-21 13:50:00,6.3117,6.3117,6.3117,6.3117,413.0,LUNA
2023-04-21 13:47:00,6.31,6.31,6.31,6.31,121.0,LUNA
2023-04-21 13:36:00,6.325,6.325,6.325,6.325,216.0,LUNA
2023-04-21 13:31:00,6.32,6.32,6.32,6.32,293.0,LUNA
2023-04-21 13:28:00,6.32,6.32,6.32,6.32,137.0,LUNA
2023-04-21 13:18:00,6.33,6.33,6.33,6.33,110.0,LUNA
2023-04-21 13:17:00,6.33,6.33,6.33,6.33,300.0,LUNA
2023-04-21 13:16:00,6.34,6.34,6.34,6.34,100.0,LUNA
2023-04-21 13:15:00,6.34,6.34,6.34,6.34,100.0,LUNA
2023-04-21 13:08:00,6.36,6.36,6.35,6.35,953.0,LUNA
2023-04-21 13:04:00,6.345,6.345,6.345,6.345,200.0,LUNA
2023-04-21 12:59:00,6.36,6.36,6.36,6.36,246.0,LUNA
2023-04-21 12:54:00,6.34,6.35,6.34,6.34,2543.0,LUNA
2023-04-21 12:52:00,6.32,6.32,6.32,6.32,100.0,LUNA
2023-04-21 12:50:00,6.33,6.33,6.33,6.33,200.0,LUNA
2023-04-21 12:49:00,6.32,6.32,6.32,6.32,236.0,LUNA
2023-04-21 12:41:00,6.33,6.33,6.33,6.33,221.0,LUNA
2023-04-21 12:39:00,6.34,6.34,6.34,6.34,575.0,LUNA
2023-04-21 12:38:00,6.35,6.35,6.35,6.35,165.0,LUNA
2023-04-21 12:25:00,6.35,6.35,6.35,6.35,100.0,LUNA
2023-04-21 12:22:00,6.35,6.35,6.35,6.35,489.0,LUNA
2023-04-21 12:21:00,6.35,6.36,6.34,6.36,707.0,LUNA
2023-04-21 12:20:00,6.34,6.34,6.34,6.34,341.0,LUNA
2023-04-21 12:10:00,6.3443,6.3443,6.3443,6.3443,113.0,LUNA
2023-04-21 12:04:00,6.32,6.32,6.32,6.32,155.0,LUNA
2023-04-21 12:03:00,6.33,6.33,6.33,6.33,105.0,LUNA
2023-04-21 12:02:00,6.34,6.34,6.34,6.34,397.0,LUNA
2023-04-21 12:00:00,6.34,6.34,6.34,6.34,114.0,LUNA
2023-04-21 11:58:00,6.3265,6.3265,6.3265,6.3265,314.0,LUNA
2023-04-21 11:50:00,6.325,6.325,6.325,6.325,409.0,LUNA
2023-04-21 11:44:00,6.32,6.32,6.32,6.32,364.0,LUNA
2023-04-21 11:42:00,6.31,6.31,6.31,6.31,100.0,LUNA
2023-04-21 11:39:00,6.325,6.325,6.325,6.325,100.0,LUNA
2023-04-21 11:37:00,6.325,6.325,6.325,6.325,100.0,LUNA
2023-04-21 11:36:00,6.313,6.313,6.313,6.313,100.0,LUNA
2023-04-21 11:33:00,6.305,6.34,6.305,6.34,1909.0,LUNA
2023-04-21 11:32:00,6.3,6.3,6.3,6.3,214.0,LUNA
2023-04-21 11:21:00,6.29,6.29,6.29,6.29,176.0,LUNA
2023-04-21 11:18:00,6.29,6.29,6.29,6.29,101.0,LUNA
2023-04-21 11:11:00,6.28,6.28,6.28,6.28,390.0,LUNA
2023-04-21 10:55:00,6.27,6.27,6.27,6.27,256.0,LUNA
2023-04-21 10:53:00,6.26,6.26,6.26,6.26,672.0,LUNA
2023-04-21 10:47:00,6.23,6.23,6.23,6.23,220.0,LUNA
2023-04-21 10:46:00,6.27,6.27,6.25,6.25,827.0,LUNA
2023-04-21 10:42:00,6.2999,6.2999,6.285,6.285,1197.0,LUNA
2023-04-21 10:37:00,6.29,6.29,6.29,6.29,238.0,LUNA
2023-04-21 10:34:00,6.29,6.29,6.29,6.29,323.0,LUNA
2023-04-21 10:33:00,6.2757,6.3089,6.27,6.3089,1000.0,LUNA
2023-04-21 10:32:00,6.2861,6.2861,6.2861,6.2861,295.0,LUNA
2023-04-21 10:26:00,6.285,6.285,6.27,6.27,278.0,LUNA
2023-04-21 10:14:00,6.3,6.3,6.275,6.275,1147.0,LUNA
2023-04-21 10:12:00,6.3,6.3,6.3,6.3,755.0,LUNA
2023-04-21 10:09:00,6.27,6.27,6.27,6.27,414.0,LUNA
2023-04-21 09:54:00,6.27,6.27,6.27,6.27,114.0,LUNA
2023-04-21 09:50:00,6.28,6.28,6.28,6.28,432.0,LUNA
2023-04-21 09:41:00,6.24,6.24,6.24,6.24,183.0,LUNA
2023-04-21 09:38:00,6.26,6.26,6.26,6.26,500.0,LUNA
2023-04-21 09:37:00,6.26,6.26,6.26,6.26,333.0,LUNA
2023-04-21 09:36:00,6.25,6.25,6.22,6.22,660.0,LUNA
2023-04-21 09:31:00,6.31,6.31,6.3,6.3,789.0,LUNA
2023-04-20 16:01:00,6.3,6.3,6.3,6.3,3254.0,LUNA
2023-04-20 16:00:00,6.3,6.305,6.29,6.305,1007.0,LUNA
2023-04-20 15:59:00,6.29,6.3,6.29,6.29,986.0,LUNA
2023-04-20 15:58:00,6.29,6.3,6.29,6.3,2233.0,LUNA
2023-04-20 15:57:00,6.295,6.295,6.29,6.29,2342.0,LUNA
2023-04-20 15:56:00,6.28,6.28,6.28,6.28,920.0,LUNA
2023-04-20 15:55:00,6.31,6.31,6.28,6.28,3960.0,LUNA
2023-04-20 15:54:00,6.31,6.31,6.3088,6.3088,423.0,LUNA
2023-04-20 15:53:00,6.31,6.31,6.31,6.31,102.0,LUNA
2023-04-20 15:51:00,6.32,6.32,6.31,6.315,937.0,LUNA
2023-04-20 15:48:00,6.32,6.32,6.32,6.32,100.0,LUNA
2023-04-20 15:47:00,6.32,6.32,6.32,6.32,100.0,LUNA
2023-04-20 15:44:00,6.32,6.32,6.32,6.32,200.0,LUNA
2023-04-20 15:41:00,6.32,6.32,6.32,6.32,100.0,LUNA
2023-04-20 15:39:00,6.32,6.32,6.32,6.32,704.0,LUNA
2023-04-20 15:12:00,6.34,6.34,6.33,6.33,1432.0,LUNA
2023-04-20 15:05:00,6.35,6.35,6.34,6.34,1436.0,LUNA
2023-04-20 15:03:00,6.34,6.37,6.3399,6.37,1932.0,LUNA
2023-04-20 14:58:00,6.33,6.33,6.33,6.33,103.0,LUNA
2023-04-20 14:52:00,6.33,6.33,6.33,6.33,100.0,LUNA
2023-04-20 14:51:00,6.33,6.33,6.33,6.33,581.0,LUNA
2023-04-20 14:49:00,6.32,6.32,6.32,6.32,200.0,LUNA
2023-04-20 14:47:00,6.32,6.32,6.32,6.32,1110.0,LUNA
2023-04-20 14:46:00,6.3,6.3,6.3,6.3,224.0,LUNA
2023-04-20 14:45:00,6.3,6.3,6.3,6.3,305.0,LUNA
2023-04-20 14:44:00,6.3116,6.3116,6.3116,6.3116,600.0,LUNA
2023-04-20 14:43:00,6.32,6.32,6.32,6.32,100.0,LUNA
2023-04-20 14:42:00,6.33,6.33,6.32,6.32,1199.0,LUNA
2023-04-20 14:40:00,6.34,6.34,6.34,6.34,1081.0,LUNA
2023-04-20 14:37:00,6.33,6.34,6.33,6.34,300.0,LUNA
2023-04-20 14:36:00,6.35,6.35,6.35,6.35,1303.0,LUNA
2023-04-20 14:35:00,6.34,6.34,6.34,6.34,1479.0,LUNA
2023-04-20 14:32:00,6.35,6.35,6.34,6.34,312.0,LUNA
2023-04-20 14:28:00,6.3799,6.3799,6.3799,6.3799,3020.0,LUNA
2023-04-20 14:25:00,6.32,6.34,6.32,6.3399,8953.0,LUNA
2023-04-20 14:24:00,6.32,6.32,6.32,6.32,100.0,LUNA
2023-04-20 14:22:00,6.31,6.32,6.31,6.32,419.0,LUNA
2023-04-20 14:18:00,6.33,6.33,6.33,6.33,214.0,LUNA
2023-04-20 14:17:00,6.32,6.32,6.32,6.32,270.0,LUNA
2023-04-20 13:57:00,6.34,6.34,6.34,6.34,481.0,LUNA
2023-04-20 13:55:00,6.34,6.34,6.34,6.34,100.0,LUNA
2023-04-20 13:54:00,6.34,6.34,6.34,6.34,300.0,LUNA
2023-04-20 13:44:00,6.33,6.33,6.33,6.33,100.0,LUNA
2023-04-20 13:40:00,6.33,6.33,6.33,6.33,100.0,LUNA
2023-04-20 13:39:00,6.34,6.34,6.34,6.34,101.0,LUNA
2023-04-20 13:35:00,6.34,6.34,6.34,6.34,100.0,LUNA
2023-04-20 13:33:00,6.375,6.375,6.3401,6.3401,516.0,LUNA
2023-04-20 13:32:00,6.34,6.365,6.34,6.365,300.0,LUNA
2023-04-20 13:31:00,6.34,6.34,6.34,6.34,108.0,LUNA
2023-04-20 13:27:00,6.34,6.34,6.34,6.34,100.0,LUNA
2023-04-20 13:25:00,6.38,6.38,6.365,6.37,454.0,LUNA
2023-04-20 13:20:00,6.38,6.38,6.38,6.38,122.0,LUNA
2023-04-20 13:18:00,6.3851,6.3851,6.3851,6.3851,1800.0,LUNA
2023-04-20 13:06:00,6.395,6.395,6.395,6.395,101.0,LUNA
2023-04-20 13:04:00,6.395,6.395,6.395,6.395,209.0,LUNA
2023-04-20 13:02:00,6.38,6.38,6.38,6.38,100.0,LUNA
2023-04-20 13:00:00,6.38,6.38,6.38,6.38,100.0,LUNA
2023-04-20 12:59:00,6.395,6.395,6.395,6.395,135.0,LUNA
2023-04-20 12:58:00,6.383,6.383,6.383,6.383,400.0,LUNA
2023-04-20 12:54:00,6.36,6.385,6.36,6.385,426.0,LUNA
2023-04-20 12:35:00,6.36,6.36,6.36,6.36,1314.0,LUNA
2023-04-20 12:32:00,6.32,6.32,6.32,6.32,110.0,LUNA
2023-04-20 12:27:00,6.34,6.34,6.34,6.34,200.0,LUNA
2023-04-20 12:12:00,6.34,6.34,6.34,6.34,120.0,LUNA
2023-04-20 12:09:00,6.3583,6.3583,6.3583,6.3583,156.0,LUNA
2023-04-20 12:07:00,6.35,6.35,6.35,6.35,100.0,LUNA
2023-04-20 12:05:00,6.3752,6.3752,6.3752,6.3752,283.0,LUNA
2023-04-20 11:53:00,6.37,6.3999,6.37,6.3999,748.0,LUNA
2023-04-20 11:50:00,6.3671,6.3671,6.3671,6.3671,539.0,LUNA
2023-04-20 11:47:00,6.36,6.36,6.36,6.36,462.0,LUNA
2023-04-20 11:38:00,6.36,6.36,6.35,6.35,646.0,LUNA
2023-04-20 11:37:00,6.375,6.375,6.375,6.375,700.0,LUNA
2023-04-20 11:36:00,6.38,6.38,6.38,6.38,603.0,LUNA
2023-04-20 11:23:00,6.3801,6.39,6.38,6.3807,2348.0,LUNA
2023-04-20 11:21:00,6.38,6.38,6.38,6.38,562.0,LUNA
2023-04-20 11:08:00,6.39,6.39,6.385,6.385,510.0,LUNA
2023-04-20 11:07:00,6.395,6.395,6.395,6.395,200.0,LUNA
2023-04-20 11:02:00,6.39,6.39,6.39,6.39,100.0,LUNA
2023-04-20 10:58:00,6.405,6.405,6.39,6.39,204.0,LUNA
2023-04-20 10:57:00,6.41,6.41,6.41,6.41,700.0,LUNA
2023-04-20 10:52:00,6.41,6.41,6.41,6.41,784.0,LUNA
2023-04-20 10:51:00,6.4102,6.4102,6.4102,6.4102,164.0,LUNA
2023-04-20 10:46:00,6.43,6.43,6.43,6.43,121.0,LUNA
2023-04-20 10:45:00,6.425,6.425,6.425,6.425,671.0,LUNA
2023-04-20 10:44:00,6.41,6.41,6.41,6.41,117.0,LUNA
2023-04-20 10:42:00,6.41,6.41,6.41,6.41,119.0,LUNA
2023-04-20 10:38:00,6.41,6.41,6.41,6.41,100.0,LUNA
2023-04-20 10:37:00,6.41,6.425,6.41,6.425,218.0,LUNA
2023-04-20 10:34:00,6.425,6.425,6.425,6.425,100.0,LUNA
2023-04-20 10:32:00,6.41,6.41,6.41,6.41,100.0,LUNA
2023-04-20 10:29:00,6.4224,6.4224,6.4224,6.4224,200.0,LUNA
2023-04-20 10:27:00,6.43,6.43,6.41,6.41,812.0,LUNA
2023-04-20 10:19:00,6.425,6.425,6.425,6.425,100.0,LUNA
2023-04-20 10:17:00,6.39,6.4,6.39,6.4,2138.0,LUNA
2023-04-20 10:08:00,6.36,6.36,6.36,6.36,100.0,LUNA
2023-04-20 10:04:00,6.36,6.36,6.36,6.36,100.0,LUNA
2023-04-20 10:01:00,6.39,6.39,6.39,6.39,400.0,LUNA
2023-04-20 10:00:00,6.37,6.37,6.36,6.36,300.0,LUNA
2023-04-20 09:58:00,6.39,6.4,6.39,6.39,900.0,LUNA
2023-04-20 09:55:00,6.36,6.36,6.36,6.36,202.0,LUNA
2023-04-20 09:51:00,6.3692,6.3692,6.3692,6.3692,3515.0,LUNA
2023-04-20 09:47:00,6.38,6.38,6.38,6.38,200.0,LUNA
2023-04-20 09:42:00,6.405,6.405,6.4,6.4,1109.0,LUNA
2023-04-20 09:41:00,6.45,6.45,6.4,6.4,900.0,LUNA
2023-04-20 09:37:00,6.425,6.425,6.425,6.425,124.0,LUNA
2023-04-20 09:36:00,6.425,6.425,6.425,6.425,155.0,LUNA
2023-04-20 09:31:00,6.42,6.42,6.4,6.4,1232.0,LUNA
2023-04-19 16:00:00,6.46,6.46,6.42,6.44,4248.0,LUNA
2023-04-19 15:59:00,6.45,6.45,6.44,6.45,1138.0,LUNA
2023-04-19 15:58:00,6.44,6.455,6.44,6.455,1615.0,LUNA
2023-04-19 15:57:00,6.44,6.455,6.44,6.455,1142.0,LUNA
2023-04-19 15:56:00,6.46,6.46,6.45,6.455,2582.0,LUNA
2023-04-19 15:53:00,6.44,6.44,6.44,6.44,312.0,LUNA
2023-04-19 15:51:00,6.43,6.44,6.43,6.44,2115.0,LUNA
2023-04-19 15:50:00,6.42,6.43,6.42,6.43,313.0,LUNA
2023-04-19 15:49:00,6.42,6.42,6.42,6.42,142.0,LUNA
2023-04-19 15:48:00,6.42,6.42,6.42,6.42,224.0,LUNA
2023-04-19 15:47:00,6.42,6.42,6.42,6.42,260.0,LUNA
2023-04-19 15:46:00,6.42,6.42,6.42,6.42,1196.0,LUNA
2023-04-19 15:43:00,6.43,6.43,6.43,6.43,378.0,LUNA
2023-04-19 15:41:00,6.44,6.44,6.44,6.44,336.0,LUNA
2023-04-19 15:36:00,6.45,6.45,6.445,6.445,363.0,LUNA
2023-04-19 15:34:00,6.46,6.46,6.45,6.46,1006.0,LUNA
2023-04-19 15:32:00,6.46,6.46,6.46,6.46,1000.0,LUNA
2023-04-19 15:28:00,6.46,6.46,6.46,6.46,221.0,LUNA
2023-04-19 15:24:00,6.47,6.47,6.47,6.47,1246.0,LUNA
2023-04-19 15:23:00,6.46,6.46,6.46,6.46,147.0,LUNA
2023-04-19 15:21:00,6.46,6.46,6.45,6.46,535.0,LUNA
2023-04-19 15:20:00,6.4689,6.4689,6.4689,6.4689,1053.0,LUNA
2023-04-19 15:15:00,6.4484,6.45,6.4484,6.45,795.0,LUNA
2023-04-19 15:00:00,6.4218,6.4218,6.4218,6.4218,300.0,LUNA
2023-04-19 14:57:00,6.4221,6.4221,6.4221,6.4221,200.0,LUNA
2023-04-19 14:52:00,6.4,6.4,6.4,6.4,605.0,LUNA
2023-04-19 14:51:00,6.38,6.39,6.38,6.39,1466.0,LUNA
2023-04-19 14:48:00,6.38,6.38,6.38,6.38,332.0,LUNA
2023-04-19 14:43:00,6.37,6.37,6.37,6.37,344.0,LUNA
2023-04-19 14:37:00,6.3826,6.3826,6.3826,6.3826,250.0,LUNA
2023-04-19 14:33:00,6.38,6.38,6.38,6.38,309.0,LUNA
2023-04-19 14:29:00,6.38,6.38,6.38,6.38,100.0,LUNA
2023-04-19 14:28:00,6.38,6.38,6.38,6.38,100.0,LUNA
2023-04-19 14:24:00,6.3791,6.38,6.375,6.38,1305.0,LUNA
2023-04-19 14:23:00,6.3701,6.3701,6.3701,6.3701,1110.0,LUNA
2023-04-19 14:20:00,6.37,6.385,6.37,6.38,3440.0,LUNA
2023-04-19 14:19:00,6.365,6.37,6.365,6.37,913.0,LUNA
2023-04-19 14:16:00,6.36,6.36,6.36,6.36,1354.0,LUNA
2023-04-19 14:09:00,6.38,6.38,6.365,6.365,682.0,LUNA
2023-04-19 14:05:00,6.38,6.3885,6.38,6.38,869.0,LUNA
2023-04-19 14:01:00,6.4,6.4,6.39,6.39,981.0,LUNA
2023-04-19 13:58:00,6.385,6.385,6.385,6.385,198.0,LUNA
2023-04-19 13:57:00,6.37,6.37,6.37,6.37,188.0,LUNA
2023-04-19 13:56:00,6.37,6.37,6.37,6.37,634.0,LUNA
2023-04-19 13:44:00,6.3604,6.38,6.3604,6.38,475.0,LUNA
2023-04-19 13:39:00,6.3999,6.3999,6.3999,6.3999,831.0,LUNA
2023-04-19 13:28:00,6.375,6.375,6.35,6.35,507.0,LUNA
2023-04-19 13:27:00,6.375,6.375,6.375,6.375,211.0,LUNA
2023-04-19 13:18:00,6.38,6.3935,6.38,6.3935,787.0,LUNA
2023-04-19 13:08:00,6.39,6.39,6.39,6.39,529.0,LUNA
2023-04-19 13:07:00,6.4,6.4,6.4,6.4,100.0,LUNA
2023-04-19 12:58:00,6.4,6.4,6.4,6.4,437.0,LUNA
2023-04-19 12:56:00,6.39,6.395,6.39,6.395,561.0,LUNA
2023-04-19 12:55:00,6.38,6.41,6.375,6.39,2804.0,LUNA
2023-04-19 12:53:00,6.375,6.375,6.375,6.375,105.0,LUNA
2023-04-19 12:51:00,6.375,6.375,6.375,6.375,169.0,LUNA
2023-04-19 12:47:00,6.38,6.38,6.37,6.37,1657.0,LUNA
2023-04-19 12:46:00,6.38,6.38,6.36,6.36,2751.0,LUNA
2023-04-19 12:45:00,6.3796,6.3796,6.3796,6.3796,400.0,LUNA
2023-04-19 12:44:00,6.37,6.37,6.37,6.37,207.0,LUNA
2023-04-19 12:38:00,6.37,6.37,6.37,6.37,111.0,LUNA
2023-04-19 12:31:00,6.37,6.37,6.37,6.37,171.0,LUNA
2023-04-19 12:28:00,6.365,6.365,6.365,6.365,211.0,LUNA
2023-04-19 12:27:00,6.37,6.37,6.3575,6.3575,211.0,LUNA
2023-04-19 12:25:00,6.37,6.37,6.37,6.37,111.0,LUNA
2023-04-19 12:23:00,6.37,6.37,6.3588,6.3588,200.0,LUNA
2023-04-19 12:22:00,6.37,6.37,6.365,6.365,250.0,LUNA
2023-04-19 12:21:00,6.37,6.37,6.37,6.37,122.0,LUNA
2023-04-19 12:20:00,6.37,6.37,6.37,6.37,100.0,LUNA
2023-04-19 12:19:00,6.37,6.37,6.37,6.37,100.0,LUNA
2023-04-19 12:17:00,6.37,6.37,6.37,6.37,103.0,LUNA
2023-04-19 12:16:00,6.37,6.37,6.37,6.37,100.0,LUNA
2023-04-19 12:14:00,6.35,6.365,6.35,6.365,200.0,LUNA
2023-04-19 12:09:00,6.36,6.37,6.35,6.365,2658.0,LUNA
2023-04-19 12:05:00,6.35,6.35,6.35,6.35,101.0,LUNA
2023-04-19 12:02:00,6.345,6.345,6.345,6.345,100.0,LUNA
2023-04-19 12:01:00,6.34,6.34,6.34,6.34,200.0,LUNA
2023-04-19 11:59:00,6.32,6.32,6.32,6.32,406.0,LUNA
2023-04-19 11:58:00,6.34,6.34,6.34,6.34,233.0,LUNA
2023-04-19 11:57:00,6.34,6.34,6.34,6.34,108.0,LUNA
2023-04-19 11:49:00,6.34,6.34,6.33,6.33,866.0,LUNA
2023-04-19 11:48:00,6.355,6.355,6.355,6.355,854.0,LUNA
2023-04-19 11:45:00,6.37,6.37,6.37,6.37,102.0,LUNA
2023-04-19 11:41:00,6.37,6.37,6.37,6.37,602.0,LUNA
2023-04-19 11:38:00,6.365,6.37,6.3647,6.37,1698.0,LUNA
2023-04-19 11:36:00,6.36,6.37,6.36,6.365,825.0,LUNA
2023-04-19 11:35:00,6.36,6.36,6.36,6.36,103.0,LUNA
2023-04-19 11:33:00,6.36,6.3681,6.36,6.3681,255.0,LUNA
2023-04-19 11:32:00,6.36,6.36,6.36,6.36,412.0,LUNA
2023-04-19 11:30:00,6.37,6.37,6.36,6.3676,828.0,LUNA
2023-04-19 11:29:00,6.37,6.37,6.37,6.37,109.0,LUNA
2023-04-19 11:28:00,6.37,6.37,6.37,6.37,241.0,LUNA
2023-04-19 11:27:00,6.37,6.37,6.37,6.37,159.0,LUNA
2023-04-19 11:19:00,6.375,6.375,6.375,6.375,267.0,LUNA
2023-04-19 11:16:00,6.37,6.375,6.37,6.375,542.0,LUNA
2023-04-19 11:14:00,6.37,6.37,6.37,6.37,106.0,LUNA
2023-04-19 11:04:00,6.36,6.36,6.36,6.36,460.0,LUNA
2023-04-19 11:02:00,6.37,6.39,6.37,6.385,704.0,LUNA
2023-04-19 11:01:00,6.39,6.39,6.38,6.38,433.0,LUNA
2023-04-19 11:00:00,6.4,6.4,6.4,6.4,339.0,LUNA
2023-04-19 10:59:00,6.4,6.4,6.4,6.4,117.0,LUNA
2023-04-19 10:54:00,6.41,6.41,6.41,6.41,339.0,LUNA
2023-04-19 10:52:00,6.435,6.435,6.43,6.43,325.0,LUNA
2023-04-19 10:47:00,6.44,6.44,6.43,6.43,915.0,LUNA
2023-04-19 10:45:00,6.45,6.45,6.45,6.45,237.0,LUNA
2023-04-19 10:43:00,6.45,6.45,6.45,6.45,114.0,LUNA
2023-04-19 10:42:00,6.46,6.46,6.45,6.45,1623.0,LUNA
2023-04-19 10:41:00,6.46,6.46,6.46,6.46,103.0,LUNA
2023-04-19 10:22:00,6.44,6.44,6.44,6.44,257.0,LUNA
2023-04-19 10:21:00,6.46,6.46,6.46,6.46,160.0,LUNA
2023-04-19 10:17:00,6.46,6.46,6.46,6.46,1252.0,LUNA
2023-04-19 10:14:00,6.48,6.48,6.46,6.46,999.0,LUNA
2023-04-19 10:10:00,6.454,6.465,6.454,6.465,300.0,LUNA
2023-04-19 10:09:00,6.47,6.47,6.47,6.47,525.0,LUNA
2023-04-19 10:01:00,6.43,6.44,6.43,6.43,994.0,LUNA
2023-04-19 10:00:00,6.44,6.44,6.43,6.43,2674.0,LUNA
2023-04-19 09:52:00,6.48,6.4978,6.48,6.4978,323.0,LUNA
2023-04-19 09:46:00,6.47,6.47,6.47,6.47,117.0,LUNA
2023-04-19 09:43:00,6.48,6.48,6.48,6.48,110.0,LUNA
2023-04-19 09:41:00,6.48,6.48,6.48,6.48,110.0,LUNA
2023-04-19 09:37:00,6.5101,6.5101,6.5101,6.5101,409.0,LUNA
2023-04-19 09:36:00,6.5599,6.5599,6.5599,6.5599,1060.0,LUNA
2023-04-19 09:33:00,6.46,6.46,6.45,6.45,512.0,LUNA
2023-04-19 09:31:00,6.49,6.49,6.4615,6.4615,5848.0,LUNA
2023-04-19 09:22:00,6.65,6.65,6.65,6.65,250.0,LUNA
2023-04-18 16:00:00,6.49,6.51,6.49,6.49,1824.0,LUNA
2023-04-18 15:59:00,6.51,6.51,6.5,6.5,2077.0,LUNA
2023-04-18 15:58:00,6.51,6.51,6.5,6.5,1507.0,LUNA
2023-04-18 15:57:00,6.505,6.51,6.5,6.5,1593.0,LUNA
2023-04-18 15:56:00,6.5,6.5,6.5,6.5,649.0,LUNA
2023-04-18 15:55:00,6.495,6.5,6.49,6.49,1826.0,LUNA
2023-04-18 15:54:00,6.485,6.495,6.485,6.495,1581.0,LUNA
2023-04-18 15:53:00,6.485,6.49,6.48,6.485,1411.0,LUNA
2023-04-18 15:52:00,6.475,6.49,6.47,6.48,5311.0,LUNA
2023-04-18 15:51:00,6.47,6.48,6.47,6.475,1963.0,LUNA
2023-04-18 15:50:00,6.4778,6.48,6.4775,6.48,415.0,LUNA
2023-04-18 15:49:00,6.48,6.48,6.47,6.47,853.0,LUNA
2023-04-18 15:48:00,6.46,6.48,6.46,6.48,1931.0,LUNA
2023-04-18 15:47:00,6.53,6.53,6.47,6.47,5383.0,LUNA
2023-04-18 15:46:00,6.56,6.56,6.53,6.54,2496.0,LUNA
2023-04-18 15:42:00,6.54,6.55,6.54,6.55,572.0,LUNA
2023-04-18 15:34:00,6.538,6.538,6.538,6.538,444.0,LUNA
2023-04-18 15:30:00,6.53,6.53,6.53,6.53,494.0,LUNA
2023-04-18 15:28:00,6.545,6.545,6.545,6.545,220.0,LUNA
2023-04-18 15:24:00,6.54,6.54,6.54,6.54,150.0,LUNA
2023-04-18 15:23:00,6.55,6.55,6.55,6.55,786.0,LUNA
2023-04-18 15:22:00,6.55,6.55,6.55,6.55,615.0,LUNA
2023-04-18 15:05:00,6.5425,6.5425,6.5425,6.5425,187.0,LUNA
2023-04-18 15:03:00,6.535,6.535,6.535,6.535,100.0,LUNA
2023-04-18 15:00:00,6.52,6.52,6.52,6.52,204.0,LUNA
2023-04-18 14:59:00,6.53,6.53,6.53,6.53,466.0,LUNA
2023-04-18 14:56:00,6.525,6.525,6.525,6.525,100.0,LUNA
2023-04-18 14:54:00,6.52,6.52,6.52,6.52,607.0,LUNA
2023-04-18 14:49:00,6.53,6.53,6.53,6.53,117.0,LUNA
2023-04-18 14:48:00,6.54,6.54,6.5,6.5,2797.0,LUNA
2023-04-18 14:43:00,6.57,6.57,6.56,6.56,929.0,LUNA
2023-04-18 14:40:00,6.56,6.56,6.56,6.56,199.0,LUNA
2023-04-18 14:33:00,6.57,6.57,6.57,6.57,105.0,LUNA
2023-04-18 14:32:00,6.57,6.58,6.56,6.56,1411.0,LUNA
2023-04-18 14:28:00,6.539,6.56,6.539,6.56,4117.0,LUNA
2023-04-18 14:26:00,6.535,6.535,6.52,6.525,947.0,LUNA
2023-04-18 14:19:00,6.5425,6.5425,6.5425,6.5425,100.0,LUNA
2023-04-18 14:18:00,6.5369,6.5369,6.5369,6.5369,1006.0,LUNA
2023-04-18 14:17:00,6.5223,6.5223,6.52,6.52,1531.0,LUNA
2023-04-18 14:14:00,6.535,6.535,6.535,6.535,1861.0,LUNA
2023-04-18 14:12:00,6.5382,6.5382,6.5382,6.5382,108.0,LUNA
2023-04-18 14:11:00,6.54,6.54,6.54,6.54,203.0,LUNA
2023-04-18 14:10:00,6.5206,6.5206,6.5206,6.5206,348.0,LUNA
2023-04-18 14:09:00,6.545,6.55,6.545,6.55,1050.0,LUNA
2023-04-18 14:08:00,6.54,6.54,6.54,6.54,239.0,LUNA
2023-04-18 14:04:00,6.5631,6.5631,6.56,6.56,715.0,LUNA
2023-04-18 14:02:00,6.575,6.58,6.575,6.58,200.0,LUNA
2023-04-18 14:00:00,6.58,6.58,6.564,6.564,1026.0,LUNA
2023-04-18 13:48:00,6.6,6.6,6.58,6.58,479.0,LUNA
2023-04-18 13:47:00,6.59,6.59,6.59,6.59,238.0,LUNA
2023-04-18 13:42:00,6.5899,6.5899,6.585,6.585,1100.0,LUNA
2023-04-18 13:08:00,6.56,6.56,6.56,6.56,165.0,LUNA
2023-04-18 13:02:00,6.59,6.59,6.59,6.59,1144.0,LUNA
2023-04-18 12:59:00,6.591,6.591,6.591,6.591,251.0,LUNA
2023-04-18 12:54:00,6.595,6.595,6.595,6.595,123.0,LUNA
2023-04-18 12:53:00,6.6,6.6,6.6,6.6,361.0,LUNA
2023-04-18 12:47:00,6.603,6.603,6.603,6.603,500.0,LUNA
2023-04-18 12:20:00,6.575,6.58,6.57,6.57,896.0,LUNA
2023-04-18 12:19:00,6.59,6.59,6.58,6.5805,1642.0,LUNA
2023-04-18 12:12:00,6.6,6.6,6.6,6.6,159.0,LUNA
2023-04-18 12:08:00,6.6,6.6,6.6,6.6,746.0,LUNA
2023-04-18 12:07:00,6.61,6.61,6.61,6.61,177.0,LUNA
2023-04-18 12:02:00,6.6,6.62,6.6,6.62,700.0,LUNA
2023-04-18 12:01:00,6.62,6.62,6.6,6.6146,2095.0,LUNA
2023-04-18 12:00:00,6.595,6.595,6.595,6.595,611.0,LUNA
2023-04-18 11:51:00,6.62,6.62,6.58,6.605,4898.0,LUNA
2023-04-18 11:39:00,6.62,6.62,6.61,6.61,731.0,LUNA
2023-04-18 11:37:00,6.64,6.64,6.64,6.64,102.0,LUNA
2023-04-18 11:36:00,6.62,6.62,6.62,6.62,159.0,LUNA
2023-04-18 11:30:00,6.63,6.63,6.63,6.63,381.0,LUNA
2023-04-18 11:27:00,6.64,6.64,6.64,6.64,1877.0,LUNA
2023-04-18 11:22:00,6.64,6.64,6.635,6.635,572.0,LUNA
2023-04-18 11:18:00,6.6599,6.6599,6.6599,6.6599,178.0,LUNA
2023-04-18 11:16:00,6.65,6.65,6.65,6.65,655.0,LUNA
2023-04-18 11:15:00,6.6537,6.6537,6.6537,6.6537,632.0,LUNA
2023-04-18 11:03:00,6.65,6.65,6.65,6.65,583.0,LUNA
2023-04-18 10:56:00,6.65,6.65,6.65,6.65,1042.0,LUNA
2023-04-18 10:42:00,6.65,6.65,6.65,6.65,102.0,LUNA
2023-04-18 10:41:00,6.64,6.64,6.64,6.64,666.0,LUNA
2023-04-18 10:39:00,6.64,6.64,6.64,6.64,105.0,LUNA
2023-04-18 10:37:00,6.63,6.63,6.63,6.63,439.0,LUNA
2023-04-18 10:35:00,6.65,6.65,6.65,6.65,257.0,LUNA
2023-04-18 10:34:00,6.67,6.67,6.67,6.67,100.0,LUNA
2023-04-18 10:33:00,6.66,6.67,6.66,6.67,906.0,LUNA
2023-04-18 10:32:00,6.6348,6.6348,6.6348,6.6348,496.0,LUNA
2023-04-18 10:31:00,6.6227,6.6227,6.6227,6.6227,355.0,LUNA
2023-04-18 10:30:00,6.65,6.65,6.65,6.65,627.0,LUNA
2023-04-18 10:29:00,6.6701,6.6701,6.67,6.67,1256.0,LUNA
2023-04-18 10:28:00,6.67,6.69,6.6638,6.69,1933.0,LUNA
2023-04-18 10:27:00,6.6856,6.6856,6.68,6.68,884.0,LUNA
2023-04-18 10:24:00,6.73,6.73,6.69,6.7,1796.0,LUNA
2023-04-18 10:21:00,6.745,6.745,6.745,6.745,103.0,LUNA
2023-04-18 10:15:00,6.745,6.745,6.745,6.745,356.0,LUNA
2023-04-18 10:13:00,6.745,6.745,6.745,6.745,205.0,LUNA
2023-04-18 10:12:00,6.76,6.76,6.76,6.76,264.0,LUNA
2023-04-18 10:09:00,6.7452,6.7452,6.7452,6.7452,1501.0,LUNA
2023-04-18 10:01:00,6.7374,6.75,6.7374,6.75,1400.0,LUNA
2023-04-18 09:59:00,6.75,6.75,6.75,6.75,612.0,LUNA
2023-04-18 09:58:00,6.72,6.72,6.72,6.72,779.0,LUNA
2023-04-18 09:56:00,6.75,6.75,6.75,6.75,169.0,LUNA
2023-04-18 09:44:00,6.6805,6.6805,6.6805,6.6805,129.0,LUNA
2023-04-18 09:40:00,6.705,6.705,6.705,6.705,114.0,LUNA
2023-04-18 09:37:00,6.705,6.705,6.705,6.705,368.0,LUNA
2023-04-18 09:33:00,6.745,6.81,6.68,6.68,825.0,LUNA
2023-04-18 09:31:00,6.73,6.81,6.73,6.81,1233.0,LUNA
2023-04-17 16:01:00,6.73,6.73,6.73,6.73,3023.0,LUNA
2023-04-17 16:00:00,6.72,6.73,6.71,6.71,6671.0,LUNA
2023-04-17 15:59:00,6.72,6.721,6.72,6.72,1094.0,LUNA
2023-04-17 15:58:00,6.74,6.7403,6.72,6.721,3063.0,LUNA
2023-04-17 15:57:00,6.74,6.74,6.74,6.74,618.0,LUNA
2023-04-17 15:56:00,6.74,6.74,6.74,6.74,883.0,LUNA
2023-04-17 15:55:00,6.75,6.76,6.74,6.74,2181.0,LUNA
2023-04-17 15:53:00,6.75,6.75,6.75,6.75,167.0,LUNA
2023-04-17 15:52:00,6.765,6.78,6.765,6.78,565.0,LUNA
2023-04-17 15:49:00,6.75,6.75,6.75,6.75,363.0,LUNA
2023-04-17 15:48:00,6.7577,6.7577,6.7577,6.7577,345.0,LUNA
2023-04-17 15:46:00,6.755,6.755,6.755,6.755,361.0,LUNA
2023-04-17 15:44:00,6.76,6.76,6.76,6.76,110.0,LUNA
2023-04-17 15:38:00,6.7421,6.75,6.7421,6.75,384.0,LUNA
2023-04-17 15:36:00,6.76,6.76,6.745,6.745,214.0,LUNA
2023-04-17 15:33:00,6.74,6.74,6.74,6.74,314.0,LUNA
2023-04-17 15:32:00,6.74,6.74,6.74,6.74,421.0,LUNA
2023-04-17 15:31:00,6.7378,6.7378,6.7378,6.7378,423.0,LUNA
2023-04-17 15:25:00,6.74,6.74,6.74,6.74,230.0,LUNA
2023-04-17 15:22:00,6.74,6.74,6.74,6.74,154.0,LUNA
2023-04-17 15:21:00,6.735,6.735,6.735,6.735,123.0,LUNA
2023-04-17 15:12:00,6.745,6.745,6.745,6.745,100.0,LUNA
2023-04-17 15:03:00,6.745,6.745,6.745,6.745,281.0,LUNA
2023-04-17 14:57:00,6.74,6.74,6.74,6.74,357.0,LUNA
2023-04-17 14:55:00,6.7599,6.7599,6.7599,6.7599,400.0,LUNA
2023-04-17 14:54:00,6.75,6.75,6.75,6.75,730.0,LUNA
2023-04-17 14:50:00,6.74,6.74,6.74,6.74,333.0,LUNA
2023-04-17 14:43:00,6.73,6.73,6.73,6.73,579.0,LUNA
2023-04-17 14:42:00,6.72,6.72,6.71,6.71,816.0,LUNA
2023-04-17 14:34:00,6.765,6.765,6.74,6.74,3632.0,LUNA
2023-04-17 14:28:00,6.79,6.79,6.75,6.75,225.0,LUNA
2023-04-17 14:25:00,6.79,6.79,6.79,6.79,100.0,LUNA
2023-04-17 14:24:00,6.765,6.765,6.7495,6.7495,287.0,LUNA
2023-04-17 14:15:00,6.765,6.765,6.765,6.765,115.0,LUNA
2023-04-17 14:09:00,6.79,6.79,6.79,6.79,110.0,LUNA
2023-04-17 14:08:00,6.7775,6.7775,6.7775,6.7775,157.0,LUNA
2023-04-17 13:59:00,6.79,6.79,6.79,6.79,200.0,LUNA
2023-04-17 13:58:00,6.765,6.765,6.765,6.765,100.0,LUNA
2023-04-17 13:57:00,6.765,6.765,6.765,6.765,104.0,LUNA
2023-04-17 13:50:00,6.7775,6.7775,6.7775,6.7775,100.0,LUNA
2023-04-17 13:45:00,6.78,6.78,6.75,6.75,847.0,LUNA
2023-04-17 13:40:00,6.7825,6.7825,6.7825,6.7825,100.0,LUNA
2023-04-17 13:33:00,6.765,6.765,6.765,6.765,130.0,LUNA
2023-04-17 13:26:00,6.76,6.76,6.76,6.76,101.0,LUNA
2023-04-17 13:24:00,6.76,6.76,6.76,6.76,515.0,LUNA
2023-04-17 13:22:00,6.765,6.765,6.765,6.765,100.0,LUNA
2023-04-17 13:17:00,6.76,6.76,6.75,6.75,736.0,LUNA
2023-04-17 13:16:00,6.755,6.755,6.755,6.755,306.0,LUNA
2023-04-17 13:13:00,6.75,6.75,6.74,6.74,310.0,LUNA
2023-04-17 13:05:00,6.74,6.74,6.74,6.74,120.0,LUNA
2023-04-17 12:57:00,6.7349,6.7349,6.7349,6.7349,149.0,LUNA
2023-04-17 12:52:00,6.7391,6.7391,6.7391,6.7391,400.0,LUNA
2023-04-17 12:50:00,6.74,6.74,6.74,6.74,100.0,LUNA
2023-04-17 12:49:00,6.7219,6.7219,6.7219,6.7219,755.0,LUNA
2023-04-17 12:42:00,6.72,6.72,6.72,6.72,515.0,LUNA
2023-04-17 12:30:00,6.7,6.7,6.7,6.7,501.0,LUNA
2023-04-17 12:26:00,6.67,6.68,6.665,6.68,8562.0,LUNA
2023-04-17 12:25:00,6.695,6.695,6.68,6.6801,1868.0,LUNA
2023-04-17 12:20:00,6.7049,6.7049,6.7049,6.7049,220.0,LUNA
2023-04-17 12:19:00,6.695,6.695,6.695,6.695,105.0,LUNA
2023-04-17 12:14:00,6.7,6.7,6.7,6.7,226.0,LUNA
2023-04-17 12:12:00,6.7377,6.74,6.69,6.69,10571.0,LUNA
2023-04-17 12:07:00,6.745,6.745,6.745,6.745,172.0,LUNA
2023-04-17 12:05:00,6.76,6.76,6.76,6.76,100.0,LUNA
2023-04-17 12:01:00,6.7375,6.7375,6.7375,6.7375,100.0,LUNA
2023-04-17 11:58:00,6.745,6.745,6.745,6.745,355.0,LUNA
2023-04-17 11:56:00,6.76,6.76,6.76,6.76,100.0,LUNA
2023-04-17 11:51:00,6.745,6.745,6.745,6.745,201.0,LUNA
2023-04-17 11:41:00,6.76,6.76,6.76,6.76,109.0,LUNA
2023-04-17 11:36:00,6.75,6.75,6.75,6.75,336.0,LUNA
2023-04-17 11:31:00,6.76,6.76,6.76,6.76,380.0,LUNA
2023-04-17 11:28:00,6.7825,6.7825,6.763,6.763,573.0,LUNA
2023-04-17 11:24:00,6.775,6.775,6.775,6.775,100.0,LUNA
2023-04-17 11:21:00,6.775,6.775,6.775,6.775,100.0,LUNA
2023-04-17 11:18:00,6.7825,6.7825,6.775,6.775,2684.0,LUNA
2023-04-17 11:12:00,6.77,6.77,6.77,6.77,149.0,LUNA
2023-04-17 11:09:00,6.765,6.8,6.765,6.77,5036.0,LUNA
2023-04-17 11:08:00,6.7651,6.7651,6.7651,6.7651,353.0,LUNA
2023-04-17 11:01:00,6.77,6.77,6.76,6.76,525.0,LUNA
2023-04-17 11:00:00,6.765,6.765,6.755,6.755,210.0,LUNA
2023-04-17 10:53:00,6.7444,6.7444,6.7444,6.7444,110.0,LUNA
2023-04-17 10:50:00,6.765,6.765,6.765,6.765,100.0,LUNA
2023-04-17 10:49:00,6.75,6.75,6.75,6.75,282.0,LUNA
2023-04-17 10:45:00,6.74,6.74,6.74,6.74,284.0,LUNA
2023-04-17 10:40:00,6.78,6.78,6.76,6.76,1222.0,LUNA
2023-04-17 10:39:00,6.7796,6.7796,6.7796,6.7796,244.0,LUNA
2023-04-17 10:35:00,6.78,6.78,6.78,6.78,131.0,LUNA
2023-04-17 10:33:00,6.78,6.78,6.78,6.78,100.0,LUNA
2023-04-17 10:31:00,6.78,6.79,6.775,6.79,1191.0,LUNA
2023-04-17 10:30:00,6.8,6.8,6.79,6.79,570.0,LUNA
2023-04-17 10:25:00,6.8,6.8,6.8,6.8,300.0,LUNA
2023-04-17 10:24:00,6.82,6.82,6.81,6.81,635.0,LUNA
2023-04-17 10:20:00,6.84,6.84,6.81,6.815,4619.0,LUNA
2023-04-17 10:19:00,6.8402,6.8402,6.8402,6.8402,249.0,LUNA
2023-04-17 10:17:00,6.8163,6.8163,6.8163,6.8163,212.0,LUNA
2023-04-17 10:13:00,6.8075,6.8075,6.8075,6.8075,100.0,LUNA
2023-04-17 10:04:00,6.83,6.83,6.83,6.83,101.0,LUNA
2023-04-17 10:01:00,6.81,6.81,6.81,6.81,1500.0,LUNA
2023-04-17 09:58:00,6.7991,6.7991,6.7991,6.7991,401.0,LUNA
2023-04-17 09:55:00,6.77,6.77,6.77,6.77,138.0,LUNA
2023-04-17 09:52:00,6.815,6.815,6.7601,6.761,2987.0,LUNA
2023-04-17 09:49:00,6.82,6.82,6.81,6.81,568.0,LUNA
2023-04-17 09:44:00,6.85,6.85,6.85,6.85,308.0,LUNA
2023-04-17 09:40:00,6.86,6.86,6.86,6.86,396.0,LUNA
2023-04-17 09:34:00,6.8791,6.8791,6.8791,6.8791,585.0,LUNA
2023-04-17 09:32:00,6.83,6.83,6.83,6.83,100.0,LUNA
2023-04-17 09:31:00,6.8,6.9,6.8,6.835,6053.0,LUNA
