date,1. open,2. high,3. low,4. close,5. volume,Ticker
2023-02-03 16:03:00,90.82,90.82,90.82,90.82,1823.0,MAN
2023-02-03 16:02:00,90.82,90.82,90.82,90.82,1273.0,MAN
2023-02-03 16:01:00,90.82,90.82,90.82,90.82,4984.0,MAN
2023-02-03 16:00:00,90.91,90.97,90.82,90.82,8634.0,MAN
2023-02-03 15:59:00,90.88,90.99,90.85,90.88,7749.0,MAN
2023-02-03 15:58:00,90.95,91.01,90.89,90.91,5073.0,MAN
2023-02-03 15:57:00,90.87,90.93,90.87,90.92,3042.0,MAN
2023-02-03 15:56:00,90.81,90.85,90.77,90.84,2751.0,MAN
2023-02-03 15:55:00,90.74,90.82,90.73,90.81,1802.0,MAN
2023-02-03 15:54:00,90.82,90.83,90.74,90.74,2744.0,MAN
2023-02-03 15:53:00,90.78,90.79,90.77,90.78,2046.0,MAN
2023-02-03 15:52:00,90.78,90.78,90.755,90.755,1808.0,MAN
2023-02-03 15:51:00,90.87,90.89,90.81,90.81,2779.0,MAN
2023-02-03 15:50:00,90.97,90.97,90.93,90.93,558.0,MAN
2023-02-03 15:49:00,90.99,90.99,90.955,90.955,1085.0,MAN
2023-02-03 15:48:00,90.96,90.99,90.96,90.985,1362.0,MAN
2023-02-03 15:46:00,91.105,91.13,91.02,91.02,2446.0,MAN
2023-02-03 15:44:00,91.1,91.1,91.1,91.1,258.0,MAN
2023-02-03 15:42:00,91.13,91.17,91.13,91.145,1325.0,MAN
2023-02-03 15:41:00,91.04,91.08,91.04,91.0741,1192.0,MAN
2023-02-03 15:40:00,91.06,91.08,91.04,91.045,663.0,MAN
2023-02-03 15:39:00,91.09,91.09,91.09,91.09,194.0,MAN
2023-02-03 15:38:00,91.14,91.14,91.14,91.14,498.0,MAN
2023-02-03 15:37:00,91.185,91.185,91.185,91.185,223.0,MAN
2023-02-03 15:36:00,91.17,91.19,91.17,91.19,277.0,MAN
2023-02-03 15:35:00,91.295,91.295,91.18,91.18,1199.0,MAN
2023-02-03 15:34:00,91.36,91.36,91.295,91.295,1445.0,MAN
2023-02-03 15:33:00,91.35,91.37,91.35,91.37,757.0,MAN
2023-02-03 15:31:00,91.319,91.319,91.26,91.31,1194.0,MAN
2023-02-03 15:27:00,91.33,91.34,91.33,91.33,438.0,MAN
2023-02-03 15:26:00,91.29,91.29,91.285,91.29,590.0,MAN
2023-02-03 15:25:00,91.3,91.3,91.2636,91.2636,727.0,MAN
2023-02-03 15:24:00,91.34,91.34,91.34,91.34,665.0,MAN
2023-02-03 15:23:00,91.26,91.26,91.25,91.26,917.0,MAN
2023-02-03 15:21:00,91.345,91.35,91.345,91.35,326.0,MAN
2023-02-03 15:20:00,91.35,91.37,91.34,91.355,1029.0,MAN
2023-02-03 15:19:00,91.345,91.345,91.345,91.345,297.0,MAN
2023-02-03 15:18:00,91.295,91.34,91.295,91.34,1724.0,MAN
2023-02-03 15:16:00,91.185,91.185,91.185,91.185,137.0,MAN
2023-02-03 15:14:00,91.27,91.27,91.27,91.27,176.0,MAN
2023-02-03 15:13:00,91.28,91.28,91.27,91.27,575.0,MAN
2023-02-03 15:10:00,91.25,91.25,91.2,91.2,392.0,MAN
2023-02-03 15:09:00,91.18,91.2,91.14,91.2,1612.0,MAN
2023-02-03 15:08:00,91.09,91.13,91.09,91.13,660.0,MAN
2023-02-03 15:07:00,91.07,91.07,91.07,91.07,592.0,MAN
2023-02-03 15:06:00,91.03,91.03,91.03,91.03,684.0,MAN
2023-02-03 15:03:00,91.15,91.15,91.13,91.13,3187.0,MAN
2023-02-03 15:02:00,91.1,91.1,91.1,91.1,279.0,MAN
2023-02-03 15:00:00,91.27,91.29,91.265,91.265,412.0,MAN
2023-02-03 14:59:00,91.265,91.265,91.265,91.265,291.0,MAN
2023-02-03 14:58:00,91.33,91.33,91.33,91.33,414.0,MAN
2023-02-03 14:57:00,91.32,91.32,91.26,91.28,822.0,MAN
2023-02-03 14:56:00,91.395,91.459,91.395,91.42,1389.0,MAN
2023-02-03 14:55:00,91.37,91.38,91.37,91.38,555.0,MAN
2023-02-03 14:54:00,91.265,91.265,91.265,91.265,223.0,MAN
2023-02-03 14:53:00,91.2198,91.24,91.215,91.24,797.0,MAN
2023-02-03 14:52:00,91.255,91.255,91.2,91.21,914.0,MAN
2023-02-03 14:51:00,91.25,91.28,91.235,91.235,623.0,MAN
2023-02-03 14:48:00,91.27,91.275,91.27,91.275,430.0,MAN
2023-02-03 14:47:00,91.285,91.285,91.285,91.285,105.0,MAN
2023-02-03 14:46:00,91.295,91.295,91.295,91.295,462.0,MAN
2023-02-03 14:44:00,91.215,91.215,91.215,91.215,461.0,MAN
2023-02-03 14:42:00,91.42,91.42,91.28,91.28,1782.0,MAN
2023-02-03 14:41:00,91.42,91.42,91.42,91.42,655.0,MAN
2023-02-03 14:40:00,91.44,91.459,91.415,91.415,770.0,MAN
2023-02-03 14:39:00,91.375,91.375,91.375,91.375,112.0,MAN
2023-02-03 14:38:00,91.22,91.32,91.22,91.32,403.0,MAN
2023-02-03 14:37:00,91.09,91.09,91.09,91.09,213.0,MAN
2023-02-03 14:36:00,91.01,91.03,91.01,91.03,1072.0,MAN
2023-02-03 14:33:00,91.005,91.005,90.94,90.94,366.0,MAN
2023-02-03 14:32:00,90.96,91.0,90.96,91.0,620.0,MAN
2023-02-03 14:31:00,91.015,91.015,90.86,90.86,2631.0,MAN
2023-02-03 14:29:00,90.955,90.955,90.955,90.955,124.0,MAN
2023-02-03 14:26:00,90.915,90.915,90.915,90.915,131.0,MAN
2023-02-03 14:24:00,90.97,90.97,90.97,90.97,115.0,MAN
2023-02-03 14:22:00,90.985,90.985,90.985,90.985,410.0,MAN
2023-02-03 14:21:00,90.95,91.01,90.95,91.01,230.0,MAN
2023-02-03 14:19:00,90.96,90.96,90.96,90.96,310.0,MAN
2023-02-03 14:18:00,90.985,90.985,90.91,90.97,888.0,MAN
2023-02-03 14:17:00,90.995,90.995,90.995,90.995,242.0,MAN
2023-02-03 14:15:00,91.02,91.02,91.02,91.02,422.0,MAN
2023-02-03 14:14:00,90.96,90.96,90.96,90.96,381.0,MAN
2023-02-03 14:13:00,90.89,90.94,90.89,90.94,711.0,MAN
2023-02-03 14:12:00,90.97,90.97,90.82,90.82,981.0,MAN
2023-02-03 14:11:00,90.97,90.97,90.97,90.97,110.0,MAN
2023-02-03 14:10:00,90.95,90.95,90.95,90.95,949.0,MAN
2023-02-03 14:09:00,91.04,91.04,91.005,91.005,1344.0,MAN
2023-02-03 14:07:00,90.975,90.975,90.975,90.975,116.0,MAN
2023-02-03 14:06:00,90.93,90.93,90.93,90.93,123.0,MAN
2023-02-03 14:00:00,90.975,90.98,90.92,90.92,1024.0,MAN
2023-02-03 13:59:00,90.98,90.98,90.98,90.98,119.0,MAN
2023-02-03 13:57:00,91.0,91.04,91.0,91.04,459.0,MAN
2023-02-03 13:55:00,91.01,91.01,90.96,90.98,507.0,MAN
2023-02-03 13:54:00,91.01,91.01,91.01,91.01,1059.0,MAN
2023-02-03 13:53:00,91.01,91.01,91.01,91.01,233.0,MAN
2023-02-03 13:52:00,90.925,91.06,90.925,91.06,1207.0,MAN
2023-02-03 13:50:00,90.93,90.93,90.93,90.93,105.0,MAN
2023-02-03 13:46:00,90.92,90.93,90.82,90.93,2274.0,MAN
2023-02-03 13:44:00,90.92,90.92,90.92,90.92,118.0,MAN
2023-02-03 13:43:00,90.92,90.92,90.92,90.92,100.0,MAN
2023-02-03 13:42:00,91.03,91.03,91.03,91.03,477.0,MAN
2023-02-03 13:40:00,91.03,91.08,91.03,91.08,254.0,MAN
2023-02-03 13:39:00,91.03,91.03,91.03,91.03,211.0,MAN
2023-02-03 13:38:00,91.09,91.09,91.03,91.03,657.0,MAN
2023-02-03 13:37:00,91.0,91.0,91.0,91.0,445.0,MAN
2023-02-03 13:34:00,91.005,91.005,91.005,91.005,100.0,MAN
2023-02-03 13:33:00,90.98,90.98,90.98,90.98,100.0,MAN
2023-02-03 13:32:00,91.005,91.005,91.005,91.005,313.0,MAN
2023-02-03 13:31:00,90.95,90.95,90.95,90.95,334.0,MAN
2023-02-03 13:30:00,91.025,91.025,91.025,91.025,118.0,MAN
2023-02-03 13:29:00,91.025,91.025,91.025,91.025,126.0,MAN
2023-02-03 13:27:00,91.03,91.03,91.03,91.03,140.0,MAN
2023-02-03 13:26:00,91.035,91.035,91.035,91.035,456.0,MAN
2023-02-03 13:25:00,91.07,91.07,91.05,91.07,886.0,MAN
2023-02-03 13:24:00,91.13,91.13,91.13,91.13,119.0,MAN
2023-02-03 13:23:00,91.12,91.12,91.12,91.12,400.0,MAN
2023-02-03 13:22:00,91.125,91.125,91.125,91.125,128.0,MAN
2023-02-03 13:21:00,91.13,91.13,91.06,91.06,881.0,MAN
2023-02-03 13:20:00,91.12,91.18,91.12,91.13,1101.0,MAN
2023-02-03 13:19:00,91.06,91.1,91.06,91.1,1006.0,MAN
2023-02-03 13:17:00,90.9685,90.9685,90.9685,90.9685,112.0,MAN
2023-02-03 13:11:00,91.035,91.035,91.035,91.035,240.0,MAN
2023-02-03 13:09:00,91.05,91.05,91.04,91.04,639.0,MAN
2023-02-03 13:08:00,91.045,91.045,90.97,91.005,1347.0,MAN
2023-02-03 13:07:00,91.05,91.05,91.05,91.05,167.0,MAN
2023-02-03 13:06:00,91.08,91.1,91.075,91.075,1793.0,MAN
2023-02-03 13:05:00,91.05,91.08,90.995,90.995,645.0,MAN
2023-02-03 13:04:00,91.09,91.09,91.09,91.09,235.0,MAN
2023-02-03 13:03:00,91.305,91.305,91.2,91.2,796.0,MAN
2023-02-03 13:01:00,91.31,91.31,91.31,91.31,113.0,MAN
2023-02-03 12:59:00,91.36,91.36,91.25,91.31,623.0,MAN
2023-02-03 12:58:00,91.43,91.43,91.43,91.43,159.0,MAN
2023-02-03 12:57:00,91.425,91.425,91.425,91.425,108.0,MAN
2023-02-03 12:56:00,91.425,91.425,91.425,91.425,420.0,MAN
2023-02-03 12:55:00,91.42,91.425,91.42,91.425,482.0,MAN
2023-02-03 12:54:00,91.45,91.45,91.45,91.45,288.0,MAN
2023-02-03 12:53:00,91.615,91.615,91.54,91.54,360.0,MAN
2023-02-03 12:51:00,91.65,91.65,91.575,91.65,859.0,MAN
2023-02-03 12:50:00,91.695,91.695,91.695,91.695,120.0,MAN
2023-02-03 12:49:00,91.695,91.695,91.695,91.695,299.0,MAN
2023-02-03 12:48:00,91.63,91.739,91.63,91.739,427.0,MAN
2023-02-03 12:47:00,91.63,91.63,91.63,91.63,112.0,MAN
2023-02-03 12:46:00,91.65,91.65,91.63,91.63,423.0,MAN
2023-02-03 12:45:00,91.72,91.72,91.5101,91.64,7498.0,MAN
2023-02-03 12:44:00,91.74,91.74,91.74,91.74,118.0,MAN
2023-02-03 12:43:00,91.745,91.745,91.745,91.745,161.0,MAN
2023-02-03 12:42:00,91.71,91.745,91.7,91.745,1040.0,MAN
2023-02-03 12:41:00,91.62,91.62,91.62,91.62,123.0,MAN
2023-02-03 12:40:00,91.62,91.62,91.62,91.62,113.0,MAN
2023-02-03 12:39:00,91.62,91.62,91.62,91.62,100.0,MAN
2023-02-03 12:37:00,91.695,91.695,91.61,91.61,1444.0,MAN
2023-02-03 12:36:00,91.65,91.695,91.65,91.695,1211.0,MAN
2023-02-03 12:35:00,91.62,91.66,91.62,91.655,489.0,MAN
2023-02-03 12:34:00,91.49,91.5951,91.48,91.5951,1640.0,MAN
2023-02-03 12:30:00,91.485,91.485,91.485,91.485,111.0,MAN
2023-02-03 12:28:00,91.48,91.49,91.44,91.48,888.0,MAN
2023-02-03 12:27:00,91.425,91.48,91.425,91.48,219.0,MAN
2023-02-03 12:26:00,91.425,91.425,91.425,91.425,149.0,MAN
2023-02-03 12:25:00,91.425,91.425,91.425,91.425,164.0,MAN
2023-02-03 12:23:00,91.425,91.476,91.425,91.425,776.0,MAN
2023-02-03 12:22:00,91.405,91.405,91.405,91.405,110.0,MAN
2023-02-03 12:19:00,91.425,91.425,91.4,91.4,910.0,MAN
2023-02-03 12:16:00,91.405,91.405,91.405,91.405,229.0,MAN
2023-02-03 12:15:00,91.35,91.4,91.35,91.4,789.0,MAN
2023-02-03 12:13:00,91.325,91.325,91.325,91.325,112.0,MAN
2023-02-03 12:12:00,91.325,91.325,91.325,91.325,268.0,MAN
2023-02-03 12:10:00,91.325,91.325,91.325,91.325,156.0,MAN
2023-02-03 12:09:00,91.39,91.39,91.3,91.3,1097.0,MAN
2023-02-03 12:06:00,91.26,91.35,91.26,91.35,1152.0,MAN
2023-02-03 12:05:00,91.26,91.26,91.26,91.26,140.0,MAN
2023-02-03 12:04:00,91.215,91.3,91.215,91.235,1051.0,MAN
2023-02-03 12:00:00,91.11,91.11,91.11,91.11,638.0,MAN
2023-02-03 11:59:00,91.13,91.13,91.13,91.13,769.0,MAN
2023-02-03 11:58:00,91.19,91.19,91.19,91.19,110.0,MAN
2023-02-03 11:57:00,91.249,91.249,91.17,91.17,250.0,MAN
2023-02-03 11:56:00,91.1873,91.1873,91.185,91.185,482.0,MAN
2023-02-03 11:54:00,91.16,91.18,91.16,91.18,861.0,MAN
2023-02-03 11:53:00,91.0,91.0,91.0,91.0,231.0,MAN
2023-02-03 11:50:00,91.1,91.1,91.08,91.08,431.0,MAN
2023-02-03 11:46:00,91.2,91.2,91.14,91.14,1114.0,MAN
2023-02-03 11:44:00,91.2,91.2,91.2,91.2,231.0,MAN
2023-02-03 11:43:00,91.16,91.18,91.1,91.18,688.0,MAN
2023-02-03 11:42:00,91.02,91.1,91.02,91.1,682.0,MAN
2023-02-03 11:41:00,90.87,90.93,90.87,90.93,822.0,MAN
2023-02-03 11:40:00,90.87,90.9,90.86,90.86,1471.0,MAN
2023-02-03 11:38:00,91.0,91.0,91.0,91.0,205.0,MAN
2023-02-03 11:37:00,91.0,91.0,91.0,91.0,600.0,MAN
2023-02-03 11:35:00,90.97,90.97,90.97,90.97,176.0,MAN
2023-02-03 11:31:00,90.98,90.99,90.98,90.99,321.0,MAN
2023-02-03 11:29:00,90.82,90.82,90.82,90.82,158.0,MAN
2023-02-03 11:26:00,91.025,91.025,91.025,91.025,666.0,MAN
2023-02-03 11:25:00,91.07,91.07,91.07,91.07,489.0,MAN
2023-02-03 11:24:00,91.2,91.2,91.2,91.2,100.0,MAN
2023-02-03 11:23:00,91.15,91.275,91.15,91.2,4919.0,MAN
2023-02-03 11:22:00,91.19,91.2048,91.075,91.075,2380.0,MAN
2023-02-03 11:20:00,91.335,91.335,91.335,91.335,273.0,MAN
2023-02-03 11:14:00,91.41,91.41,91.41,91.41,296.0,MAN
2023-02-03 11:12:00,91.4,91.41,91.4,91.41,833.0,MAN
2023-02-03 11:09:00,91.535,91.535,91.5,91.5,782.0,MAN
2023-02-03 11:07:00,91.66,91.66,91.66,91.66,289.0,MAN
2023-02-03 11:05:00,91.72,91.72,91.62,91.62,1199.0,MAN
2023-02-03 11:00:00,91.8875,91.933,91.84,91.9075,1204.0,MAN
2023-02-03 10:59:00,91.8,91.825,91.8,91.825,415.0,MAN
2023-02-03 10:58:00,91.8425,91.8425,91.795,91.795,368.0,MAN
2023-02-03 10:56:00,91.715,91.84,91.715,91.84,553.0,MAN
2023-02-03 10:54:00,91.715,91.7725,91.715,91.7725,603.0,MAN
2023-02-03 10:53:00,91.57,91.72,91.57,91.72,17485.0,MAN
2023-02-03 10:51:00,91.51,91.59,91.51,91.585,1212.0,MAN
2023-02-03 10:49:00,91.61,91.65,91.57,91.615,1403.0,MAN
2023-02-03 10:44:00,91.58,91.58,91.58,91.58,357.0,MAN
2023-02-03 10:43:00,91.46,91.57,91.46,91.57,8968.0,MAN
2023-02-03 10:41:00,91.255,91.52,91.25,91.465,11411.0,MAN
2023-02-03 10:40:00,91.34,91.34,91.34,91.34,608.0,MAN
2023-02-03 10:39:00,91.47,91.47,91.4,91.41,1105.0,MAN
2023-02-03 10:38:00,91.48,91.48,91.43,91.43,1086.0,MAN
2023-02-03 10:37:00,91.31,91.445,91.305,91.445,13615.0,MAN
2023-02-03 10:36:00,91.35,91.35,91.35,91.35,100.0,MAN
2023-02-03 10:35:00,91.16,91.26,91.16,91.26,1455.0,MAN
2023-02-03 10:34:00,91.13,91.13,91.13,91.13,369.0,MAN
2023-02-03 10:33:00,91.215,91.215,91.215,91.215,106.0,MAN
2023-02-03 10:32:00,91.135,91.22,91.135,91.16,1194.0,MAN
2023-02-03 10:29:00,91.125,91.125,91.125,91.125,361.0,MAN
2023-02-03 10:27:00,91.155,91.155,91.03,91.03,1019.0,MAN
2023-02-03 10:25:00,90.945,91.185,90.945,91.185,4017.0,MAN
2023-02-03 10:24:00,90.92,90.9925,90.92,90.9925,458.0,MAN
2023-02-03 10:23:00,90.83,90.89,90.83,90.89,380.0,MAN
2023-02-03 10:21:00,90.915,91.03,90.915,91.03,415.0,MAN
2023-02-03 10:19:00,91.0,91.03,91.0,91.03,969.0,MAN
2023-02-03 10:18:00,90.885,90.885,90.885,90.885,100.0,MAN
2023-02-03 10:16:00,90.9,90.9,90.9,90.9,154.0,MAN
2023-02-03 10:15:00,90.91,90.91,90.87,90.87,524.0,MAN
2023-02-03 10:14:00,91.0,91.0,90.905,90.905,3552.0,MAN
2023-02-03 10:13:00,91.0,91.0,91.0,91.0,587.0,MAN
2023-02-03 10:12:00,90.71,90.71,90.71,90.71,234.0,MAN
2023-02-03 10:09:00,90.8,90.8,90.71,90.71,1331.0,MAN
2023-02-03 10:08:00,90.875,90.875,90.875,90.875,242.0,MAN
2023-02-03 10:07:00,90.93,90.93,90.85,90.85,941.0,MAN
2023-02-03 10:06:00,90.85,90.85,90.85,90.85,246.0,MAN
2023-02-03 10:05:00,90.9,91.0,90.9,90.915,345.0,MAN
2023-02-03 10:04:00,90.725,90.91,90.725,90.84,2234.0,MAN
2023-02-03 10:03:00,90.64,90.76,90.635,90.69,20168.0,MAN
2023-02-03 10:01:00,90.62,90.62,90.58,90.58,655.0,MAN
2023-02-03 09:59:00,90.66,90.66,90.64,90.64,911.0,MAN
2023-02-03 09:57:00,90.71,90.71,90.71,90.71,129.0,MAN
2023-02-03 09:56:00,90.7,90.7,90.6725,90.6725,531.0,MAN
2023-02-03 09:55:00,90.615,90.615,90.615,90.615,176.0,MAN
2023-02-03 09:54:00,90.52,90.52,90.52,90.52,100.0,MAN
2023-02-03 09:51:00,90.485,90.78,90.485,90.78,1755.0,MAN
2023-02-03 09:50:00,90.43,90.48,90.43,90.48,377.0,MAN
2023-02-03 09:49:00,90.245,90.28,90.21,90.28,499.0,MAN
2023-02-03 09:48:00,90.145,90.18,90.135,90.14,437.0,MAN
2023-02-03 09:41:00,90.47,90.47,90.44,90.465,626.0,MAN
2023-02-03 09:40:00,90.5,90.79,90.5,90.52,512.0,MAN
2023-02-03 09:37:00,90.62,90.62,90.58,90.59,719.0,MAN
2023-02-03 09:36:00,90.58,90.58,90.58,90.58,259.0,MAN
2023-02-03 09:35:00,91.17,91.17,90.855,90.855,643.0,MAN
2023-02-03 09:34:00,91.05,91.05,91.05,91.05,168.0,MAN
2023-02-03 09:31:00,90.6,90.6,90.6,90.6,4356.0,MAN
2023-02-03 09:30:00,90.91,90.91,90.91,90.91,100.0,MAN
2023-02-02 16:02:00,90.97,90.97,90.97,90.97,252.0,MAN
2023-02-02 16:01:00,90.97,90.97,90.97,90.97,7067.0,MAN
2023-02-02 16:00:00,91.01,91.01,90.89,91.0,11785.0,MAN
2023-02-02 15:59:00,90.97,91.03,90.965,91.03,8528.0,MAN
2023-02-02 15:58:00,90.935,90.98,90.93,90.98,4498.0,MAN
2023-02-02 15:57:00,90.86,90.95,90.86,90.94,6105.0,MAN
2023-02-02 15:56:00,90.76,90.835,90.76,90.835,1978.0,MAN
2023-02-02 15:55:00,90.77,90.79,90.74,90.79,3577.0,MAN
2023-02-02 15:54:00,90.87,90.87,90.76,90.77,6066.0,MAN
2023-02-02 15:53:00,90.8,90.84,90.79,90.84,2790.0,MAN
2023-02-02 15:52:00,90.66,90.75,90.66,90.745,5158.0,MAN
2023-02-02 15:51:00,90.76,90.77,90.65,90.65,6327.0,MAN
2023-02-02 15:50:00,90.75,90.77,90.74,90.77,1469.0,MAN
2023-02-02 15:49:00,90.795,90.8,90.79,90.79,2078.0,MAN
2023-02-02 15:48:00,90.8,90.8,90.8,90.8,941.0,MAN
2023-02-02 15:47:00,90.84,90.84,90.83,90.83,1409.0,MAN
2023-02-02 15:46:00,90.85,90.85,90.79,90.79,1987.0,MAN
2023-02-02 15:45:00,90.88,90.88,90.87,90.88,812.0,MAN
2023-02-02 15:43:00,90.87,90.91,90.87,90.9,1722.0,MAN
2023-02-02 15:42:00,90.955,90.955,90.88,90.89,1421.0,MAN
2023-02-02 15:41:00,91.01,91.02,90.94,90.94,991.0,MAN
2023-02-02 15:40:00,91.05,91.05,91.05,91.05,486.0,MAN
2023-02-02 15:39:00,91.11,91.1799,91.06,91.06,2087.0,MAN
2023-02-02 15:38:00,91.035,91.1,91.035,91.1,272.0,MAN
2023-02-02 15:37:00,91.07,91.07,91.06,91.06,888.0,MAN
2023-02-02 15:36:00,91.15,91.18,91.15,91.15,2480.0,MAN
2023-02-02 15:35:00,91.12,91.15,91.09,91.135,1409.0,MAN
2023-02-02 15:34:00,91.14,91.14,91.14,91.14,380.0,MAN
2023-02-02 15:33:00,91.11,91.14,91.1,91.14,1428.0,MAN
2023-02-02 15:31:00,91.08,91.08,91.08,91.08,204.0,MAN
2023-02-02 15:30:00,90.96,91.01,90.96,91.01,1246.0,MAN
2023-02-02 15:29:00,90.98,90.98,90.93,90.93,406.0,MAN
2023-02-02 15:28:00,91.05,91.05,90.9,91.01,6506.0,MAN
2023-02-02 15:27:00,91.005,91.07,91.005,91.05,1586.0,MAN
2023-02-02 15:26:00,90.96,91.0,90.96,91.0,640.0,MAN
2023-02-02 15:25:00,90.91,90.91,90.85,90.85,368.0,MAN
2023-02-02 15:24:00,90.96,90.96,90.92,90.92,955.0,MAN
2023-02-02 15:23:00,91.035,91.035,90.95,90.95,1455.0,MAN
2023-02-02 15:22:00,91.08,91.1,91.04,91.04,1182.0,MAN
2023-02-02 15:21:00,90.95,91.08,90.95,91.064,2189.0,MAN
2023-02-02 15:20:00,90.94,90.94,90.94,90.94,218.0,MAN
2023-02-02 15:19:00,90.86,90.86,90.86,90.86,484.0,MAN
2023-02-02 15:18:00,90.8,90.84,90.77,90.84,1667.0,MAN
2023-02-02 15:17:00,90.75,90.75,90.75,90.75,335.0,MAN
2023-02-02 15:15:00,90.72,90.76,90.72,90.76,1124.0,MAN
2023-02-02 15:10:00,90.62,90.62,90.62,90.62,365.0,MAN
2023-02-02 15:09:00,90.61,90.67,90.55,90.55,1587.0,MAN
2023-02-02 15:08:00,90.635,90.635,90.635,90.635,284.0,MAN
2023-02-02 15:07:00,90.6,90.6,90.6,90.6,262.0,MAN
2023-02-02 15:05:00,90.4,90.4,90.39,90.39,487.0,MAN
2023-02-02 15:04:00,90.35,90.44,90.35,90.44,1240.0,MAN
2023-02-02 15:03:00,90.35,90.41,90.35,90.3772,1510.0,MAN
2023-02-02 15:02:00,90.24,90.24,90.24,90.24,202.0,MAN
2023-02-02 14:59:00,90.425,90.425,90.38,90.4,1339.0,MAN
2023-02-02 14:57:00,90.5,90.5,90.5,90.5,100.0,MAN
2023-02-02 14:55:00,90.56,90.56,90.56,90.56,387.0,MAN
2023-02-02 14:54:00,90.55,90.55,90.47,90.51,798.0,MAN
2023-02-02 14:53:00,90.64,90.66,90.615,90.65,829.0,MAN
2023-02-02 14:52:00,90.75,90.77,90.66,90.66,2583.0,MAN
2023-02-02 14:51:00,90.69,90.71,90.69,90.71,348.0,MAN
2023-02-02 14:50:00,90.62,90.62,90.62,90.62,251.0,MAN
2023-02-02 14:49:00,90.52,90.61,90.52,90.61,658.0,MAN
2023-02-02 14:48:00,90.48,90.48,90.48,90.48,655.0,MAN
2023-02-02 14:47:00,90.48,90.53,90.48,90.53,200.0,MAN
2023-02-02 14:46:00,90.53,90.53,90.5,90.5,377.0,MAN
2023-02-02 14:45:00,90.46,90.53,90.46,90.53,513.0,MAN
2023-02-02 14:44:00,90.465,90.53,90.465,90.53,268.0,MAN
2023-02-02 14:43:00,90.51,90.51,90.48,90.48,606.0,MAN
2023-02-02 14:42:00,90.455,90.51,90.455,90.51,367.0,MAN
2023-02-02 14:41:00,90.47,90.47,90.46,90.46,401.0,MAN
2023-02-02 14:40:00,90.52,90.52,90.47,90.505,560.0,MAN
2023-02-02 14:39:00,90.51,90.51,90.51,90.51,356.0,MAN
2023-02-02 14:38:00,90.36,90.38,90.28,90.38,656.0,MAN
2023-02-02 14:37:00,90.295,90.295,90.295,90.295,128.0,MAN
2023-02-02 14:36:00,90.33,90.33,90.33,90.33,354.0,MAN
2023-02-02 14:35:00,90.475,90.475,90.39,90.39,788.0,MAN
2023-02-02 14:34:00,90.44,90.44,90.44,90.44,200.0,MAN
2023-02-02 14:33:00,90.54,90.54,90.46,90.52,354.0,MAN
2023-02-02 14:31:00,90.63,90.63,90.57,90.57,1024.0,MAN
2023-02-02 14:29:00,90.63,90.73,90.63,90.695,1008.0,MAN
2023-02-02 14:28:00,90.585,90.585,90.585,90.585,174.0,MAN
2023-02-02 14:26:00,90.52,90.6,90.52,90.6,747.0,MAN
2023-02-02 14:25:00,90.54,90.54,90.54,90.54,409.0,MAN
2023-02-02 14:24:00,90.57,90.58,90.57,90.58,248.0,MAN
2023-02-02 14:23:00,90.52,90.57,90.52,90.57,799.0,MAN
2023-02-02 14:22:00,90.56,90.56,90.56,90.56,222.0,MAN
2023-02-02 14:18:00,90.49,90.53,90.48,90.53,1090.0,MAN
2023-02-02 14:17:00,90.505,90.51,90.355,90.355,1103.0,MAN
2023-02-02 14:16:00,90.565,90.565,90.565,90.565,260.0,MAN
2023-02-02 14:15:00,90.47,90.47,90.47,90.47,192.0,MAN
2023-02-02 14:13:00,90.67,90.67,90.67,90.67,232.0,MAN
2023-02-02 14:12:00,90.8,90.8,90.8,90.8,146.0,MAN
2023-02-02 14:11:00,91.015,91.015,90.9,90.91,1794.0,MAN
2023-02-02 14:10:00,91.015,91.015,91.01,91.0116,769.0,MAN
2023-02-02 14:09:00,90.98,91.0,90.96,91.0,833.0,MAN
2023-02-02 14:08:00,91.0075,91.0075,91.0075,91.0075,133.0,MAN
2023-02-02 14:06:00,90.97,90.97,90.97,90.97,103.0,MAN
2023-02-02 14:05:00,91.0,91.0,90.98,91.0,902.0,MAN
2023-02-02 14:02:00,91.03,91.03,91.03,91.03,101.0,MAN
2023-02-02 13:58:00,90.96,90.96,90.96,90.96,497.0,MAN
2023-02-02 13:56:00,90.9,90.9,90.9,90.9,606.0,MAN
2023-02-02 13:54:00,90.82,90.82,90.81,90.81,200.0,MAN
2023-02-02 13:52:00,90.79,90.79,90.79,90.79,110.0,MAN
2023-02-02 13:50:00,90.7291,90.74,90.7291,90.74,657.0,MAN
2023-02-02 13:48:00,90.72,90.72,90.72,90.72,429.0,MAN
2023-02-02 13:46:00,90.75,90.75,90.75,90.75,100.0,MAN
2023-02-02 13:44:00,90.735,90.735,90.735,90.735,100.0,MAN
2023-02-02 13:43:00,90.77,90.77,90.72,90.72,936.0,MAN
2023-02-02 13:42:00,90.78,90.78,90.78,90.78,101.0,MAN
2023-02-02 13:41:00,90.71,90.78,90.71,90.78,886.0,MAN
2023-02-02 13:39:00,90.7,90.7,90.7,90.7,122.0,MAN
2023-02-02 13:35:00,90.65,90.7,90.65,90.7,702.0,MAN
2023-02-02 13:34:00,90.61,90.61,90.6,90.6,212.0,MAN
2023-02-02 13:29:00,90.4701,90.57,90.4701,90.55,548.0,MAN
2023-02-02 13:28:00,90.54,90.54,90.54,90.54,109.0,MAN
2023-02-02 13:27:00,90.66,90.66,90.545,90.545,1099.0,MAN
2023-02-02 13:25:00,90.62,90.68,90.62,90.67,1078.0,MAN
2023-02-02 13:24:00,90.53,90.59,90.53,90.59,937.0,MAN
2023-02-02 13:22:00,90.445,90.47,90.445,90.47,208.0,MAN
2023-02-02 13:19:00,90.425,90.425,90.425,90.425,107.0,MAN
2023-02-02 13:16:00,90.52,90.52,90.48,90.48,796.0,MAN
2023-02-02 13:13:00,90.5775,90.5775,90.5775,90.5775,108.0,MAN
2023-02-02 13:12:00,90.61,90.61,90.605,90.605,466.0,MAN
2023-02-02 13:11:00,90.54,90.62,90.54,90.62,807.0,MAN
2023-02-02 13:10:00,90.51,90.51,90.51,90.51,102.0,MAN
2023-02-02 13:09:00,90.55,90.55,90.5492,90.5492,228.0,MAN
2023-02-02 13:08:00,90.56,90.575,90.56,90.575,692.0,MAN
2023-02-02 13:06:00,90.63,90.65,90.63,90.65,369.0,MAN
2023-02-02 13:01:00,90.5,90.525,90.49,90.525,729.0,MAN
2023-02-02 12:59:00,90.37,90.37,90.37,90.37,144.0,MAN
2023-02-02 12:57:00,90.375,90.375,90.375,90.375,102.0,MAN
2023-02-02 12:55:00,90.36,90.4,90.36,90.38,863.0,MAN
2023-02-02 12:54:00,90.485,90.485,90.42,90.4825,2104.0,MAN
2023-02-02 12:53:00,90.48,90.48,90.48,90.48,102.0,MAN
2023-02-02 12:51:00,90.465,90.465,90.465,90.465,293.0,MAN
2023-02-02 12:50:00,90.43,90.4825,90.43,90.4825,242.0,MAN
2023-02-02 12:49:00,90.595,90.595,90.54,90.54,548.0,MAN
2023-02-02 12:46:00,90.61,90.61,90.61,90.61,111.0,MAN
2023-02-02 12:45:00,90.6238,90.6238,90.6238,90.6238,128.0,MAN
2023-02-02 12:42:00,90.665,90.7225,90.57,90.57,2350.0,MAN
2023-02-02 12:41:00,90.68,90.68,90.595,90.64,6487.0,MAN
2023-02-02 12:40:00,90.61,90.65,90.61,90.65,522.0,MAN
2023-02-02 12:39:00,90.57,90.57,90.57,90.57,448.0,MAN
2023-02-02 12:38:00,90.52,90.52,90.52,90.52,585.0,MAN
2023-02-02 12:37:00,90.43,90.43,90.43,90.43,306.0,MAN
2023-02-02 12:36:00,90.42,90.42,90.36,90.36,352.0,MAN
2023-02-02 12:35:00,90.46,90.46,90.46,90.46,464.0,MAN
2023-02-02 12:34:00,90.39,90.39,90.39,90.39,363.0,MAN
2023-02-02 12:33:00,90.44,90.44,90.39,90.39,1680.0,MAN
2023-02-02 12:32:00,90.365,90.405,90.365,90.405,739.0,MAN
2023-02-02 12:31:00,90.331,90.331,90.331,90.331,291.0,MAN
2023-02-02 12:29:00,90.35,90.35,90.35,90.35,271.0,MAN
2023-02-02 12:28:00,90.3,90.335,90.29,90.31,1830.0,MAN
2023-02-02 12:27:00,90.3,90.3,90.3,90.3,484.0,MAN
2023-02-02 12:25:00,90.25,90.25,90.247,90.247,440.0,MAN
2023-02-02 12:22:00,90.17,90.17,90.12,90.12,515.0,MAN
2023-02-02 12:20:00,90.12,90.175,90.11,90.11,739.0,MAN
2023-02-02 12:18:00,90.2,90.2,90.2,90.2,116.0,MAN
2023-02-02 12:16:00,90.34,90.34,90.28,90.28,1479.0,MAN
2023-02-02 12:15:00,90.2801,90.2801,90.2801,90.2801,400.0,MAN
2023-02-02 12:14:00,90.23,90.28,90.23,90.28,340.0,MAN
2023-02-02 12:13:00,90.28,90.28,90.28,90.28,111.0,MAN
2023-02-02 12:12:00,90.28,90.28,90.28,90.28,404.0,MAN
2023-02-02 12:07:00,90.27,90.27,90.27,90.27,106.0,MAN
2023-02-02 12:05:00,90.22,90.22,90.19,90.21,524.0,MAN
2023-02-02 12:04:00,90.34,90.35,90.24,90.24,1206.0,MAN
2023-02-02 12:03:00,90.27,90.27,90.27,90.27,396.0,MAN
2023-02-02 12:01:00,90.32,90.32,90.18,90.18,1049.0,MAN
2023-02-02 11:57:00,90.255,90.31,90.255,90.2825,614.0,MAN
2023-02-02 11:56:00,90.31,90.31,90.31,90.31,465.0,MAN
2023-02-02 11:55:00,90.35,90.35,90.35,90.35,311.0,MAN
2023-02-02 11:53:00,90.315,90.315,90.315,90.315,113.0,MAN
2023-02-02 11:52:00,90.27,90.29,90.27,90.29,1258.0,MAN
2023-02-02 11:51:00,90.39,90.39,90.27,90.27,2037.0,MAN
2023-02-02 11:50:00,90.35,90.35,90.35,90.35,461.0,MAN
2023-02-02 11:49:00,90.3,90.31,90.3,90.31,554.0,MAN
2023-02-02 11:47:00,90.28,90.28,90.28,90.28,558.0,MAN
2023-02-02 11:46:00,90.32,90.32,90.32,90.32,252.0,MAN
2023-02-02 11:45:00,90.31,90.31,90.31,90.31,123.0,MAN
2023-02-02 11:42:00,90.22,90.25,90.2,90.25,1459.0,MAN
2023-02-02 11:39:00,90.33,90.33,90.33,90.33,109.0,MAN
2023-02-02 11:38:00,90.31,90.345,90.235,90.235,2166.0,MAN
2023-02-02 11:37:00,90.22,90.29,90.18,90.215,1941.0,MAN
2023-02-02 11:35:00,90.27,90.27,90.27,90.27,322.0,MAN
2023-02-02 11:33:00,90.26,90.26,90.26,90.26,178.0,MAN
2023-02-02 11:32:00,90.18,90.18,90.18,90.18,100.0,MAN
2023-02-02 11:31:00,90.22,90.22,90.22,90.22,100.0,MAN
2023-02-02 11:30:00,90.23,90.23,90.23,90.23,593.0,MAN
2023-02-02 11:29:00,90.285,90.32,90.285,90.32,873.0,MAN
2023-02-02 11:27:00,90.315,90.315,90.315,90.315,104.0,MAN
2023-02-02 11:25:00,90.34,90.34,90.34,90.34,128.0,MAN
2023-02-02 11:23:00,90.32,90.33,90.32,90.33,688.0,MAN
2023-02-02 11:20:00,90.285,90.285,90.285,90.285,157.0,MAN
2023-02-02 11:19:00,90.29,90.29,90.29,90.29,774.0,MAN
2023-02-02 11:17:00,90.315,90.315,90.26,90.26,791.0,MAN
2023-02-02 11:16:00,90.502,90.502,90.35,90.35,1196.0,MAN
2023-02-02 11:15:00,90.475,90.475,90.475,90.475,338.0,MAN
2023-02-02 11:11:00,90.55,90.55,90.5,90.5,964.0,MAN
2023-02-02 11:10:00,90.485,90.485,90.485,90.485,103.0,MAN
2023-02-02 11:09:00,90.54,90.55,90.49,90.49,1310.0,MAN
2023-02-02 11:08:00,90.47,90.51,90.47,90.51,414.0,MAN
2023-02-02 11:07:00,90.47,90.47,90.47,90.47,207.0,MAN
2023-02-02 11:06:00,90.48,90.48,90.475,90.475,436.0,MAN
2023-02-02 11:01:00,90.48,90.48,90.48,90.48,224.0,MAN
2023-02-02 10:59:00,90.5,90.63,90.5,90.6,2582.0,MAN
2023-02-02 10:56:00,90.535,90.5355,90.535,90.5355,320.0,MAN
2023-02-02 10:54:00,90.455,90.635,90.455,90.635,692.0,MAN
2023-02-02 10:53:00,90.42,90.46,90.42,90.46,603.0,MAN
2023-02-02 10:52:00,90.505,90.51,90.37,90.42,2290.0,MAN
2023-02-02 10:51:00,90.25,90.535,90.24,90.39,6414.0,MAN
2023-02-02 10:50:00,89.92,90.25,89.92,90.25,2015.0,MAN
2023-02-02 10:48:00,89.98,89.98,89.98,89.98,220.0,MAN
2023-02-02 10:46:00,89.95,89.95,89.95,89.95,161.0,MAN
2023-02-02 10:44:00,90.01,90.01,89.93,89.96,1758.0,MAN
2023-02-02 10:42:00,90.01,90.01,90.01,90.01,125.0,MAN
2023-02-02 10:41:00,89.92,89.92,89.92,89.92,445.0,MAN
2023-02-02 10:40:00,89.92,89.965,89.92,89.965,263.0,MAN
2023-02-02 10:39:00,90.02,90.02,89.95,89.99,1004.0,MAN
2023-02-02 10:38:00,90.02,90.035,90.02,90.02,703.0,MAN
2023-02-02 10:37:00,90.04,90.04,89.985,89.985,1616.0,MAN
2023-02-02 10:33:00,90.095,90.1,90.095,90.1,325.0,MAN
2023-02-02 10:32:00,90.16,90.16,90.1,90.1,1183.0,MAN
2023-02-02 10:31:00,89.99,90.1,89.99,90.1,3089.0,MAN
2023-02-02 10:30:00,89.84,89.84,89.84,89.84,235.0,MAN
2023-02-02 10:28:00,89.885,89.95,89.885,89.95,615.0,MAN
2023-02-02 10:27:00,89.95,89.95,89.9,89.9,824.0,MAN
2023-02-02 10:24:00,89.88,89.91,89.875,89.875,442.0,MAN
2023-02-02 10:22:00,89.725,89.75,89.725,89.75,487.0,MAN
2023-02-02 10:21:00,89.67,89.67,89.67,89.67,137.0,MAN
2023-02-02 10:18:00,89.56,89.64,89.56,89.64,561.0,MAN
2023-02-02 10:15:00,89.49,89.49,89.49,89.49,190.0,MAN
2023-02-02 10:14:00,89.625,89.625,89.5,89.5,707.0,MAN
2023-02-02 10:13:00,89.58,89.63,89.58,89.63,721.0,MAN
2023-02-02 10:12:00,89.45,89.45,89.45,89.45,497.0,MAN
2023-02-02 10:11:00,89.655,89.655,89.655,89.655,110.0,MAN
2023-02-02 10:08:00,89.625,89.625,89.625,89.625,229.0,MAN
2023-02-02 10:07:00,89.72,89.7922,89.72,89.76,1256.0,MAN
2023-02-02 10:06:00,89.69,89.69,89.69,89.69,746.0,MAN
2023-02-02 10:03:00,89.79,89.79,89.79,89.79,116.0,MAN
2023-02-02 10:02:00,89.635,89.72,89.635,89.71,839.0,MAN
2023-02-02 10:01:00,89.71,89.71,89.595,89.595,1470.0,MAN
2023-02-02 10:00:00,89.69,89.69,89.57,89.57,221.0,MAN
2023-02-02 09:53:00,89.59,89.6,89.59,89.6,524.0,MAN
2023-02-02 09:51:00,89.73,89.74,89.73,89.74,1046.0,MAN
2023-02-02 09:45:00,89.65,89.65,89.6334,89.6334,279.0,MAN
2023-02-02 09:36:00,89.335,89.335,89.335,89.335,116.0,MAN
2023-02-02 09:31:00,89.35,89.35,89.35,89.35,1989.0,MAN
2023-02-01 16:01:00,88.98,88.98,88.98,88.98,7358.0,MAN
2023-02-01 16:00:00,88.85,89.02,88.81,88.89,12801.0,MAN
2023-02-01 15:59:00,88.71,88.84,88.69,88.81,6146.0,MAN
2023-02-01 15:58:00,88.675,88.73,88.6,88.73,6330.0,MAN
2023-02-01 15:57:00,88.8,88.8576,88.66,88.66,14665.0,MAN
2023-02-01 15:56:00,88.53,88.83,88.49,88.82,4674.0,MAN
2023-02-01 15:55:00,88.57,88.57,88.49,88.54,2938.0,MAN
2023-02-01 15:54:00,88.6,88.6,88.59,88.6,1943.0,MAN
2023-02-01 15:53:00,88.65,88.67,88.62,88.62,3063.0,MAN
2023-02-01 15:52:00,88.69,88.71,88.66,88.7,3764.0,MAN
2023-02-01 15:51:00,88.87,88.87,88.67,88.67,2239.0,MAN
2023-02-01 15:50:00,88.93,88.96,88.86,88.96,607.0,MAN
2023-02-01 15:49:00,89.07,89.1155,88.94,88.94,2391.0,MAN
2023-02-01 15:48:00,89.33,89.33,89.095,89.095,1460.0,MAN
2023-02-01 15:47:00,89.46,89.46,89.33,89.33,1486.0,MAN
2023-02-01 15:46:00,89.47,89.48,89.47,89.48,534.0,MAN
2023-02-01 15:45:00,89.44,89.45,89.44,89.45,1114.0,MAN
2023-02-01 15:44:00,89.62,89.62,89.35,89.38,2453.0,MAN
2023-02-01 15:43:00,89.55,89.595,89.55,89.58,1273.0,MAN
2023-02-01 15:42:00,89.55,89.65,89.55,89.58,3668.0,MAN
2023-02-01 15:41:00,89.515,89.515,89.46,89.5,1777.0,MAN
2023-02-01 15:40:00,89.475,89.49,89.475,89.49,778.0,MAN
2023-02-01 15:39:00,89.45,89.47,89.43,89.47,3533.0,MAN
2023-02-01 15:38:00,89.385,89.385,89.375,89.375,827.0,MAN
2023-02-01 15:37:00,89.42,89.4299,89.365,89.425,1602.0,MAN
2023-02-01 15:36:00,89.24,89.41,89.22,89.41,2877.0,MAN
2023-02-01 15:35:00,89.25,89.28,89.215,89.25,2713.0,MAN
2023-02-01 15:34:00,89.16,89.31,89.02,89.255,4540.0,MAN
2023-02-01 15:33:00,89.155,89.16,89.11,89.16,1115.0,MAN
2023-02-01 15:32:00,89.3,89.3,89.14,89.16,5308.0,MAN
2023-02-01 15:31:00,89.165,89.295,89.165,89.295,1531.0,MAN
2023-02-01 15:30:00,89.15,89.19,89.135,89.135,873.0,MAN
2023-02-01 15:29:00,89.035,89.1,89.035,89.1,638.0,MAN
2023-02-01 15:28:00,88.925,88.97,88.87,88.97,2702.0,MAN
2023-02-01 15:27:00,88.95,88.99,88.88,88.925,3045.0,MAN
2023-02-01 15:26:00,88.81,88.95,88.81,88.95,841.0,MAN
2023-02-01 15:25:00,88.73,88.8,88.72,88.77,1629.0,MAN
2023-02-01 15:24:00,88.73,88.73,88.72,88.73,470.0,MAN
2023-02-01 15:23:00,88.71,88.75,88.63,88.73,1334.0,MAN
2023-02-01 15:22:00,88.57,88.69,88.57,88.69,1125.0,MAN
2023-02-01 15:21:00,88.48,88.525,88.46,88.525,1620.0,MAN
2023-02-01 15:20:00,88.36,88.39,88.32,88.39,1254.0,MAN
2023-02-01 15:19:00,88.265,88.38,88.265,88.38,806.0,MAN
2023-02-01 15:18:00,88.145,88.21,88.145,88.21,556.0,MAN
2023-02-01 15:17:00,88.36,88.385,88.15,88.15,3079.0,MAN
2023-02-01 15:16:00,88.51,88.56,88.48,88.49,865.0,MAN
2023-02-01 15:15:00,88.19,88.39,88.17,88.39,3044.0,MAN
2023-02-01 15:14:00,88.14,88.245,88.14,88.245,1740.0,MAN
2023-02-01 15:13:00,88.075,88.075,88.075,88.075,406.0,MAN
2023-02-01 15:11:00,88.0,88.01,87.98,88.005,2311.0,MAN
2023-02-01 15:09:00,88.03,88.03,88.03,88.03,264.0,MAN
2023-02-01 15:08:00,87.84,87.9,87.84,87.9,526.0,MAN
2023-02-01 15:07:00,87.79,87.82,87.79,87.8,542.0,MAN
2023-02-01 15:06:00,87.64,87.64,87.64,87.64,154.0,MAN
2023-02-01 15:05:00,87.645,87.645,87.645,87.645,109.0,MAN
2023-02-01 15:04:00,87.48,87.63,87.48,87.63,1713.0,MAN
2023-02-01 15:03:00,87.5,87.52,87.46,87.47,1534.0,MAN
2023-02-01 15:02:00,87.385,87.4,87.375,87.375,357.0,MAN
2023-02-01 15:01:00,87.21,87.21,87.21,87.21,253.0,MAN
2023-02-01 15:00:00,87.12,87.135,87.12,87.135,427.0,MAN
2023-02-01 14:59:00,87.19,87.19,87.19,87.19,106.0,MAN
2023-02-01 14:58:00,87.13,87.13,87.03,87.03,890.0,MAN
2023-02-01 14:57:00,87.27,87.27,87.27,87.27,228.0,MAN
2023-02-01 14:56:00,87.16,87.27,87.13,87.27,2422.0,MAN
2023-02-01 14:55:00,87.25,87.25,87.25,87.25,108.0,MAN
2023-02-01 14:53:00,87.15,87.3,87.04,87.25,2590.0,MAN
2023-02-01 14:51:00,87.08,87.09,87.0,87.0,1063.0,MAN
2023-02-01 14:50:00,87.09,87.09,86.98,86.98,910.0,MAN
2023-02-01 14:47:00,87.15,87.15,87.15,87.15,123.0,MAN
2023-02-01 14:45:00,87.12,87.12,87.12,87.12,111.0,MAN
2023-02-01 14:44:00,86.83,87.09,86.83,87.09,1567.0,MAN
2023-02-01 14:42:00,86.61,86.61,86.61,86.61,381.0,MAN
2023-02-01 14:41:00,86.54,86.54,86.49,86.5,1709.0,MAN
2023-02-01 14:40:00,86.28,86.48,86.28,86.47,2041.0,MAN
2023-02-01 14:39:00,86.45,86.46,86.275,86.275,4085.0,MAN
2023-02-01 14:38:00,86.115,86.375,86.115,86.375,2917.0,MAN
2023-02-01 14:37:00,86.12,86.12,86.03,86.115,1379.0,MAN
2023-02-01 14:36:00,86.18,86.3,86.11,86.14,3655.0,MAN
2023-02-01 14:35:00,86.11,86.24,86.11,86.2,1766.0,MAN
2023-02-01 14:34:00,86.13,86.13,86.1,86.11,880.0,MAN
2023-02-01 14:33:00,86.245,86.29,86.135,86.135,1092.0,MAN
2023-02-01 14:32:00,86.44,86.44,86.31,86.31,654.0,MAN
2023-02-01 14:31:00,86.62,86.62,86.43,86.43,2248.0,MAN
2023-02-01 14:30:00,86.8,86.8,86.545,86.545,4473.0,MAN
2023-02-01 14:27:00,86.68,86.74,86.68,86.735,1487.0,MAN
2023-02-01 14:26:00,86.74,86.74,86.74,86.74,386.0,MAN
2023-02-01 14:25:00,86.74,86.74,86.735,86.735,233.0,MAN
2023-02-01 14:23:00,86.74,86.74,86.74,86.74,307.0,MAN
2023-02-01 14:20:00,86.71,86.74,86.67,86.67,816.0,MAN
2023-02-01 14:19:00,86.61,86.61,86.61,86.61,121.0,MAN
2023-02-01 14:18:00,86.705,86.705,86.705,86.705,101.0,MAN
2023-02-01 14:17:00,86.65,86.7,86.64,86.7,498.0,MAN
2023-02-01 14:16:00,86.74,86.74,86.65,86.65,1026.0,MAN
2023-02-01 14:15:00,86.85,86.85,86.76,86.76,1019.0,MAN
2023-02-01 14:14:00,86.93,86.93,86.82,86.82,205.0,MAN
2023-02-01 14:13:00,87.04,87.04,86.82,86.82,204.0,MAN
2023-02-01 14:12:00,86.8,86.8,86.8,86.8,206.0,MAN
2023-02-01 14:11:00,86.92,86.92,86.92,86.92,103.0,MAN
2023-02-01 14:08:00,86.67,86.855,86.67,86.855,1999.0,MAN
2023-02-01 14:06:00,86.625,86.625,86.625,86.625,101.0,MAN
2023-02-01 14:04:00,86.63,86.65,86.59,86.625,902.0,MAN
2023-02-01 14:03:00,86.8,86.8,86.8,86.8,142.0,MAN
2023-02-01 14:02:00,86.585,86.79,86.585,86.79,1834.0,MAN
2023-02-01 14:01:00,86.7,86.725,86.465,86.7,5174.0,MAN
2023-02-01 14:00:00,86.74,86.82,86.71,86.71,2009.0,MAN
2023-02-01 13:59:00,86.725,86.77,86.72,86.72,309.0,MAN
2023-02-01 13:58:00,86.71,86.71,86.7,86.7,236.0,MAN
2023-02-01 13:55:00,86.74,86.74,86.74,86.74,231.0,MAN
2023-02-01 13:54:00,86.8,86.8,86.78,86.78,644.0,MAN
2023-02-01 13:53:00,86.815,86.815,86.815,86.815,145.0,MAN
2023-02-01 13:51:00,86.82,86.87,86.82,86.83,1474.0,MAN
2023-02-01 13:50:00,86.77,86.77,86.77,86.77,135.0,MAN
2023-02-01 13:49:00,86.81,86.81,86.78,86.78,705.0,MAN
2023-02-01 13:48:00,86.84,86.84,86.84,86.84,214.0,MAN
2023-02-01 13:47:00,86.9,86.9,86.88,86.88,373.0,MAN
2023-02-01 13:46:00,86.96,86.96,86.89,86.895,1222.0,MAN
2023-02-01 13:45:00,86.96,86.96,86.96,86.96,101.0,MAN
2023-02-01 13:43:00,87.05,87.05,87.05,87.05,955.0,MAN
2023-02-01 13:42:00,87.03,87.03,87.03,87.03,222.0,MAN
2023-02-01 13:41:00,87.04,87.04,87.04,87.04,213.0,MAN
2023-02-01 13:38:00,87.06,87.06,87.06,87.06,865.0,MAN
2023-02-01 13:37:00,87.07,87.07,87.07,87.07,207.0,MAN
2023-02-01 13:36:00,87.18,87.18,87.14,87.14,837.0,MAN
2023-02-01 13:35:00,87.18,87.21,87.15,87.21,1265.0,MAN
2023-02-01 13:34:00,87.14,87.17,87.14,87.15,1252.0,MAN
2023-02-01 13:31:00,87.1,87.1,87.1,87.1,417.0,MAN
2023-02-01 13:30:00,87.0501,87.0501,87.0501,87.0501,130.0,MAN
2023-02-01 13:28:00,87.1,87.1,87.1,87.1,267.0,MAN
2023-02-01 13:26:00,87.14,87.14,87.14,87.14,227.0,MAN
2023-02-01 13:25:00,87.1,87.14,87.1,87.14,1148.0,MAN
2023-02-01 13:24:00,87.045,87.045,87.045,87.045,239.0,MAN
2023-02-01 13:23:00,87.05,87.05,87.05,87.05,433.0,MAN
2023-02-01 13:22:00,86.995,87.0,86.995,87.0,217.0,MAN
2023-02-01 13:20:00,86.995,86.995,86.995,86.995,105.0,MAN
2023-02-01 13:15:00,87.04,87.04,87.03,87.03,711.0,MAN
2023-02-01 13:12:00,87.04,87.07,87.03,87.03,830.0,MAN
2023-02-01 13:11:00,87.09,87.09,87.09,87.09,353.0,MAN
2023-02-01 13:07:00,87.12,87.12,87.12,87.12,507.0,MAN
2023-02-01 13:06:00,87.06,87.16,87.06,87.16,2458.0,MAN
2023-02-01 13:04:00,87.0,87.0,87.0,87.0,317.0,MAN
2023-02-01 13:03:00,86.92,87.0,86.92,87.0,500.0,MAN
2023-02-01 13:01:00,86.925,86.925,86.925,86.925,269.0,MAN
2023-02-01 13:00:00,86.91,86.91,86.91,86.91,220.0,MAN
2023-02-01 12:59:00,87.01,87.01,87.01,87.01,549.0,MAN
2023-02-01 12:55:00,87.08,87.09,87.08,87.08,980.0,MAN
2023-02-01 12:54:00,87.02,87.15,87.02,87.12,1312.0,MAN
2023-02-01 12:53:00,87.09,87.09,86.96,86.96,2065.0,MAN
2023-02-01 12:52:00,87.04,87.04,87.04,87.04,207.0,MAN
2023-02-01 12:51:00,87.04,87.04,87.04,87.04,118.0,MAN
2023-02-01 12:49:00,87.09,87.09,87.09,87.09,244.0,MAN
2023-02-01 12:48:00,87.04,87.04,87.04,87.04,234.0,MAN
2023-02-01 12:47:00,87.09,87.09,87.065,87.09,1290.0,MAN
2023-02-01 12:45:00,87.16,87.16,87.16,87.16,172.0,MAN
2023-02-01 12:44:00,87.09,87.09,87.09,87.09,122.0,MAN
2023-02-01 12:41:00,87.1002,87.1002,87.1002,87.1002,427.0,MAN
2023-02-01 12:39:00,87.05,87.05,87.05,87.05,260.0,MAN
2023-02-01 12:38:00,87.11,87.115,87.11,87.115,204.0,MAN
2023-02-01 12:37:00,87.03,87.03,87.03,87.03,143.0,MAN
2023-02-01 12:34:00,87.07,87.07,87.07,87.07,109.0,MAN
2023-02-01 12:32:00,87.27,87.27,87.19,87.19,1497.0,MAN
2023-02-01 12:30:00,87.29,87.29,87.29,87.29,105.0,MAN
2023-02-01 12:28:00,87.295,87.295,87.295,87.295,120.0,MAN
2023-02-01 12:27:00,87.325,87.325,87.27,87.27,601.0,MAN
2023-02-01 12:25:00,87.22,87.22,87.22,87.22,636.0,MAN
2023-02-01 12:23:00,87.175,87.175,87.11,87.11,209.0,MAN
2023-02-01 12:21:00,87.1725,87.1725,87.1725,87.1725,134.0,MAN
2023-02-01 12:20:00,87.135,87.135,87.135,87.135,232.0,MAN
2023-02-01 12:12:00,87.14,87.14,87.13,87.13,660.0,MAN
2023-02-01 12:11:00,87.13,87.18,87.13,87.18,520.0,MAN
2023-02-01 12:10:00,87.03,87.03,87.03,87.03,127.0,MAN
2023-02-01 12:07:00,86.92,87.0,86.92,86.99,1279.0,MAN
2023-02-01 12:03:00,86.81,86.875,86.81,86.875,637.0,MAN
2023-02-01 12:02:00,86.74,86.85,86.74,86.85,1123.0,MAN
2023-02-01 12:01:00,86.8,86.8,86.75,86.75,745.0,MAN
2023-02-01 12:00:00,86.86,86.915,86.86,86.86,1076.0,MAN
2023-02-01 11:59:00,86.78,86.92,86.72,86.855,3670.0,MAN
2023-02-01 11:57:00,86.7,86.7,86.7,86.7,497.0,MAN
2023-02-01 11:56:00,86.77,86.77,86.66,86.72,1237.0,MAN
2023-02-01 11:55:00,86.81,86.81,86.77,86.77,202.0,MAN
2023-02-01 11:54:00,86.81,86.825,86.79,86.815,1328.0,MAN
2023-02-01 11:53:00,86.885,86.89,86.885,86.885,720.0,MAN
2023-02-01 11:52:00,86.81,86.94,86.81,86.89,2755.0,MAN
2023-02-01 11:51:00,86.91,86.91,86.86,86.86,386.0,MAN
2023-02-01 11:50:00,86.98,86.98,86.98,86.98,412.0,MAN
2023-02-01 11:48:00,87.0,87.06,86.9,87.06,2060.0,MAN
2023-02-01 11:47:00,86.98,87.065,86.98,87.0,702.0,MAN
2023-02-01 11:46:00,86.98,86.98,86.98,86.98,216.0,MAN
2023-02-01 11:45:00,86.92,87.06,86.89,87.045,2760.0,MAN
2023-02-01 11:44:00,87.18,87.18,86.92,86.92,1355.0,MAN
2023-02-01 11:43:00,87.27,87.3,87.18,87.18,1704.0,MAN
2023-02-01 11:42:00,87.38,87.38,87.27,87.27,970.0,MAN
2023-02-01 11:41:00,87.27,87.45,87.27,87.45,5079.0,MAN
2023-02-01 11:40:00,87.29,87.4,87.26,87.26,3778.0,MAN
2023-02-01 11:39:00,87.58,87.58,87.38,87.38,2510.0,MAN
2023-02-01 11:38:00,87.68,87.68,87.58,87.58,1659.0,MAN
2023-02-01 11:37:00,87.77,87.77,87.77,87.77,530.0,MAN
2023-02-01 11:35:00,87.78,87.78,87.78,87.78,119.0,MAN
2023-02-01 11:34:00,87.855,87.855,87.855,87.855,230.0,MAN
2023-02-01 11:33:00,87.94,87.94,87.94,87.94,352.0,MAN
2023-02-01 11:31:00,88.01,88.01,88.01,88.01,304.0,MAN
2023-02-01 11:30:00,87.78,87.92,87.78,87.92,3115.0,MAN
2023-02-01 11:28:00,87.72,87.72,87.72,87.72,456.0,MAN
2023-02-01 11:26:00,87.655,87.655,87.655,87.655,243.0,MAN
2023-02-01 11:25:00,87.7,87.7,87.7,87.7,204.0,MAN
2023-02-01 11:24:00,87.68,87.7,87.675,87.7,1339.0,MAN
2023-02-01 11:23:00,87.76,87.76,87.76,87.76,366.0,MAN
2023-02-01 11:22:00,87.8,87.8,87.76,87.76,675.0,MAN
2023-02-01 11:21:00,87.76,87.765,87.76,87.765,983.0,MAN
2023-02-01 11:19:00,87.7,87.72,87.68,87.68,754.0,MAN
2023-02-01 11:18:00,87.7,87.7,87.7,87.7,117.0,MAN
2023-02-01 11:17:00,87.77,87.77,87.77,87.77,119.0,MAN
2023-02-01 11:14:00,87.78,87.78,87.78,87.78,225.0,MAN
2023-02-01 11:13:00,87.69,87.73,87.69,87.73,1125.0,MAN
2023-02-01 11:11:00,87.83,87.83,87.83,87.83,130.0,MAN
2023-02-01 11:10:00,87.83,87.83,87.83,87.83,332.0,MAN
2023-02-01 11:08:00,87.83,87.83,87.78,87.83,1399.0,MAN
2023-02-01 11:07:00,87.85,87.85,87.85,87.85,208.0,MAN
2023-02-01 11:06:00,87.83,87.83,87.83,87.83,212.0,MAN
2023-02-01 11:05:00,87.805,87.88,87.805,87.88,593.0,MAN
2023-02-01 11:04:00,87.725,87.77,87.725,87.765,522.0,MAN
2023-02-01 11:03:00,87.645,87.645,87.645,87.645,320.0,MAN
2023-02-01 11:00:00,87.68,87.68,87.68,87.68,245.0,MAN
2023-02-01 10:59:00,87.685,87.685,87.685,87.685,110.0,MAN
2023-02-01 10:57:00,87.615,87.67,87.615,87.67,375.0,MAN
2023-02-01 10:56:00,87.81,87.81,87.69,87.69,773.0,MAN
2023-02-01 10:55:00,87.93,87.93,87.86,87.86,402.0,MAN
2023-02-01 10:54:00,87.665,87.86,87.665,87.86,2272.0,MAN
2023-02-01 10:53:00,87.8,87.8,87.74,87.74,796.0,MAN
2023-02-01 10:51:00,87.84,87.84,87.84,87.84,175.0,MAN
2023-02-01 10:50:00,87.78,87.78,87.78,87.78,134.0,MAN
2023-02-01 10:48:00,87.7,87.81,87.7,87.79,620.0,MAN
2023-02-01 10:47:00,87.735,87.735,87.735,87.735,129.0,MAN
2023-02-01 10:45:00,87.78,87.78,87.775,87.775,552.0,MAN
2023-02-01 10:44:00,87.78,87.88,87.78,87.79,430.0,MAN
2023-02-01 10:43:00,87.69,87.9,87.69,87.9,2387.0,MAN
2023-02-01 10:42:00,87.785,87.785,87.68,87.68,577.0,MAN
2023-02-01 10:41:00,87.68,87.68,87.68,87.68,217.0,MAN
2023-02-01 10:40:00,87.86,87.86,87.86,87.86,1138.0,MAN
2023-02-01 10:39:00,87.86,87.86,87.86,87.86,240.0,MAN
2023-02-01 10:38:00,87.88,87.93,87.86,87.93,635.0,MAN
2023-02-01 10:37:00,88.02,88.02,87.89,87.93,1469.0,MAN
2023-02-01 10:36:00,88.02,88.02,88.02,88.02,107.0,MAN
2023-02-01 10:35:00,88.02,88.02,88.02,88.02,578.0,MAN
2023-02-01 10:34:00,88.26,88.26,88.15,88.15,363.0,MAN
2023-02-01 10:33:00,88.15,88.15,88.15,88.15,424.0,MAN
2023-02-01 10:32:00,88.14,88.29,88.14,88.29,553.0,MAN
2023-02-01 10:31:00,88.3,88.3,88.14,88.14,521.0,MAN
2023-02-01 10:30:00,88.13,88.13,88.13,88.13,253.0,MAN
2023-02-01 10:29:00,88.22,88.22,88.19,88.19,422.0,MAN
2023-02-01 10:28:00,88.36,88.36,88.36,88.36,772.0,MAN
2023-02-01 10:27:00,88.1,88.31,88.1,88.31,2870.0,MAN
2023-02-01 10:26:00,88.16,88.16,88.09,88.11,752.0,MAN
2023-02-01 10:25:00,88.115,88.115,88.115,88.115,158.0,MAN
2023-02-01 10:23:00,88.35,88.35,88.04,88.04,962.0,MAN
2023-02-01 10:20:00,88.47,88.47,88.47,88.47,323.0,MAN
2023-02-01 10:19:00,88.57,88.57,88.57,88.57,350.0,MAN
2023-02-01 10:18:00,88.77,88.77,88.76,88.76,598.0,MAN
2023-02-01 10:17:00,88.875,88.875,88.875,88.875,246.0,MAN
2023-02-01 10:15:00,88.86,88.86,88.86,88.86,431.0,MAN
2023-02-01 10:13:00,88.815,88.88,88.815,88.88,252.0,MAN
2023-02-01 10:12:00,88.98,88.98,88.74,88.74,1813.0,MAN
2023-02-01 10:11:00,89.0,89.06,88.99,89.06,1182.0,MAN
2023-02-01 10:10:00,88.79,88.95,88.79,88.95,813.0,MAN
2023-02-01 10:08:00,88.82,88.82,88.82,88.82,377.0,MAN
2023-02-01 10:07:00,88.92,88.95,88.92,88.95,1323.0,MAN
2023-02-01 10:03:00,88.72,88.72,88.72,88.72,105.0,MAN
2023-02-01 10:02:00,88.9,88.9,88.8,88.85,1552.0,MAN
2023-02-01 10:01:00,88.87,88.91,88.87,88.91,947.0,MAN
2023-02-01 10:00:00,88.87,88.87,88.82,88.82,762.0,MAN
2023-02-01 09:58:00,89.04,89.04,89.04,89.04,350.0,MAN
2023-02-01 09:57:00,88.91,88.93,88.82,88.82,1180.0,MAN
2023-02-01 09:56:00,88.87,89.02,88.82,89.015,652.0,MAN
2023-02-01 09:55:00,88.75,88.895,88.75,88.895,634.0,MAN
2023-02-01 09:54:00,88.645,88.645,88.645,88.645,305.0,MAN
2023-02-01 09:52:00,88.59,88.6,88.57,88.6,429.0,MAN
2023-02-01 09:50:00,88.2525,88.45,88.2525,88.45,769.0,MAN
2023-02-01 09:49:00,88.165,88.165,88.165,88.165,104.0,MAN
2023-02-01 09:48:00,88.15,88.15,88.15,88.15,244.0,MAN
2023-02-01 09:46:00,87.99,88.08,87.88,87.935,5380.0,MAN
2023-02-01 09:45:00,88.02,88.12,87.82,87.82,1966.0,MAN
2023-02-01 09:44:00,87.53,87.9,87.53,87.9,5087.0,MAN
2023-02-01 09:42:00,87.565,87.565,87.545,87.545,310.0,MAN
2023-02-01 09:40:00,87.6,87.7,87.6,87.7,318.0,MAN
2023-02-01 09:39:00,87.31,87.31,87.31,87.31,258.0,MAN
2023-02-01 09:38:00,87.32,87.39,87.32,87.39,215.0,MAN
2023-02-01 09:37:00,87.26,87.26,87.26,87.26,101.0,MAN
2023-02-01 09:33:00,87.57,87.69,87.385,87.385,1832.0,MAN
2023-02-01 09:32:00,87.28,87.61,87.28,87.61,408.0,MAN
2023-02-01 09:31:00,87.57,87.57,87.57,87.57,6235.0,MAN
2023-01-31 16:02:00,87.16,87.16,87.16,87.16,5042.0,MAN
2023-01-31 16:01:00,87.16,87.16,87.16,87.16,10221.0,MAN
2023-01-31 16:00:00,87.065,87.17,87.065,87.17,16958.0,MAN
2023-01-31 15:59:00,87.09,87.1,87.04,87.06,6810.0,MAN
2023-01-31 15:58:00,87.06,87.1,87.04,87.09,4016.0,MAN
2023-01-31 15:57:00,86.96,87.07,86.93,87.035,13787.0,MAN
2023-01-31 15:56:00,86.75,87.04,86.731,86.97,11945.0,MAN
2023-01-31 15:55:00,86.74,86.77,86.72,86.76,4855.0,MAN
2023-01-31 15:54:00,86.71,86.8,86.71,86.74,2817.0,MAN
2023-01-31 15:53:00,86.74,86.74,86.7,86.7,1419.0,MAN
2023-01-31 15:52:00,86.78,86.83,86.75,86.75,3622.0,MAN
2023-01-31 15:51:00,86.71,86.82,86.68,86.731,6154.0,MAN
2023-01-31 15:50:00,86.64,86.64,86.6,86.6,831.0,MAN
2023-01-31 15:49:00,86.71,86.71,86.641,86.641,1026.0,MAN
2023-01-31 15:48:00,86.73,86.77,86.71,86.75,1656.0,MAN
2023-01-31 15:47:00,86.785,86.785,86.72,86.725,1973.0,MAN
2023-01-31 15:46:00,86.81,86.835,86.785,86.79,4798.0,MAN
2023-01-31 15:45:00,86.81,86.86,86.81,86.84,1086.0,MAN
2023-01-31 15:44:00,86.8,86.88,86.781,86.82,4141.0,MAN
2023-01-31 15:43:00,86.88,86.88,86.76,86.76,6195.0,MAN
2023-01-31 15:42:00,86.84,86.92,86.83,86.88,2742.0,MAN
2023-01-31 15:41:00,86.745,86.827,86.745,86.825,2563.0,MAN
2023-01-31 15:40:00,86.7,86.78,86.69,86.78,712.0,MAN
2023-01-31 15:39:00,86.82,86.865,86.75,86.755,5722.0,MAN
2023-01-31 15:37:00,86.725,86.83,86.725,86.76,5283.0,MAN
2023-01-31 15:36:00,86.751,86.751,86.7,86.72,1014.0,MAN
2023-01-31 15:35:00,86.8,86.8,86.71,86.78,1965.0,MAN
2023-01-31 15:34:00,86.851,86.87,86.81,86.81,943.0,MAN
2023-01-31 15:33:00,86.97,86.97,86.87,86.87,1052.0,MAN
2023-01-31 15:32:00,86.9,86.92,86.8,86.86,3487.0,MAN
2023-01-31 15:31:00,86.7,86.88,86.7,86.88,3084.0,MAN
2023-01-31 15:30:00,86.6433,86.6433,86.6433,86.6433,635.0,MAN
2023-01-31 15:29:00,86.61,86.67,86.595,86.67,1521.0,MAN
2023-01-31 15:28:00,86.69,86.69,86.605,86.605,869.0,MAN
2023-01-31 15:27:00,86.75,86.75,86.75,86.75,1227.0,MAN
2023-01-31 15:26:00,86.69,86.77,86.69,86.77,1682.0,MAN
2023-01-31 15:25:00,86.73,86.73,86.69,86.73,499.0,MAN
2023-01-31 15:24:00,86.805,86.805,86.69,86.691,1324.0,MAN
2023-01-31 15:21:00,86.67,86.78,86.67,86.775,3590.0,MAN
2023-01-31 15:20:00,86.745,86.745,86.67,86.67,311.0,MAN
2023-01-31 15:19:00,86.74,86.74,86.74,86.74,113.0,MAN
2023-01-31 15:18:00,86.79,86.79,86.78,86.78,778.0,MAN
2023-01-31 15:17:00,86.9,86.9,86.8,86.8,2371.0,MAN
2023-01-31 15:16:00,86.735,86.82,86.735,86.82,1066.0,MAN
2023-01-31 15:15:00,86.69,86.73,86.67,86.695,879.0,MAN
2023-01-31 15:14:00,86.64,86.67,86.64,86.65,2219.0,MAN
2023-01-31 15:13:00,86.58,86.7,86.58,86.7,1497.0,MAN
2023-01-31 15:12:00,86.705,86.705,86.56,86.56,794.0,MAN
2023-01-31 15:11:00,86.84,86.84,86.71,86.71,1125.0,MAN
2023-01-31 15:09:00,86.92,86.94,86.92,86.94,463.0,MAN
2023-01-31 15:08:00,87.1,87.1,86.99,87.025,619.0,MAN
2023-01-31 15:07:00,87.26,87.29,87.21,87.21,2886.0,MAN
2023-01-31 15:06:00,87.27,87.27,87.27,87.27,114.0,MAN
2023-01-31 15:05:00,87.27,87.27,87.27,87.27,730.0,MAN
2023-01-31 15:04:00,87.17,87.225,87.17,87.225,2596.0,MAN
2023-01-31 15:02:00,87.06,87.06,87.05,87.05,316.0,MAN
2023-01-31 15:01:00,87.145,87.145,87.09,87.09,642.0,MAN
2023-01-31 15:00:00,87.31,87.31,87.07,87.07,2523.0,MAN
2023-01-31 14:58:00,87.32,87.32,87.32,87.32,100.0,MAN
2023-01-31 14:57:00,87.29,87.29,87.29,87.29,294.0,MAN
2023-01-31 14:56:00,87.59,87.59,87.4,87.4,4713.0,MAN
2023-01-31 14:55:00,87.57,87.57,87.57,87.57,121.0,MAN
2023-01-31 14:54:00,87.37,87.495,87.36,87.495,2538.0,MAN
2023-01-31 14:52:00,87.29,87.29,87.29,87.29,204.0,MAN
2023-01-31 14:50:00,87.29,87.29,87.29,87.29,121.0,MAN
2023-01-31 14:49:00,87.32,87.33,87.25,87.26,2591.0,MAN
2023-01-31 14:48:00,87.27,87.32,87.27,87.32,803.0,MAN
2023-01-31 14:47:00,87.21,87.21,87.17,87.17,202.0,MAN
2023-01-31 14:46:00,87.08,87.27,87.025,87.1911,4302.0,MAN
2023-01-31 14:45:00,87.0,87.0,87.0,87.0,100.0,MAN
2023-01-31 14:44:00,86.99,87.0,86.96,86.96,1004.0,MAN
2023-01-31 14:43:00,86.955,87.01,86.955,87.01,1612.0,MAN
2023-01-31 14:42:00,87.0,87.0,86.97,86.98,503.0,MAN
2023-01-31 14:41:00,86.87,86.87,86.87,86.87,310.0,MAN
2023-01-31 14:40:00,86.9254,86.97,86.92,86.97,635.0,MAN
2023-01-31 14:39:00,86.97,86.97,86.97,86.97,260.0,MAN
2023-01-31 14:38:00,87.07,87.07,86.99,86.99,1750.0,MAN
2023-01-31 14:37:00,87.11,87.11,87.11,87.11,227.0,MAN
2023-01-31 14:36:00,87.08,87.08,87.08,87.08,209.0,MAN
2023-01-31 14:33:00,87.04,87.045,87.01,87.045,863.0,MAN
2023-01-31 14:32:00,87.06,87.06,87.03,87.03,2605.0,MAN
2023-01-31 14:31:00,87.135,87.135,87.135,87.135,172.0,MAN
2023-01-31 14:30:00,86.965,87.01,86.965,87.01,660.0,MAN
2023-01-31 14:29:00,86.945,86.945,86.945,86.945,522.0,MAN
2023-01-31 14:28:00,86.91,86.93,86.86,86.91,1126.0,MAN
2023-01-31 14:27:00,86.65,86.65,86.65,86.65,100.0,MAN
2023-01-31 14:26:00,86.74,86.8,86.74,86.78,1017.0,MAN
2023-01-31 14:25:00,87.04,87.05,86.9,86.9,2452.0,MAN
2023-01-31 14:23:00,87.0,87.0,86.99,86.99,1275.0,MAN
2023-01-31 14:22:00,86.905,86.91,86.905,86.91,573.0,MAN
2023-01-31 14:21:00,86.8,86.8,86.735,86.735,221.0,MAN
2023-01-31 14:20:00,86.63,86.68,86.62,86.68,1014.0,MAN
2023-01-31 14:19:00,86.58,86.58,86.58,86.58,360.0,MAN
2023-01-31 14:18:00,86.31,86.47,86.3,86.47,2447.0,MAN
2023-01-31 14:17:00,86.22,86.22,86.22,86.22,110.0,MAN
2023-01-31 14:16:00,86.27,86.3,86.255,86.3,1361.0,MAN
2023-01-31 14:12:00,86.27,86.27,86.27,86.27,781.0,MAN
2023-01-31 14:11:00,86.38,86.38,86.29,86.29,1207.0,MAN
2023-01-31 14:10:00,86.35,86.46,86.35,86.37,2064.0,MAN
2023-01-31 14:09:00,86.31,86.31,86.31,86.31,473.0,MAN
2023-01-31 14:08:00,86.25,86.25,86.24,86.25,525.0,MAN
2023-01-31 14:07:00,86.18,86.19,86.18,86.19,595.0,MAN
2023-01-31 14:06:00,86.14,86.17,86.115,86.115,1253.0,MAN
2023-01-31 14:05:00,86.23,86.23,86.13,86.13,1259.0,MAN
2023-01-31 14:04:00,86.285,86.285,86.23,86.23,222.0,MAN
2023-01-31 14:03:00,86.285,86.285,86.285,86.285,131.0,MAN
2023-01-31 14:02:00,86.2,86.2,86.2,86.2,263.0,MAN
2023-01-31 14:01:00,86.22,86.26,86.17,86.26,1754.0,MAN
2023-01-31 14:00:00,86.1651,86.215,86.16,86.16,711.0,MAN
2023-01-31 13:58:00,86.18,86.25,86.18,86.25,352.0,MAN
2023-01-31 13:57:00,86.1851,86.28,86.1851,86.28,365.0,MAN
2023-01-31 13:55:00,86.22,86.27,86.22,86.27,370.0,MAN
2023-01-31 13:54:00,86.31,86.31,86.31,86.31,201.0,MAN
2023-01-31 13:53:00,86.31,86.32,86.2727,86.31,1568.0,MAN
2023-01-31 13:52:00,86.37,86.37,86.3,86.3,204.0,MAN
2023-01-31 13:51:00,86.37,86.37,86.37,86.37,200.0,MAN
2023-01-31 13:50:00,86.3,86.3,86.28,86.28,214.0,MAN
2023-01-31 13:47:00,86.32,86.32,86.32,86.32,281.0,MAN
2023-01-31 13:46:00,86.35,86.35,86.27,86.34,2427.0,MAN
2023-01-31 13:44:00,86.45,86.45,86.39,86.45,586.0,MAN
2023-01-31 13:41:00,86.55,86.55,86.42,86.46,1821.0,MAN
2023-01-31 13:40:00,86.48,86.6125,86.48,86.6125,2006.0,MAN
2023-01-31 13:39:00,86.55,86.55,86.47,86.47,1342.0,MAN
2023-01-31 13:35:00,86.53,86.61,86.5,86.54,1653.0,MAN
2023-01-31 13:34:00,86.4,86.465,86.37,86.465,2001.0,MAN
2023-01-31 13:33:00,86.39,86.39,86.39,86.39,313.0,MAN
2023-01-31 13:31:00,86.45,86.45,86.45,86.45,825.0,MAN
2023-01-31 13:29:00,86.4,86.4,86.4,86.4,100.0,MAN
2023-01-31 13:28:00,86.45,86.45,86.4,86.405,1738.0,MAN
2023-01-31 13:27:00,86.3172,86.3172,86.3172,86.3172,129.0,MAN
2023-01-31 13:26:00,86.36,86.36,86.36,86.36,210.0,MAN
2023-01-31 13:25:00,86.58,86.58,86.54,86.54,321.0,MAN
2023-01-31 13:24:00,86.72,86.74,86.58,86.58,2280.0,MAN
2023-01-31 13:21:00,86.97,86.97,86.95,86.95,1951.0,MAN
2023-01-31 13:20:00,86.965,86.97,86.85,86.97,4597.0,MAN
2023-01-31 13:19:00,86.94,86.94,86.94,86.94,430.0,MAN
2023-01-31 13:18:00,87.09,87.1,87.06,87.07,1248.0,MAN
2023-01-31 13:16:00,86.96,86.96,86.96,86.96,116.0,MAN
2023-01-31 13:15:00,87.165,87.165,87.05,87.05,513.0,MAN
2023-01-31 13:14:00,87.22,87.24,87.15,87.15,990.0,MAN
2023-01-31 13:11:00,87.26,87.265,87.21,87.265,569.0,MAN
2023-01-31 13:10:00,87.33,87.33,87.33,87.33,104.0,MAN
2023-01-31 13:09:00,87.29,87.355,87.28,87.29,1102.0,MAN
2023-01-31 13:04:00,87.23,87.33,87.23,87.33,1857.0,MAN
2023-01-31 13:02:00,87.26,87.26,87.26,87.26,414.0,MAN
2023-01-31 13:01:00,87.255,87.255,87.255,87.255,121.0,MAN
2023-01-31 13:00:00,87.17,87.17,87.17,87.17,190.0,MAN
2023-01-31 12:57:00,87.09,87.25,87.09,87.25,967.0,MAN
2023-01-31 12:56:00,86.96,86.96,86.96,86.96,103.0,MAN
2023-01-31 12:55:00,86.82,86.97,86.8,86.96,3996.0,MAN
2023-01-31 12:54:00,86.76,86.76,86.76,86.76,782.0,MAN
2023-01-31 12:51:00,86.83,86.83,86.83,86.83,143.0,MAN
2023-01-31 12:50:00,86.76,86.76,86.76,86.76,279.0,MAN
2023-01-31 12:48:00,86.83,86.84,86.81,86.84,775.0,MAN
2023-01-31 12:45:00,86.925,86.925,86.925,86.925,376.0,MAN
2023-01-31 12:44:00,86.925,86.925,86.925,86.925,100.0,MAN
2023-01-31 12:42:00,86.9,86.9,86.72,86.79,2517.0,MAN
2023-01-31 12:41:00,86.88,86.88,86.88,86.88,247.0,MAN
2023-01-31 12:40:00,86.67,86.67,86.67,86.67,220.0,MAN
2023-01-31 12:39:00,86.17,86.54,86.17,86.54,5627.0,MAN
2023-01-31 12:38:00,86.12,86.12,86.12,86.12,307.0,MAN
2023-01-31 12:36:00,86.12,86.12,86.12,86.12,224.0,MAN
2023-01-31 12:32:00,86.125,86.125,86.12,86.12,526.0,MAN
2023-01-31 12:30:00,86.04,86.04,86.03,86.03,313.0,MAN
2023-01-31 12:29:00,86.05,86.125,86.05,86.125,415.0,MAN
2023-01-31 12:26:00,86.13,86.13,86.13,86.13,364.0,MAN
2023-01-31 12:24:00,86.12,86.17,86.12,86.17,200.0,MAN
2023-01-31 12:23:00,86.11,86.125,86.095,86.125,608.0,MAN
2023-01-31 12:20:00,86.57,86.57,86.17,86.23,7146.0,MAN
2023-01-31 12:19:00,86.44,86.57,86.44,86.57,1199.0,MAN
2023-01-31 12:17:00,86.4,86.4,86.4,86.4,171.0,MAN
2023-01-31 12:16:00,86.38,86.38,86.38,86.38,121.0,MAN
2023-01-31 12:15:00,86.36,86.36,86.36,86.36,210.0,MAN
2023-01-31 12:14:00,86.475,86.475,86.36,86.36,289.0,MAN
2023-01-31 12:13:00,86.475,86.475,86.47,86.47,626.0,MAN
2023-01-31 12:12:00,86.5,86.51,86.44,86.51,680.0,MAN
2023-01-31 12:10:00,86.54,86.54,86.51,86.51,203.0,MAN
2023-01-31 12:08:00,86.65,86.65,86.55,86.605,1602.0,MAN
2023-01-31 12:06:00,86.73,86.73,86.73,86.73,152.0,MAN
2023-01-31 12:05:00,86.41,86.61,86.41,86.5,3803.0,MAN
2023-01-31 12:04:00,86.25,86.29,86.18,86.18,435.0,MAN
2023-01-31 12:01:00,86.17,86.17,86.17,86.17,120.0,MAN
2023-01-31 12:00:00,86.18,86.18,86.18,86.18,136.0,MAN
2023-01-31 11:59:00,86.18,86.18,86.18,86.18,108.0,MAN
2023-01-31 11:58:00,86.25,86.31,86.25,86.31,713.0,MAN
2023-01-31 11:57:00,86.21,86.21,86.21,86.21,120.0,MAN
2023-01-31 11:56:00,86.4,86.4,86.4,86.4,798.0,MAN
2023-01-31 11:54:00,86.4,86.55,86.4,86.55,200.0,MAN
2023-01-31 11:50:00,86.47,86.54,86.47,86.54,326.0,MAN
2023-01-31 11:49:00,86.68,86.745,86.66,86.66,855.0,MAN
2023-01-31 11:47:00,86.765,86.765,86.765,86.765,831.0,MAN
2023-01-31 11:46:00,86.68,86.68,86.68,86.68,209.0,MAN
2023-01-31 11:45:00,86.76,86.885,86.73,86.73,2359.0,MAN
2023-01-31 11:43:00,87.01,87.01,86.86,86.865,2520.0,MAN
2023-01-31 11:41:00,86.72,86.87,86.72,86.87,251.0,MAN
2023-01-31 11:40:00,86.71,86.71,86.71,86.71,175.0,MAN
2023-01-31 11:39:00,86.3,86.5,86.3,86.5,1734.0,MAN
2023-01-31 11:38:00,86.16,86.16,86.16,86.16,184.0,MAN
2023-01-31 11:34:00,85.99,86.17,85.96,86.155,2264.0,MAN
2023-01-31 11:33:00,85.89,85.89,85.865,85.865,540.0,MAN
2023-01-31 11:31:00,85.81,85.86,85.74,85.74,1236.0,MAN
2023-01-31 11:30:00,85.81,85.81,85.69,85.69,233.0,MAN
2023-01-31 11:28:00,85.83,85.83,85.83,85.83,116.0,MAN
2023-01-31 11:27:00,85.7,85.7,85.7,85.7,123.0,MAN
2023-01-31 11:25:00,85.65,85.65,85.65,85.65,1807.0,MAN
2023-01-31 11:24:00,85.6,85.6,85.6,85.6,106.0,MAN
2023-01-31 11:23:00,85.38,85.38,85.38,85.38,224.0,MAN
2023-01-31 11:21:00,85.48,85.48,85.48,85.48,122.0,MAN
2023-01-31 11:20:00,85.33,85.33,85.33,85.33,129.0,MAN
2023-01-31 11:18:00,85.45,85.45,85.45,85.45,247.0,MAN
2023-01-31 11:16:00,85.58,85.58,85.58,85.58,118.0,MAN
2023-01-31 11:15:00,85.6,85.6,85.54,85.54,2752.0,MAN
2023-01-31 11:13:00,85.7,85.7,85.7,85.7,1219.0,MAN
2023-01-31 11:10:00,85.67,85.67,85.67,85.67,274.0,MAN
2023-01-31 11:09:00,85.34,85.62,85.34,85.56,2931.0,MAN
2023-01-31 11:07:00,85.395,85.395,85.35,85.35,253.0,MAN
2023-01-31 11:06:00,85.48,85.48,85.31,85.31,1059.0,MAN
2023-01-31 11:04:00,85.49,85.49,85.49,85.49,220.0,MAN
2023-01-31 11:03:00,85.57,85.595,85.57,85.595,458.0,MAN
2023-01-31 11:02:00,85.61,85.61,85.61,85.61,267.0,MAN
2023-01-31 11:01:00,85.545,85.545,85.545,85.545,170.0,MAN
2023-01-31 11:00:00,85.57,85.69,85.52,85.52,850.0,MAN
2023-01-31 10:59:00,85.71,85.71,85.71,85.71,487.0,MAN
2023-01-31 10:57:00,86.15,86.15,85.795,85.795,1857.0,MAN
2023-01-31 10:56:00,86.15,86.15,86.15,86.15,302.0,MAN
2023-01-31 10:54:00,86.29,86.29,86.29,86.29,544.0,MAN
2023-01-31 10:53:00,86.27,86.28,86.21,86.21,1813.0,MAN
2023-01-31 10:52:00,86.42,86.42,86.42,86.42,205.0,MAN
2023-01-31 10:51:00,86.08,86.415,86.08,86.415,1087.0,MAN
2023-01-31 10:50:00,85.96,85.96,85.96,85.96,239.0,MAN
2023-01-31 10:47:00,86.06,86.06,86.06,86.06,630.0,MAN
2023-01-31 10:46:00,86.075,86.075,86.075,86.075,380.0,MAN
2023-01-31 10:45:00,86.03,86.18,85.99,86.075,1661.0,MAN
2023-01-31 10:44:00,85.83,85.99,85.83,85.99,804.0,MAN
2023-01-31 10:41:00,86.0322,86.0322,85.885,86.0,605.0,MAN
2023-01-31 10:40:00,85.81,85.81,85.81,85.81,215.0,MAN
2023-01-31 10:39:00,85.88,85.88,85.88,85.88,110.0,MAN
2023-01-31 10:38:00,85.91,85.91,85.91,85.91,354.0,MAN
2023-01-31 10:37:00,86.14,86.15,86.01,86.01,1705.0,MAN
2023-01-31 10:36:00,86.4,86.4,86.23,86.2625,542.0,MAN
2023-01-31 10:35:00,86.375,86.43,86.26,86.39,1823.0,MAN
2023-01-31 10:31:00,86.56,86.56,86.1996,86.385,480.0,MAN
2023-01-31 10:30:00,86.42,86.42,86.42,86.42,112.0,MAN
2023-01-31 10:29:00,86.13,86.42,86.13,86.42,411.0,MAN
2023-01-31 10:28:00,85.65,85.98,85.65,85.98,1999.0,MAN
2023-01-31 10:27:00,85.41,85.51,85.41,85.51,7325.0,MAN
2023-01-31 10:26:00,85.35,85.35,84.98,85.31,2640.0,MAN
2023-01-31 10:25:00,85.0,85.0,85.0,85.0,221.0,MAN
2023-01-31 10:23:00,85.31,85.31,85.29,85.29,351.0,MAN
2023-01-31 10:22:00,85.8,85.8,85.145,85.145,2730.0,MAN
2023-01-31 10:18:00,85.73,85.875,85.73,85.875,258.0,MAN
2023-01-31 10:17:00,85.9,86.08,85.9,85.9,2023.0,MAN
2023-01-31 10:16:00,86.03,86.03,85.92,85.92,386.0,MAN
2023-01-31 10:15:00,85.77,85.77,85.77,85.77,345.0,MAN
2023-01-31 10:13:00,85.64,85.64,85.64,85.64,112.0,MAN
2023-01-31 10:12:00,85.96,85.96,85.71,85.71,276.0,MAN
2023-01-31 10:10:00,85.96,85.96,85.96,85.96,261.0,MAN
2023-01-31 10:09:00,85.585,85.585,85.585,85.585,243.0,MAN
2023-01-31 10:08:00,85.96,85.96,85.96,85.96,179.0,MAN
2023-01-31 10:07:00,85.89,85.96,85.89,85.96,271.0,MAN
2023-01-31 10:05:00,86.39,86.39,85.98,85.98,1364.0,MAN
2023-01-31 10:04:00,86.42,86.42,86.41,86.41,681.0,MAN
2023-01-31 10:03:00,86.59,86.81,86.42,86.76,4275.0,MAN
2023-01-31 10:02:00,87.96,88.18,86.195,86.42,7747.0,MAN
2023-01-31 10:01:00,88.32,88.32,88.32,88.32,137.0,MAN
2023-01-31 09:59:00,88.32,88.32,88.32,88.32,159.0,MAN
2023-01-31 09:58:00,88.02,88.32,88.02,88.05,511.0,MAN
2023-01-31 09:57:00,88.01,88.37,88.01,88.04,446.0,MAN
2023-01-31 09:56:00,88.295,88.295,88.295,88.295,201.0,MAN
2023-01-31 09:55:00,88.295,88.295,88.295,88.295,141.0,MAN
2023-01-31 09:53:00,88.18,88.18,88.05,88.05,253.0,MAN
2023-01-31 09:52:00,88.295,88.295,88.295,88.295,136.0,MAN
2023-01-31 09:51:00,88.295,88.3,88.295,88.3,379.0,MAN
2023-01-31 09:50:00,88.295,88.295,88.295,88.295,241.0,MAN
2023-01-31 09:49:00,88.29,88.29,88.29,88.29,124.0,MAN
2023-01-31 09:47:00,88.0,88.275,87.87,88.275,1291.0,MAN
2023-01-31 09:46:00,88.29,88.29,87.92,88.29,684.0,MAN
2023-01-31 09:45:00,88.63,88.65,88.63,88.65,379.0,MAN
2023-01-31 09:44:00,88.29,88.61,88.29,88.61,214.0,MAN
2023-01-31 09:42:00,88.67,88.67,88.29,88.341,822.0,MAN
2023-01-31 09:41:00,88.28,88.6,88.28,88.6,262.0,MAN
2023-01-31 09:36:00,88.4259,88.4259,87.84,88.275,2590.0,MAN
2023-01-31 09:34:00,88.64,88.64,88.375,88.59,1720.0,MAN
2023-01-31 09:33:00,89.0623,89.0623,88.53,89.015,2309.0,MAN
2023-01-31 09:32:00,89.25,89.25,88.51,88.8,722.0,MAN
2023-01-31 09:31:00,88.34,88.95,88.34,88.92,4985.0,MAN
2023-01-31 09:10:00,88.53,88.53,88.53,88.53,200.0,MAN
2023-01-30 16:01:00,86.9,86.9,86.9,86.9,4734.0,MAN
2023-01-30 16:00:00,86.83,86.91,86.83,86.91,10501.0,MAN
2023-01-30 15:59:00,86.81,86.93,86.81,86.85,10454.0,MAN
2023-01-30 15:58:00,86.81,86.82,86.8,86.82,5517.0,MAN
2023-01-30 15:57:00,86.81,86.86,86.795,86.8,9381.0,MAN
2023-01-30 15:56:00,86.74,86.81,86.74,86.79,6902.0,MAN
2023-01-30 15:55:00,86.72,86.75,86.72,86.74,3520.0,MAN
2023-01-30 15:54:00,86.745,86.75,86.72,86.73,4187.0,MAN
2023-01-30 15:53:00,86.84,86.84,86.745,86.745,4502.0,MAN
2023-01-30 15:52:00,86.93,86.939,86.78,86.835,8476.0,MAN
2023-01-30 15:51:00,86.93,86.955,86.9,86.91,5444.0,MAN
2023-01-30 15:50:00,86.975,86.975,86.915,86.935,3252.0,MAN
2023-01-30 15:49:00,86.9775,86.99,86.97,86.975,1840.0,MAN
2023-01-30 15:48:00,86.98,86.99,86.975,86.975,1554.0,MAN
2023-01-30 15:47:00,87.015,87.015,87.015,87.015,596.0,MAN
2023-01-30 15:46:00,87.01,87.05,86.97,87.01,3033.0,MAN
2023-01-30 15:45:00,86.97,87.02,86.97,87.02,2842.0,MAN
2023-01-30 15:44:00,86.97,86.98,86.93,86.93,996.0,MAN
2023-01-30 15:43:00,87.005,87.005,86.96,86.995,2382.0,MAN
2023-01-30 15:42:00,86.98,87.02,86.945,87.02,1512.0,MAN
2023-01-30 15:41:00,86.865,86.93,86.865,86.93,2035.0,MAN
2023-01-30 15:40:00,86.865,86.865,86.83,86.865,718.0,MAN
2023-01-30 15:39:00,87.035,87.035,86.9,86.9,3596.0,MAN
2023-01-30 15:38:00,87.04,87.04,87.04,87.04,432.0,MAN
2023-01-30 15:37:00,87.04,87.04,87.04,87.04,309.0,MAN
2023-01-30 15:36:00,87.075,87.075,86.98,87.02,5904.0,MAN
2023-01-30 15:35:00,87.035,87.109,87.035,87.109,742.0,MAN
2023-01-30 15:34:00,87.035,87.035,87.035,87.035,216.0,MAN
2023-01-30 15:33:00,87.01,87.04,87.01,87.04,1400.0,MAN
2023-01-30 15:32:00,86.96,86.98,86.96,86.98,1073.0,MAN
2023-01-30 15:31:00,86.965,86.965,86.92,86.93,1633.0,MAN
2023-01-30 15:30:00,86.97,86.97,86.96,86.965,822.0,MAN
2023-01-30 15:29:00,86.95,86.95,86.94,86.94,762.0,MAN
2023-01-30 15:28:00,86.99,87.01,86.98,86.99,2081.0,MAN
2023-01-30 15:27:00,86.96,86.99,86.96,86.99,1902.0,MAN
2023-01-30 15:26:00,86.93,86.97,86.93,86.96,936.0,MAN
2023-01-30 15:25:00,86.91,86.91,86.88,86.88,803.0,MAN
2023-01-30 15:24:00,86.91,86.91,86.91,86.91,117.0,MAN
2023-01-30 15:23:00,86.955,86.955,86.93,86.93,564.0,MAN
2023-01-30 15:22:00,86.965,86.965,86.93,86.93,558.0,MAN
2023-01-30 15:21:00,86.9,86.99,86.9,86.97,2667.0,MAN
2023-01-30 15:20:00,86.89,86.89,86.89,86.89,244.0,MAN
2023-01-30 15:19:00,86.875,86.89,86.875,86.89,337.0,MAN
2023-01-30 15:18:00,86.875,86.875,86.81,86.875,714.0,MAN
2023-01-30 15:17:00,86.855,86.855,86.855,86.855,470.0,MAN
2023-01-30 15:16:00,86.975,86.975,86.94,86.94,351.0,MAN
2023-01-30 15:15:00,87.14,87.15,87.14,87.14,997.0,MAN
2023-01-30 15:14:00,87.17,87.17,87.17,87.17,158.0,MAN
2023-01-30 15:13:00,87.125,87.19,87.125,87.19,1169.0,MAN
2023-01-30 15:12:00,87.145,87.145,87.12,87.12,455.0,MAN
2023-01-30 15:08:00,87.245,87.245,87.15,87.15,1467.0,MAN
2023-01-30 15:07:00,87.19,87.23,87.17,87.21,2070.0,MAN
2023-01-30 15:06:00,87.19,87.19,87.19,87.19,222.0,MAN
2023-01-30 15:05:00,87.225,87.225,87.19,87.2,1016.0,MAN
2023-01-30 15:03:00,87.24,87.24,87.21,87.21,636.0,MAN
2023-01-30 15:02:00,87.175,87.175,87.175,87.175,617.0,MAN
2023-01-30 15:01:00,87.07,87.2,87.07,87.2,946.0,MAN
2023-01-30 15:00:00,87.0975,87.105,87.05,87.08,2292.0,MAN
2023-01-30 14:59:00,87.1,87.1,87.1,87.1,124.0,MAN
2023-01-30 14:58:00,87.1,87.12,87.09,87.095,1507.0,MAN
2023-01-30 14:57:00,87.065,87.065,87.065,87.065,101.0,MAN
2023-01-30 14:56:00,87.09,87.09,87.05,87.05,2001.0,MAN
2023-01-30 14:55:00,87.055,87.055,87.055,87.055,204.0,MAN
2023-01-30 14:54:00,87.035,87.055,87.02,87.055,470.0,MAN
2023-01-30 14:53:00,87.035,87.035,87.035,87.035,115.0,MAN
2023-01-30 14:51:00,87.035,87.035,87.0316,87.0316,642.0,MAN
2023-01-30 14:50:00,86.98,87.035,86.98,87.035,200.0,MAN
2023-01-30 14:49:00,87.04,87.04,87.04,87.04,105.0,MAN
2023-01-30 14:48:00,87.065,87.065,87.035,87.035,603.0,MAN
2023-01-30 14:47:00,87.12,87.12,87.12,87.12,201.0,MAN
2023-01-30 14:46:00,87.27,87.27,87.2,87.2,1083.0,MAN
2023-01-30 14:44:00,87.21,87.22,87.17,87.205,664.0,MAN
2023-01-30 14:42:00,87.24,87.24,87.24,87.24,699.0,MAN
2023-01-30 14:41:00,87.31,87.33,87.22,87.22,3092.0,MAN
2023-01-30 14:40:00,87.31,87.32,87.31,87.32,250.0,MAN
2023-01-30 14:39:00,87.26,87.29,87.255,87.29,759.0,MAN
2023-01-30 14:38:00,87.23,87.26,87.23,87.245,855.0,MAN
2023-01-30 14:37:00,87.21,87.21,87.2,87.21,738.0,MAN
2023-01-30 14:36:00,87.21,87.23,87.21,87.23,1126.0,MAN
2023-01-30 14:34:00,87.215,87.215,87.18,87.185,1235.0,MAN
2023-01-30 14:33:00,87.21,87.21,87.21,87.21,368.0,MAN
2023-01-30 14:32:00,87.225,87.225,87.18,87.205,542.0,MAN
2023-01-30 14:30:00,87.215,87.215,87.215,87.215,161.0,MAN
2023-01-30 14:29:00,87.21,87.21,87.21,87.21,400.0,MAN
2023-01-30 14:28:00,87.23,87.23,87.225,87.225,232.0,MAN
2023-01-30 14:27:00,87.15,87.15,87.07,87.12,1131.0,MAN
2023-01-30 14:26:00,87.1,87.15,87.1,87.15,426.0,MAN
2023-01-30 14:25:00,87.13,87.13,87.13,87.13,103.0,MAN
2023-01-30 14:24:00,87.18,87.18,87.18,87.18,611.0,MAN
2023-01-30 14:23:00,87.255,87.255,87.255,87.255,102.0,MAN
2023-01-30 14:22:00,87.21,87.265,87.2,87.265,755.0,MAN
2023-01-30 14:21:00,87.12,87.13,87.12,87.13,663.0,MAN
2023-01-30 14:20:00,87.09,87.09,87.09,87.09,298.0,MAN
2023-01-30 14:19:00,87.075,87.075,87.075,87.075,123.0,MAN
2023-01-30 14:18:00,87.05,87.05,87.05,87.05,101.0,MAN
2023-01-30 14:16:00,87.07,87.07,87.06,87.07,804.0,MAN
2023-01-30 14:15:00,86.98,87.11,86.98,87.11,1249.0,MAN
2023-01-30 14:14:00,87.14,87.15,87.01,87.08,984.0,MAN
2023-01-30 14:13:00,87.19,87.19,87.19,87.19,602.0,MAN
2023-01-30 14:12:00,87.225,87.225,87.225,87.225,221.0,MAN
2023-01-30 14:11:00,87.23,87.23,87.2025,87.2025,342.0,MAN
2023-01-30 14:10:00,87.21,87.225,87.21,87.225,1144.0,MAN
2023-01-30 14:08:00,87.285,87.285,87.285,87.285,237.0,MAN
2023-01-30 14:07:00,87.2875,87.2875,87.2875,87.2875,100.0,MAN
2023-01-30 14:06:00,87.33,87.36,87.32,87.36,1267.0,MAN
2023-01-30 14:05:00,87.29,87.31,87.25,87.28,1752.0,MAN
2023-01-30 14:03:00,87.38,87.38,87.38,87.38,166.0,MAN
2023-01-30 14:02:00,87.375,87.375,87.375,87.375,100.0,MAN
2023-01-30 14:01:00,87.35,87.35,87.35,87.35,316.0,MAN
2023-01-30 14:00:00,87.2,87.2,87.2,87.2,321.0,MAN
2023-01-30 13:59:00,87.27,87.27,87.27,87.27,200.0,MAN
2023-01-30 13:58:00,87.34,87.37,87.29,87.35,3375.0,MAN
2023-01-30 13:57:00,87.33,87.38,87.33,87.37,871.0,MAN
2023-01-30 13:54:00,87.27,87.27,87.15,87.225,635.0,MAN
2023-01-30 13:53:00,87.24,87.24,87.24,87.24,809.0,MAN
2023-01-30 13:52:00,87.11,87.135,87.1,87.135,986.0,MAN
2023-01-30 13:51:00,87.115,87.14,87.115,87.14,861.0,MAN
2023-01-30 13:49:00,87.05,87.05,87.05,87.05,290.0,MAN
2023-01-30 13:48:00,87.155,87.155,87.1,87.1,759.0,MAN
2023-01-30 13:45:00,87.16,87.21,87.16,87.21,442.0,MAN
2023-01-30 13:44:00,87.065,87.15,86.99,87.15,3085.0,MAN
2023-01-30 13:42:00,87.0605,87.1,87.0605,87.1,851.0,MAN
2023-01-30 13:41:00,87.1,87.1,87.1,87.1,240.0,MAN
2023-01-30 13:39:00,87.06,87.1,87.06,87.065,366.0,MAN
2023-01-30 13:36:00,87.1,87.1,87.1,87.1,229.0,MAN
2023-01-30 13:34:00,86.985,87.045,86.985,87.045,1159.0,MAN
2023-01-30 13:33:00,86.99,86.99,86.98,86.98,640.0,MAN
2023-01-30 13:32:00,87.08,87.08,87.08,87.08,102.0,MAN
2023-01-30 13:31:00,87.04,87.04,87.04,87.04,246.0,MAN
2023-01-30 13:29:00,87.02,87.02,87.02,87.02,125.0,MAN
2023-01-30 13:26:00,87.1,87.1,87.1,87.1,210.0,MAN
2023-01-30 13:24:00,87.17,87.17,87.11,87.11,594.0,MAN
2023-01-30 13:22:00,87.15,87.15,87.15,87.15,412.0,MAN
2023-01-30 13:21:00,87.16,87.17,87.13,87.13,817.0,MAN
2023-01-30 13:18:00,87.09,87.11,87.09,87.11,701.0,MAN
2023-01-30 13:17:00,86.95,87.02,86.95,87.02,773.0,MAN
2023-01-30 13:16:00,87.03,87.03,86.89,86.89,1582.0,MAN
2023-01-30 13:14:00,86.96,87.0825,86.96,87.0825,391.0,MAN
2023-01-30 13:13:00,86.77,86.94,86.77,86.94,1518.0,MAN
2023-01-30 13:12:00,86.735,86.745,86.735,86.745,213.0,MAN
2023-01-30 13:08:00,86.735,86.735,86.7,86.7,572.0,MAN
2023-01-30 13:07:00,86.75,86.78,86.74,86.74,712.0,MAN
2023-01-30 13:06:00,86.765,86.765,86.765,86.765,301.0,MAN
2023-01-30 13:03:00,86.76,86.76,86.76,86.76,101.0,MAN
2023-01-30 13:02:00,86.76,86.76,86.76,86.76,100.0,MAN
2023-01-30 13:01:00,86.76,86.76,86.76,86.76,403.0,MAN
2023-01-30 13:00:00,86.75,86.75,86.75,86.75,231.0,MAN
2023-01-30 12:59:00,86.76,86.76,86.76,86.76,123.0,MAN
2023-01-30 12:58:00,86.83,86.83,86.69,86.76,1785.0,MAN
2023-01-30 12:56:00,86.78,86.83,86.75,86.83,1286.0,MAN
2023-01-30 12:53:00,86.81,86.81,86.81,86.81,107.0,MAN
2023-01-30 12:51:00,86.81,86.81,86.81,86.81,153.0,MAN
2023-01-30 12:48:00,86.81,86.81,86.81,86.81,620.0,MAN
2023-01-30 12:47:00,86.84,86.87,86.84,86.87,973.0,MAN
2023-01-30 12:46:00,86.81,86.81,86.81,86.81,402.0,MAN
2023-01-30 12:45:00,86.865,86.865,86.865,86.865,215.0,MAN
2023-01-30 12:44:00,86.88,86.88,86.88,86.88,367.0,MAN
2023-01-30 12:41:00,86.85,86.86,86.85,86.86,343.0,MAN
2023-01-30 12:40:00,86.865,86.865,86.865,86.865,533.0,MAN
2023-01-30 12:36:00,86.94,86.94,86.94,86.94,221.0,MAN
2023-01-30 12:33:00,86.99,86.99,86.88,86.94,859.0,MAN
2023-01-30 12:30:00,86.95,87.01,86.95,87.01,684.0,MAN
2023-01-30 12:29:00,86.89,86.89,86.89,86.89,495.0,MAN
2023-01-30 12:28:00,86.87,86.87,86.87,86.87,136.0,MAN
2023-01-30 12:27:00,86.89,86.89,86.795,86.795,1446.0,MAN
2023-01-30 12:26:00,86.93,86.95,86.91,86.95,1888.0,MAN
2023-01-30 12:24:00,86.97,86.97,86.97,86.97,322.0,MAN
2023-01-30 12:23:00,86.89,86.97,86.89,86.97,1037.0,MAN
2023-01-30 12:20:00,86.88,86.89,86.88,86.89,354.0,MAN
2023-01-30 12:18:00,86.85,86.85,86.85,86.85,212.0,MAN
2023-01-30 12:15:00,86.86,86.87,86.86,86.86,948.0,MAN
2023-01-30 12:13:00,86.79,86.79,86.79,86.79,281.0,MAN
2023-01-30 12:09:00,86.695,86.765,86.695,86.765,214.0,MAN
2023-01-30 12:05:00,86.78,86.78,86.775,86.775,312.0,MAN
2023-01-30 12:02:00,86.76,86.79,86.76,86.77,438.0,MAN
2023-01-30 12:01:00,86.85,86.85,86.85,86.85,204.0,MAN
2023-01-30 11:59:00,86.65,86.8,86.65,86.8,1138.0,MAN
2023-01-30 11:58:00,86.58,86.58,86.58,86.58,112.0,MAN
2023-01-30 11:57:00,86.64,86.64,86.575,86.575,465.0,MAN
2023-01-30 11:56:00,86.56,86.59,86.56,86.59,582.0,MAN
2023-01-30 11:55:00,86.68,86.68,86.68,86.68,215.0,MAN
2023-01-30 11:53:00,86.685,86.685,86.57,86.57,311.0,MAN
2023-01-30 11:51:00,86.81,86.81,86.65,86.73,1534.0,MAN
2023-01-30 11:50:00,86.84,86.84,86.84,86.84,163.0,MAN
2023-01-30 11:48:00,86.91,86.91,86.91,86.91,102.0,MAN
2023-01-30 11:47:00,87.01,87.01,86.91,86.91,265.0,MAN
2023-01-30 11:44:00,86.95,86.96,86.87,86.94,660.0,MAN
2023-01-30 11:43:00,86.94,87.02,86.94,86.97,914.0,MAN
2023-01-30 11:42:00,86.9,86.9,86.87,86.87,1266.0,MAN
2023-01-30 11:41:00,86.91,86.91,86.91,86.91,282.0,MAN
2023-01-30 11:40:00,86.945,86.945,86.945,86.945,231.0,MAN
2023-01-30 11:39:00,86.9971,87.02,86.9971,87.02,322.0,MAN
2023-01-30 11:37:00,86.81,86.92,86.81,86.915,785.0,MAN
2023-01-30 11:33:00,86.9,86.9,86.9,86.9,270.0,MAN
2023-01-30 11:32:00,86.89,86.89,86.89,86.89,276.0,MAN
2023-01-30 11:31:00,86.81,86.81,86.81,86.81,498.0,MAN
2023-01-30 11:29:00,86.78,86.78,86.77,86.78,379.0,MAN
2023-01-30 11:28:00,86.68,86.76,86.68,86.76,808.0,MAN
2023-01-30 11:27:00,86.66,86.75,86.65,86.65,678.0,MAN
2023-01-30 11:25:00,86.785,86.785,86.76,86.76,524.0,MAN
2023-01-30 11:24:00,86.74,86.74,86.74,86.74,105.0,MAN
2023-01-30 11:22:00,86.85,86.85,86.85,86.85,297.0,MAN
2023-01-30 11:20:00,86.98,86.98,86.98,86.98,109.0,MAN
2023-01-30 11:14:00,87.16,87.16,86.895,86.98,1310.0,MAN
2023-01-30 11:12:00,87.01,87.09,87.01,87.085,861.0,MAN
2023-01-30 11:10:00,86.74,86.855,86.74,86.855,1492.0,MAN
2023-01-30 11:07:00,86.75,86.75,86.75,86.75,443.0,MAN
2023-01-30 11:05:00,86.745,86.745,86.745,86.745,511.0,MAN
2023-01-30 11:01:00,86.74,86.74,86.74,86.74,142.0,MAN
2023-01-30 11:00:00,86.7,86.78,86.7,86.7,804.0,MAN
2023-01-30 10:59:00,86.705,86.705,86.705,86.705,451.0,MAN
2023-01-30 10:56:00,86.725,86.725,86.725,86.725,114.0,MAN
2023-01-30 10:54:00,86.86,86.86,86.84,86.84,737.0,MAN
2023-01-30 10:53:00,86.94,86.94,86.94,86.94,113.0,MAN
2023-01-30 10:52:00,86.905,86.905,86.905,86.905,148.0,MAN
2023-01-30 10:51:00,86.79,86.83,86.79,86.83,914.0,MAN
2023-01-30 10:50:00,86.69,86.73,86.69,86.73,964.0,MAN
2023-01-30 10:48:00,86.705,86.705,86.54,86.54,1178.0,MAN
2023-01-30 10:47:00,86.75,86.75,86.74,86.75,853.0,MAN
2023-01-30 10:46:00,86.68,86.68,86.68,86.68,133.0,MAN
2023-01-30 10:44:00,86.71,86.71,86.71,86.71,418.0,MAN
2023-01-30 10:43:00,86.71,86.71,86.61,86.61,631.0,MAN
2023-01-30 10:41:00,86.745,86.745,86.745,86.745,390.0,MAN
2023-01-30 10:40:00,86.785,86.785,86.77,86.785,1181.0,MAN
2023-01-30 10:38:00,86.83,86.83,86.83,86.83,312.0,MAN
2023-01-30 10:37:00,86.855,86.855,86.855,86.855,217.0,MAN
2023-01-30 10:35:00,86.76,86.845,86.76,86.84,355.0,MAN
2023-01-30 10:33:00,86.835,86.835,86.835,86.835,281.0,MAN
2023-01-30 10:32:00,86.955,86.955,86.955,86.955,236.0,MAN
2023-01-30 10:30:00,86.97,86.97,86.97,86.97,102.0,MAN
2023-01-30 10:29:00,87.04,87.06,86.87,86.875,1920.0,MAN
2023-01-30 10:28:00,87.01,87.04,86.975,86.975,640.0,MAN
2023-01-30 10:27:00,87.105,87.105,87.105,87.105,274.0,MAN
2023-01-30 10:26:00,87.11,87.11,87.11,87.11,149.0,MAN
2023-01-30 10:25:00,87.145,87.145,87.145,87.145,355.0,MAN
2023-01-30 10:24:00,87.24,87.24,87.14,87.14,546.0,MAN
2023-01-30 10:22:00,87.17,87.26,87.16,87.26,2051.0,MAN
2023-01-30 10:21:00,87.23,87.23,87.18,87.18,302.0,MAN
2023-01-30 10:20:00,87.1333,87.23,87.1333,87.23,562.0,MAN
2023-01-30 10:19:00,87.12,87.225,87.12,87.225,414.0,MAN
2023-01-30 10:18:00,87.13,87.13,87.13,87.13,676.0,MAN
2023-01-30 10:17:00,87.15,87.15,87.03,87.03,1028.0,MAN
2023-01-30 10:15:00,87.09,87.15,87.06,87.15,594.0,MAN
2023-01-30 10:14:00,87.495,87.495,87.19,87.21,1840.0,MAN
2023-01-30 10:09:00,87.5,87.5,87.5,87.5,365.0,MAN
2023-01-30 10:07:00,87.445,87.445,87.445,87.445,382.0,MAN
2023-01-30 10:05:00,87.37,87.38,87.34,87.34,749.0,MAN
2023-01-30 10:01:00,87.31,87.33,87.25,87.25,1067.0,MAN
2023-01-30 10:00:00,87.11,87.11,87.11,87.11,242.0,MAN
2023-01-30 09:59:00,87.36,87.36,87.36,87.36,142.0,MAN
2023-01-30 09:56:00,87.06,87.06,87.06,87.06,331.0,MAN
2023-01-30 09:55:00,87.235,87.235,87.235,87.235,770.0,MAN
2023-01-30 09:53:00,87.235,87.235,87.235,87.235,202.0,MAN
2023-01-30 09:52:00,87.2,87.245,87.2,87.245,254.0,MAN
2023-01-30 09:51:00,87.3079,87.3079,87.12,87.255,2100.0,MAN
2023-01-30 09:50:00,87.39,87.39,87.39,87.39,100.0,MAN
2023-01-30 09:46:00,87.2,87.28,87.2,87.28,615.0,MAN
2023-01-30 09:45:00,87.21,87.21,87.21,87.21,108.0,MAN
2023-01-30 09:44:00,87.23,87.23,87.23,87.23,216.0,MAN
2023-01-30 09:42:00,86.66,86.93,86.66,86.93,300.0,MAN
2023-01-30 09:38:00,86.91,86.91,86.91,86.91,232.0,MAN
2023-01-30 09:37:00,87.055,87.055,87.055,87.055,282.0,MAN
2023-01-30 09:36:00,86.78,87.055,86.78,87.055,300.0,MAN
2023-01-30 09:35:00,86.96,87.05,86.96,87.05,1085.0,MAN
2023-01-30 09:34:00,87.01,87.01,87.01,87.01,138.0,MAN
2023-01-30 09:31:00,86.52,86.52,86.52,86.52,1636.0,MAN
2023-01-27 16:01:00,87.2,87.2,87.2,87.2,3661.0,MAN
2023-01-27 16:00:00,87.09,87.23,87.03,87.21,15055.0,MAN
2023-01-27 15:59:00,87.04,87.11,87.0,87.05,10185.0,MAN
2023-01-27 15:58:00,87.02,87.07,87.01,87.01,9880.0,MAN
2023-01-27 15:57:00,87.14,87.18,87.02,87.02,11167.0,MAN
2023-01-27 15:56:00,87.27,87.3,87.11,87.11,9102.0,MAN
2023-01-27 15:55:00,87.29,87.31,87.25,87.25,2597.0,MAN
2023-01-27 15:54:00,87.3,87.335,87.21,87.28,4541.0,MAN
2023-01-27 15:53:00,87.38,87.39,87.305,87.31,5461.0,MAN
2023-01-27 15:52:00,87.52,87.54,87.41,87.41,4133.0,MAN
2023-01-27 15:51:00,87.58,87.58,87.535,87.56,1623.0,MAN
2023-01-27 15:50:00,87.61,87.64,87.59,87.6,1232.0,MAN
2023-01-27 15:49:00,87.64,87.64,87.64,87.64,651.0,MAN
2023-01-27 15:48:00,87.63,87.64,87.62,87.635,2018.0,MAN
2023-01-27 15:47:00,87.57,87.63,87.55,87.62,5924.0,MAN
2023-01-27 15:46:00,87.585,87.585,87.58,87.58,943.0,MAN
2023-01-27 15:45:00,87.585,87.585,87.585,87.585,642.0,MAN
2023-01-27 15:44:00,87.54,87.58,87.54,87.58,571.0,MAN
2023-01-27 15:42:00,87.52,87.54,87.5,87.54,2575.0,MAN
2023-01-27 15:41:00,87.45,87.48,87.45,87.48,1292.0,MAN
2023-01-27 15:40:00,87.43,87.43,87.41,87.41,484.0,MAN
2023-01-27 15:39:00,87.47,87.47,87.42,87.42,1230.0,MAN
2023-01-27 15:38:00,87.5,87.5,87.47,87.47,326.0,MAN
2023-01-27 15:36:00,87.47,87.47,87.46,87.46,234.0,MAN
2023-01-27 15:34:00,87.45,87.45,87.43,87.43,269.0,MAN
2023-01-27 15:33:00,87.36,87.41,87.36,87.41,1038.0,MAN
2023-01-27 15:32:00,87.35,87.36,87.34,87.36,955.0,MAN
2023-01-27 15:31:00,87.33,87.33,87.33,87.33,1155.0,MAN
2023-01-27 15:30:00,87.3,87.3,87.3,87.3,206.0,MAN
2023-01-27 15:29:00,87.3378,87.3378,87.3378,87.3378,350.0,MAN
2023-01-27 15:27:00,87.385,87.385,87.385,87.385,239.0,MAN
2023-01-27 15:26:00,87.36,87.36,87.33,87.33,764.0,MAN
2023-01-27 15:25:00,87.38,87.44,87.38,87.4,487.0,MAN
2023-01-27 15:24:00,87.4,87.41,87.39,87.39,422.0,MAN
2023-01-27 15:23:00,87.35,87.36,87.31,87.32,2268.0,MAN
2023-01-27 15:22:00,87.385,87.385,87.385,87.385,225.0,MAN
2023-01-27 15:20:00,87.39,87.4,87.385,87.385,906.0,MAN
2023-01-27 15:19:00,87.39,87.39,87.39,87.39,355.0,MAN
2023-01-27 15:17:00,87.46,87.46,87.41,87.445,835.0,MAN
2023-01-27 15:16:00,87.475,87.475,87.475,87.475,101.0,MAN
2023-01-27 15:15:00,87.53,87.54,87.43,87.43,1737.0,MAN
2023-01-27 15:14:00,87.58,87.58,87.53,87.53,302.0,MAN
2023-01-27 15:13:00,87.61,87.61,87.58,87.58,406.0,MAN
2023-01-27 15:11:00,87.68,87.68,87.625,87.625,917.0,MAN
2023-01-27 15:09:00,87.63,87.63,87.62,87.63,828.0,MAN
2023-01-27 15:08:00,87.62,87.66,87.6,87.62,1126.0,MAN
2023-01-27 15:06:00,87.58,87.58,87.58,87.58,294.0,MAN
2023-01-27 15:05:00,87.58,87.61,87.58,87.61,601.0,MAN
2023-01-27 15:04:00,87.5,87.5,87.5,87.5,125.0,MAN
2023-01-27 15:03:00,87.535,87.535,87.535,87.535,135.0,MAN
2023-01-27 15:02:00,87.51,87.51,87.49,87.49,1107.0,MAN
2023-01-27 15:01:00,87.43,87.43,87.43,87.43,284.0,MAN
2023-01-27 14:57:00,87.46,87.46,87.46,87.46,179.0,MAN
2023-01-27 14:56:00,87.56,87.62,87.47,87.47,4518.0,MAN
2023-01-27 14:54:00,87.52,87.52,87.51,87.51,1290.0,MAN
2023-01-27 14:53:00,87.57,87.57,87.57,87.57,288.0,MAN
2023-01-27 14:52:00,87.56,87.56,87.56,87.56,724.0,MAN
2023-01-27 14:51:00,87.615,87.615,87.615,87.615,229.0,MAN
2023-01-27 14:50:00,87.5765,87.5765,87.5765,87.5765,1176.0,MAN
2023-01-27 14:47:00,87.56,87.56,87.56,87.56,104.0,MAN
2023-01-27 14:44:00,87.55,87.55,87.55,87.55,169.0,MAN
2023-01-27 14:43:00,87.53,87.54,87.53,87.54,952.0,MAN
2023-01-27 14:41:00,87.475,87.475,87.475,87.475,147.0,MAN
2023-01-27 14:40:00,87.52,87.52,87.52,87.52,286.0,MAN
2023-01-27 14:39:00,87.585,87.585,87.55,87.55,1137.0,MAN
2023-01-27 14:38:00,87.55,87.55,87.55,87.55,296.0,MAN
2023-01-27 14:36:00,87.43,87.43,87.42,87.42,505.0,MAN
2023-01-27 14:34:00,87.455,87.48,87.455,87.48,386.0,MAN
2023-01-27 14:32:00,87.405,87.445,87.38,87.445,2571.0,MAN
2023-01-27 14:31:00,87.32,87.43,87.3,87.4,2507.0,MAN
2023-01-27 14:30:00,87.415,87.415,87.29,87.29,3421.0,MAN
2023-01-27 14:29:00,87.405,87.405,87.36,87.36,670.0,MAN
2023-01-27 14:27:00,87.405,87.405,87.405,87.405,112.0,MAN
2023-01-27 14:26:00,87.36,87.43,87.36,87.43,228.0,MAN
2023-01-27 14:21:00,87.6,87.6,87.4,87.4,1684.0,MAN
2023-01-27 14:18:00,87.64,87.64,87.58,87.6,1096.0,MAN
2023-01-27 14:16:00,87.71,87.71,87.685,87.685,695.0,MAN
2023-01-27 14:15:00,87.78,87.82,87.75,87.755,1899.0,MAN
2023-01-27 14:14:00,87.68,87.775,87.68,87.775,994.0,MAN
2023-01-27 14:13:00,87.56,87.675,87.55,87.625,1214.0,MAN
2023-01-27 14:12:00,87.56,87.56,87.56,87.56,217.0,MAN
2023-01-27 14:11:00,87.35,87.53,87.35,87.51,15723.0,MAN
2023-01-27 14:08:00,87.435,87.445,87.31,87.31,1224.0,MAN
2023-01-27 14:07:00,87.26,87.32,87.22,87.275,4499.0,MAN
2023-01-27 14:06:00,87.275,87.28,87.275,87.28,305.0,MAN
2023-01-27 14:03:00,87.22,87.24,87.18,87.24,1100.0,MAN
2023-01-27 14:02:00,87.1,87.22,87.1,87.2,3206.0,MAN
2023-01-27 14:01:00,87.08,87.08,87.05,87.05,226.0,MAN
2023-01-27 13:59:00,87.1,87.1,87.1,87.1,101.0,MAN
2023-01-27 13:58:00,87.03,87.03,87.03,87.03,223.0,MAN
2023-01-27 13:56:00,87.04,87.04,87.04,87.04,223.0,MAN
2023-01-27 13:55:00,87.03,87.03,86.98,86.98,1785.0,MAN
2023-01-27 13:54:00,86.935,87.05,86.935,87.05,3284.0,MAN
2023-01-27 13:49:00,86.74,86.95,86.74,86.92,3594.0,MAN
2023-01-27 13:48:00,86.74,86.78,86.74,86.78,801.0,MAN
2023-01-27 13:47:00,86.675,86.675,86.675,86.675,100.0,MAN
2023-01-27 13:46:00,86.95,86.95,86.745,86.745,1409.0,MAN
2023-01-27 13:45:00,87.025,87.025,86.95,86.95,209.0,MAN
2023-01-27 13:42:00,87.15,87.15,87.0,87.0,968.0,MAN
2023-01-27 13:41:00,87.21,87.21,87.19,87.19,1016.0,MAN
2023-01-27 13:36:00,87.255,87.255,87.255,87.255,135.0,MAN
2023-01-27 13:35:00,87.255,87.255,87.255,87.255,210.0,MAN
2023-01-27 13:34:00,87.29,87.31,87.24,87.24,1035.0,MAN
2023-01-27 13:32:00,87.34,87.34,87.33,87.33,621.0,MAN
2023-01-27 13:31:00,87.34,87.34,87.3,87.3,328.0,MAN
2023-01-27 13:30:00,87.3,87.3,87.3,87.3,305.0,MAN
2023-01-27 13:29:00,87.295,87.34,87.295,87.33,422.0,MAN
2023-01-27 13:28:00,87.3,87.3,87.27,87.295,615.0,MAN
2023-01-27 13:27:00,87.34,87.34,87.3,87.3,1392.0,MAN
2023-01-27 13:26:00,87.275,87.34,87.22,87.34,5040.0,MAN
2023-01-27 13:24:00,87.185,87.185,87.185,87.185,551.0,MAN
2023-01-27 13:23:00,87.175,87.175,87.175,87.175,217.0,MAN
2023-01-27 13:22:00,87.03,87.09,87.03,87.09,613.0,MAN
2023-01-27 13:20:00,86.935,86.98,86.935,86.98,576.0,MAN
2023-01-27 13:19:00,86.9,86.94,86.89,86.935,2232.0,MAN
2023-01-27 13:18:00,86.88,86.91,86.88,86.91,322.0,MAN
2023-01-27 13:17:00,86.83,86.83,86.83,86.83,271.0,MAN
2023-01-27 13:16:00,86.75,86.75,86.74,86.75,1013.0,MAN
2023-01-27 13:15:00,86.71,86.76,86.71,86.76,1252.0,MAN
2023-01-27 13:14:00,86.6,86.71,86.6,86.71,3140.0,MAN
2023-01-27 13:13:00,86.63,86.63,86.63,86.63,150.0,MAN
2023-01-27 13:12:00,86.6,86.63,86.6,86.6,427.0,MAN
2023-01-27 13:11:00,86.59,86.59,86.59,86.59,204.0,MAN
2023-01-27 13:10:00,86.58,86.605,86.57,86.595,1616.0,MAN
2023-01-27 13:09:00,86.53,86.53,86.53,86.53,1208.0,MAN
2023-01-27 13:08:00,86.53,86.53,86.53,86.53,910.0,MAN
2023-01-27 13:07:00,86.4,86.56,86.4,86.5,7700.0,MAN
2023-01-27 13:03:00,86.23,86.27,86.23,86.27,418.0,MAN
2023-01-27 13:01:00,86.29,86.29,86.26,86.26,567.0,MAN
2023-01-27 13:00:00,86.26,86.26,86.24,86.24,1076.0,MAN
2023-01-27 12:58:00,86.295,86.295,86.295,86.295,125.0,MAN
2023-01-27 12:57:00,86.32,86.32,86.32,86.32,398.0,MAN
2023-01-27 12:56:00,86.33,86.33,86.33,86.33,226.0,MAN
2023-01-27 12:55:00,86.48,86.48,86.44,86.44,1055.0,MAN
2023-01-27 12:54:00,86.58,86.58,86.58,86.58,226.0,MAN
2023-01-27 12:53:00,86.54,86.55,86.47,86.55,3698.0,MAN
2023-01-27 12:52:00,86.44,86.475,86.425,86.425,1399.0,MAN
2023-01-27 12:51:00,86.46,86.46,86.46,86.46,251.0,MAN
2023-01-27 12:50:00,86.43,86.44,86.43,86.44,521.0,MAN
2023-01-27 12:49:00,86.38,86.48,86.36,86.48,1722.0,MAN
2023-01-27 12:46:00,86.405,86.405,86.405,86.405,103.0,MAN
2023-01-27 12:45:00,86.4,86.4,86.4,86.4,101.0,MAN
2023-01-27 12:43:00,86.37,86.42,86.365,86.365,724.0,MAN
2023-01-27 12:42:00,86.52,86.52,86.42,86.42,1381.0,MAN
2023-01-27 12:40:00,86.415,86.5,86.415,86.5,1850.0,MAN
2023-01-27 12:39:00,86.34,86.44,86.34,86.44,1393.0,MAN
2023-01-27 12:38:00,86.34,86.34,86.34,86.34,119.0,MAN
2023-01-27 12:35:00,86.31,86.31,86.31,86.31,507.0,MAN
2023-01-27 12:34:00,86.33,86.33,86.33,86.33,200.0,MAN
2023-01-27 12:31:00,86.33,86.33,86.33,86.33,217.0,MAN
2023-01-27 12:30:00,86.405,86.41,86.34,86.34,1565.0,MAN
2023-01-27 12:28:00,86.63,86.63,86.42,86.42,1999.0,MAN
2023-01-27 12:26:00,86.65,86.665,86.65,86.665,319.0,MAN
2023-01-27 12:24:00,86.7,86.7,86.7,86.7,150.0,MAN
2023-01-27 12:23:00,86.695,86.695,86.695,86.695,209.0,MAN
2023-01-27 12:22:00,86.59,86.74,86.59,86.74,1626.0,MAN
2023-01-27 12:21:00,86.58,86.625,86.58,86.625,1125.0,MAN
2023-01-27 12:16:00,86.59,86.65,86.57,86.605,930.0,MAN
2023-01-27 12:14:00,86.58,86.62,86.54,86.54,927.0,MAN
2023-01-27 12:13:00,86.55,86.55,86.48,86.49,992.0,MAN
2023-01-27 12:10:00,86.59,86.59,86.52,86.52,1081.0,MAN
2023-01-27 12:07:00,86.58,86.58,86.58,86.58,379.0,MAN
2023-01-27 12:05:00,86.76,86.76,86.67,86.67,1216.0,MAN
2023-01-27 12:04:00,86.82,86.82,86.76,86.76,701.0,MAN
2023-01-27 12:02:00,86.81,86.89,86.81,86.89,591.0,MAN
2023-01-27 12:01:00,86.82,86.82,86.8,86.81,914.0,MAN
2023-01-27 12:00:00,86.85,86.85,86.85,86.85,408.0,MAN
2023-01-27 11:58:00,86.81,86.85,86.81,86.85,591.0,MAN
2023-01-27 11:57:00,86.785,86.785,86.785,86.785,240.0,MAN
2023-01-27 11:56:00,86.77,86.77,86.765,86.765,499.0,MAN
2023-01-27 11:54:00,86.88,86.9,86.88,86.89,548.0,MAN
2023-01-27 11:51:00,86.9,86.92,86.9,86.92,726.0,MAN
2023-01-27 11:50:00,86.945,86.945,86.89,86.8933,301.0,MAN
2023-01-27 11:46:00,87.01,87.01,86.85,86.91,1701.0,MAN
2023-01-27 11:45:00,87.07,87.07,87.0,87.0,538.0,MAN
2023-01-27 11:41:00,86.96,87.05,86.96,87.0,1333.0,MAN
2023-01-27 11:40:00,87.03,87.03,87.03,87.03,583.0,MAN
2023-01-27 11:39:00,87.095,87.095,87.095,87.095,165.0,MAN
2023-01-27 11:38:00,87.105,87.12,87.105,87.12,558.0,MAN
2023-01-27 11:37:00,87.22,87.22,87.05,87.09,2254.0,MAN
2023-01-27 11:36:00,87.26,87.295,87.26,87.295,425.0,MAN
2023-01-27 11:35:00,87.25,87.25,87.25,87.25,162.0,MAN
2023-01-27 11:34:00,87.22,87.24,87.21,87.21,967.0,MAN
2023-01-27 11:33:00,87.12,87.18,87.12,87.14,834.0,MAN
2023-01-27 11:31:00,87.1145,87.1145,87.1145,87.1145,305.0,MAN
2023-01-27 11:30:00,87.14,87.16,87.0624,87.0624,1844.0,MAN
2023-01-27 11:28:00,87.03,87.03,87.03,87.03,205.0,MAN
2023-01-27 11:27:00,87.09,87.09,87.09,87.09,105.0,MAN
2023-01-27 11:26:00,87.16,87.16,87.13,87.13,607.0,MAN
2023-01-27 11:21:00,87.205,87.27,87.205,87.27,991.0,MAN
2023-01-27 11:20:00,87.21,87.21,87.19,87.2,1102.0,MAN
2023-01-27 11:18:00,87.07,87.2,87.07,87.095,576.0,MAN
2023-01-27 11:17:00,86.91,86.91,86.91,86.91,215.0,MAN
2023-01-27 11:16:00,86.935,86.94,86.86,86.86,1040.0,MAN
2023-01-27 11:15:00,86.82,86.97,86.785,86.97,1305.0,MAN
2023-01-27 11:12:00,86.59,86.76,86.58,86.76,2913.0,MAN
2023-01-27 11:11:00,86.57,86.57,86.57,86.57,212.0,MAN
2023-01-27 11:10:00,86.61,86.61,86.61,86.61,201.0,MAN
2023-01-27 11:08:00,86.73,86.77,86.64,86.67,2220.0,MAN
2023-01-27 11:06:00,86.59,86.685,86.59,86.685,1016.0,MAN
2023-01-27 11:05:00,86.53,86.58,86.52,86.58,714.0,MAN
2023-01-27 11:04:00,86.51,86.54,86.51,86.52,475.0,MAN
2023-01-27 11:03:00,86.56,86.5633,86.48,86.54,1272.0,MAN
2023-01-27 11:01:00,86.475,86.51,86.475,86.51,622.0,MAN
2023-01-27 11:00:00,86.58,86.63,86.58,86.59,1625.0,MAN
2023-01-27 10:59:00,86.52,86.575,86.52,86.575,345.0,MAN
2023-01-27 10:58:00,86.57,86.57,86.5627,86.5627,478.0,MAN
2023-01-27 10:56:00,86.74,86.74,86.615,86.645,1257.0,MAN
2023-01-27 10:55:00,86.74,86.85,86.74,86.83,1277.0,MAN
2023-01-27 10:54:00,86.83,86.83,86.8,86.81,575.0,MAN
2023-01-27 10:53:00,86.925,86.925,86.855,86.855,497.0,MAN
2023-01-27 10:52:00,86.99,86.9932,86.98,86.98,1223.0,MAN
2023-01-27 10:51:00,86.96,87.0,86.96,87.0,619.0,MAN
2023-01-27 10:50:00,86.94,86.94,86.94,86.94,106.0,MAN
2023-01-27 10:49:00,87.09,87.09,87.09,87.09,213.0,MAN
2023-01-27 10:48:00,87.16,87.16,87.125,87.13,997.0,MAN
2023-01-27 10:47:00,87.32,87.32,87.28,87.28,935.0,MAN
2023-01-27 10:46:00,87.34,87.34,87.3148,87.3148,354.0,MAN
2023-01-27 10:45:00,87.32,87.32,87.315,87.315,321.0,MAN
2023-01-27 10:44:00,87.39,87.39,87.39,87.39,227.0,MAN
2023-01-27 10:43:00,87.41,87.41,87.405,87.405,343.0,MAN
2023-01-27 10:42:00,87.405,87.405,87.4,87.4,606.0,MAN
2023-01-27 10:41:00,87.57,87.57,87.38,87.38,610.0,MAN
2023-01-27 10:38:00,87.54,87.54,87.54,87.54,112.0,MAN
2023-01-27 10:37:00,87.595,87.775,87.59,87.62,8258.0,MAN
2023-01-27 10:36:00,87.58,87.58,87.56,87.56,356.0,MAN
2023-01-27 10:34:00,87.68,87.68,87.68,87.68,131.0,MAN
2023-01-27 10:33:00,88.02,88.02,87.81,87.81,1900.0,MAN
2023-01-27 10:32:00,88.06,88.06,88.03,88.03,301.0,MAN
2023-01-27 10:31:00,88.075,88.075,88.03,88.03,404.0,MAN
2023-01-27 10:29:00,88.025,88.025,88.025,88.025,263.0,MAN
2023-01-27 10:28:00,88.07,88.07,88.07,88.07,222.0,MAN
2023-01-27 10:27:00,88.04,88.055,87.99,88.055,602.0,MAN
2023-01-27 10:25:00,88.045,88.045,88.045,88.045,342.0,MAN
2023-01-27 10:23:00,88.04,88.04,88.04,88.04,152.0,MAN
2023-01-27 10:22:00,88.13,88.13,88.02,88.02,798.0,MAN
2023-01-27 10:21:00,88.07,88.175,88.07,88.175,2331.0,MAN
2023-01-27 10:20:00,88.06,88.06,88.06,88.06,201.0,MAN
2023-01-27 10:19:00,88.05,88.06,88.0075,88.0525,989.0,MAN
2023-01-27 10:18:00,87.98,87.98,87.98,87.98,101.0,MAN
2023-01-27 10:17:00,88.08,88.09,87.97,88.0825,1670.0,MAN
2023-01-27 10:16:00,88.0775,88.085,88.0775,88.085,475.0,MAN
2023-01-27 10:13:00,88.11,88.125,88.1,88.125,902.0,MAN
2023-01-27 10:12:00,88.25,88.25,88.25,88.25,100.0,MAN
2023-01-27 10:11:00,88.165,88.22,88.165,88.22,430.0,MAN
2023-01-27 10:10:00,88.3175,88.3175,88.27,88.27,655.0,MAN
2023-01-27 10:08:00,88.335,88.335,88.335,88.335,133.0,MAN
2023-01-27 10:07:00,88.4,88.4,88.38,88.38,364.0,MAN
2023-01-27 10:05:00,88.218,88.25,88.17,88.25,427.0,MAN
2023-01-27 10:03:00,88.11,88.25,88.11,88.175,1877.0,MAN
2023-01-27 10:01:00,87.94,88.015,87.88,88.015,924.0,MAN
2023-01-27 10:00:00,88.085,88.085,88.085,88.085,130.0,MAN
2023-01-27 09:59:00,88.2,88.2,88.2,88.2,106.0,MAN
2023-01-27 09:58:00,88.1625,88.1625,88.11,88.11,455.0,MAN
2023-01-27 09:57:00,88.13,88.2,88.13,88.16,543.0,MAN
2023-01-27 09:54:00,88.095,88.1,88.095,88.1,667.0,MAN
2023-01-27 09:53:00,88.095,88.095,88.095,88.095,226.0,MAN
2023-01-27 09:52:00,88.075,88.075,88.075,88.075,486.0,MAN
2023-01-27 09:51:00,88.055,88.055,88.055,88.055,1342.0,MAN
2023-01-27 09:50:00,88.13,88.22,88.13,88.22,241.0,MAN
2023-01-27 09:49:00,88.12,88.12,88.12,88.12,353.0,MAN
2023-01-27 09:48:00,88.255,88.255,88.255,88.255,131.0,MAN
2023-01-27 09:47:00,88.22,88.24,88.13,88.13,611.0,MAN
2023-01-27 09:46:00,88.05,88.05,88.05,88.05,554.0,MAN
2023-01-27 09:44:00,88.015,88.015,88.015,88.015,511.0,MAN
2023-01-27 09:43:00,88.06,88.06,88.06,88.06,155.0,MAN
2023-01-27 09:41:00,87.92,87.92,87.92,87.92,233.0,MAN
2023-01-27 09:37:00,87.68,87.8,87.68,87.8,707.0,MAN
2023-01-27 09:34:00,87.3,87.47,87.3,87.47,1504.0,MAN
2023-01-27 09:32:00,87.35,87.35,87.3,87.3,900.0,MAN
2023-01-27 09:31:00,86.8,87.25,86.8,87.25,4629.0,MAN
2023-01-26 16:45:00,87.8,87.8,87.8,87.8,100.0,MAN
2023-01-26 16:41:00,87.84,87.84,87.84,87.84,100.0,MAN
2023-01-26 16:31:00,88.05,88.05,88.05,88.05,300.0,MAN
2023-01-26 16:30:00,88.05,88.05,88.05,88.05,170.0,MAN
2023-01-26 16:01:00,88.26,88.26,88.26,88.26,2168.0,MAN
2023-01-26 16:00:00,88.16,88.3,88.14,88.25,6081.0,MAN
2023-01-26 15:59:00,88.12,88.14,88.12,88.12,1799.0,MAN
2023-01-26 15:58:00,88.15,88.19,88.15,88.16,4067.0,MAN
2023-01-26 15:57:00,88.16,88.165,88.15,88.15,3072.0,MAN
2023-01-26 15:56:00,88.12,88.145,88.12,88.12,1120.0,MAN
2023-01-26 15:55:00,88.08,88.145,88.08,88.14,1649.0,MAN
2023-01-26 15:54:00,88.12,88.12,88.08,88.08,1768.0,MAN
2023-01-26 15:53:00,88.12,88.12,88.1,88.11,2052.0,MAN
2023-01-26 15:52:00,88.13,88.13,88.13,88.13,767.0,MAN
2023-01-26 15:51:00,88.1,88.16,88.1,88.16,1039.0,MAN
2023-01-26 15:50:00,87.99,88.035,87.99,88.035,806.0,MAN
2023-01-26 15:49:00,88.0,88.0,87.9975,87.9975,294.0,MAN
2023-01-26 15:48:00,88.01,88.01,87.99,87.99,269.0,MAN
2023-01-26 15:47:00,88.0,88.0,88.0,88.0,586.0,MAN
2023-01-26 15:46:00,88.02,88.02,87.98,87.98,1796.0,MAN
2023-01-26 15:45:00,88.1,88.1,88.02,88.02,706.0,MAN
2023-01-26 15:44:00,88.03,88.05,88.03,88.05,674.0,MAN
2023-01-26 15:43:00,88.07,88.07,88.06,88.06,901.0,MAN
2023-01-26 15:41:00,88.09,88.09,88.07,88.07,911.0,MAN
2023-01-26 15:40:00,88.07,88.07,88.07,88.07,410.0,MAN
2023-01-26 15:39:00,88.1,88.1,88.08,88.08,602.0,MAN
2023-01-26 15:38:00,88.12,88.12,88.12,88.12,1141.0,MAN
2023-01-26 15:37:00,88.17,88.17,88.17,88.17,100.0,MAN
2023-01-26 15:35:00,88.1,88.13,88.1,88.13,388.0,MAN
2023-01-26 15:34:00,88.14,88.14,88.14,88.14,637.0,MAN
2023-01-26 15:33:00,88.06,88.06,88.06,88.06,282.0,MAN
2023-01-26 15:32:00,87.98,88.04,87.98,88.04,2041.0,MAN
2023-01-26 15:31:00,88.02,88.02,88.02,88.02,468.0,MAN
2023-01-26 15:29:00,88.15,88.15,88.06,88.08,1602.0,MAN
2023-01-26 15:28:00,88.15,88.15,88.15,88.15,287.0,MAN
2023-01-26 15:27:00,88.08,88.105,88.07,88.07,1667.0,MAN
2023-01-26 15:25:00,88.05,88.09,88.05,88.09,1784.0,MAN
2023-01-26 15:24:00,88.02,88.02,88.02,88.02,350.0,MAN
2023-01-26 15:22:00,88.01,88.01,88.01,88.01,179.0,MAN
2023-01-26 15:21:00,88.03,88.03,88.03,88.03,914.0,MAN
2023-01-26 15:19:00,87.995,87.995,87.97,87.97,1888.0,MAN
2023-01-26 15:18:00,87.99,88.055,87.99,88.055,725.0,MAN
2023-01-26 15:17:00,87.97,87.99,87.97,87.99,952.0,MAN
2023-01-26 15:16:00,87.93,87.945,87.93,87.945,585.0,MAN
2023-01-26 15:12:00,87.95,87.95,87.95,87.95,217.0,MAN
2023-01-26 15:11:00,87.91,87.93,87.91,87.93,1148.0,MAN
2023-01-26 15:08:00,87.93,87.93,87.93,87.93,322.0,MAN
2023-01-26 15:07:00,88.0,88.0,87.99,87.99,1318.0,MAN
2023-01-26 15:02:00,88.01,88.01,88.01,88.01,100.0,MAN
2023-01-26 15:01:00,88.04,88.07,88.04,88.07,526.0,MAN
2023-01-26 15:00:00,88.03,88.03,87.995,87.995,385.0,MAN
2023-01-26 14:59:00,88.03,88.03,87.95,87.95,467.0,MAN
2023-01-26 14:58:00,87.94,87.94,87.94,87.94,406.0,MAN
2023-01-26 14:55:00,87.95,88.01,87.89,87.94,2125.0,MAN
2023-01-26 14:54:00,87.93,87.93,87.93,87.93,339.0,MAN
2023-01-26 14:53:00,87.89,87.93,87.89,87.93,301.0,MAN
2023-01-26 14:52:00,87.8,87.8825,87.785,87.8825,774.0,MAN
2023-01-26 14:51:00,87.72,87.76,87.7,87.76,1040.0,MAN
2023-01-26 14:50:00,87.68,87.68,87.68,87.68,109.0,MAN
2023-01-26 14:40:00,87.66,87.66,87.64,87.64,397.0,MAN
2023-01-26 14:39:00,87.69,87.69,87.68,87.68,356.0,MAN
2023-01-26 14:38:00,87.695,87.7,87.695,87.7,226.0,MAN
2023-01-26 14:37:00,87.62,87.67,87.59,87.67,3384.0,MAN
2023-01-26 14:32:00,87.46,87.46,87.46,87.46,102.0,MAN
2023-01-26 14:28:00,87.535,87.535,87.535,87.535,139.0,MAN
2023-01-26 14:26:00,87.73,87.73,87.69,87.69,790.0,MAN
2023-01-26 14:25:00,87.73,87.73,87.73,87.73,288.0,MAN
2023-01-26 14:18:00,87.71,87.71,87.71,87.71,101.0,MAN
2023-01-26 14:17:00,87.65,87.7,87.64,87.64,1159.0,MAN
2023-01-26 14:16:00,87.63,87.63,87.62,87.62,536.0,MAN
2023-01-26 14:14:00,87.66,87.66,87.66,87.66,124.0,MAN
2023-01-26 14:13:00,87.71,87.71,87.71,87.71,119.0,MAN
2023-01-26 14:12:00,87.705,87.705,87.705,87.705,440.0,MAN
2023-01-26 14:11:00,87.76,87.76,87.76,87.76,255.0,MAN
2023-01-26 14:10:00,87.84,87.84,87.835,87.835,850.0,MAN
2023-01-26 14:04:00,87.855,87.855,87.855,87.855,414.0,MAN
2023-01-26 14:03:00,87.825,87.825,87.825,87.825,153.0,MAN
2023-01-26 14:02:00,87.82,87.86,87.81,87.86,1105.0,MAN
2023-01-26 13:58:00,87.865,87.865,87.865,87.865,1012.0,MAN
2023-01-26 13:54:00,87.87,87.93,87.87,87.9,341.0,MAN
2023-01-26 13:50:00,87.96,87.96,87.96,87.96,504.0,MAN
2023-01-26 13:48:00,87.935,87.98,87.935,87.9644,883.0,MAN
2023-01-26 13:46:00,87.89,87.92,87.89,87.92,698.0,MAN
2023-01-26 13:45:00,87.85,87.86,87.84,87.86,401.0,MAN
2023-01-26 13:44:00,87.89,87.89,87.83,87.86,1812.0,MAN
2023-01-26 13:41:00,87.9,87.9,87.86,87.9,552.0,MAN
2023-01-26 13:39:00,87.84,87.88,87.84,87.85,1031.0,MAN
2023-01-26 13:36:00,87.8,87.8,87.8,87.8,355.0,MAN
2023-01-26 13:34:00,87.77,87.77,87.77,87.77,630.0,MAN
2023-01-26 13:28:00,87.84,87.84,87.84,87.84,100.0,MAN
2023-01-26 13:22:00,87.74,87.76,87.74,87.76,325.0,MAN
2023-01-26 13:21:00,87.69,87.69,87.67,87.69,543.0,MAN
2023-01-26 13:19:00,87.69,87.69,87.69,87.69,432.0,MAN
2023-01-26 13:18:00,87.68,87.68,87.68,87.68,200.0,MAN
2023-01-26 13:15:00,87.705,87.705,87.705,87.705,156.0,MAN
2023-01-26 13:14:00,87.62,87.705,87.62,87.705,907.0,MAN
2023-01-26 13:09:00,87.575,87.575,87.575,87.575,327.0,MAN
2023-01-26 13:08:00,87.57,87.57,87.57,87.57,225.0,MAN
2023-01-26 13:07:00,87.54,87.54,87.54,87.54,265.0,MAN
2023-01-26 13:06:00,87.66,87.66,87.66,87.66,184.0,MAN
2023-01-26 13:02:00,87.81,87.82,87.81,87.81,971.0,MAN
2023-01-26 12:57:00,87.835,87.835,87.835,87.835,230.0,MAN
2023-01-26 12:51:00,87.72,87.75,87.72,87.75,1152.0,MAN
2023-01-26 12:49:00,87.61,87.665,87.61,87.665,240.0,MAN
2023-01-26 12:47:00,87.78,87.8,87.73,87.73,1086.0,MAN
2023-01-26 12:45:00,87.82,87.82,87.78,87.78,1827.0,MAN
2023-01-26 12:43:00,87.89,87.89,87.87,87.87,281.0,MAN
2023-01-26 12:42:00,87.89,87.89,87.89,87.89,120.0,MAN
2023-01-26 12:38:00,87.89,87.89,87.89,87.89,568.0,MAN
2023-01-26 12:35:00,87.94,87.94,87.94,87.94,344.0,MAN
2023-01-26 12:27:00,87.8,87.8,87.8,87.8,114.0,MAN
2023-01-26 12:25:00,87.91,87.91,87.91,87.91,799.0,MAN
2023-01-26 12:24:00,88.06,88.06,87.94,87.94,454.0,MAN
2023-01-26 12:16:00,88.0425,88.0425,87.99,88.015,1229.0,MAN
2023-01-26 12:12:00,88.1,88.1,88.1,88.1,117.0,MAN
2023-01-26 12:10:00,88.03,88.03,88.03,88.03,236.0,MAN
2023-01-26 12:05:00,87.92,87.92,87.92,87.92,137.0,MAN
2023-01-26 11:54:00,87.86,87.86,87.86,87.86,211.0,MAN
2023-01-26 11:53:00,87.86,87.86,87.86,87.86,181.0,MAN
2023-01-26 11:45:00,87.79,87.79,87.79,87.79,433.0,MAN
2023-01-26 11:42:00,87.718,87.718,87.718,87.718,247.0,MAN
2023-01-26 11:41:00,87.72,87.765,87.69,87.69,861.0,MAN
2023-01-26 11:40:00,87.76,87.76,87.7,87.7,603.0,MAN
2023-01-26 11:37:00,87.695,87.695,87.695,87.695,220.0,MAN
2023-01-26 11:36:00,87.68,87.705,87.68,87.705,642.0,MAN
2023-01-26 11:34:00,87.62,87.64,87.62,87.63,1096.0,MAN
2023-01-26 11:32:00,87.7,87.73,87.7,87.73,624.0,MAN
2023-01-26 11:31:00,87.67,87.67,87.59,87.59,526.0,MAN
2023-01-26 11:24:00,87.72,87.72,87.72,87.72,100.0,MAN
2023-01-26 11:20:00,87.72,87.72,87.72,87.72,439.0,MAN
2023-01-26 11:17:00,87.76,87.82,87.76,87.82,815.0,MAN
2023-01-26 11:15:00,87.74,87.74,87.74,87.74,445.0,MAN
2023-01-26 11:12:00,87.83,87.83,87.83,87.83,775.0,MAN
2023-01-26 11:11:00,87.92,87.92,87.92,87.92,414.0,MAN
2023-01-26 11:10:00,87.82,87.82,87.82,87.82,224.0,MAN
2023-01-26 11:09:00,87.92,87.92,87.92,87.92,123.0,MAN
2023-01-26 11:07:00,87.91,87.915,87.85,87.915,853.0,MAN
2023-01-26 11:03:00,87.77,87.87,87.77,87.87,302.0,MAN
2023-01-26 11:02:00,87.72,87.85,87.72,87.85,1824.0,MAN
2023-01-26 11:00:00,87.63,87.655,87.63,87.655,216.0,MAN
2023-01-26 10:59:00,87.59,87.59,87.59,87.59,154.0,MAN
2023-01-26 10:57:00,87.73,87.73,87.73,87.73,120.0,MAN
2023-01-26 10:56:00,87.735,87.735,87.735,87.735,301.0,MAN
2023-01-26 10:55:00,87.87,87.95,87.76,87.83,3713.0,MAN
2023-01-26 10:54:00,88.005,88.005,87.96,87.965,821.0,MAN
2023-01-26 10:53:00,88.0025,88.09,88.0025,88.015,1209.0,MAN
2023-01-26 10:52:00,87.97,87.97,87.97,87.97,253.0,MAN
2023-01-26 10:51:00,88.0,88.0,87.91,87.97,3938.0,MAN
2023-01-26 10:48:00,87.985,87.985,87.985,87.985,317.0,MAN
2023-01-26 10:44:00,88.02,88.02,88.02,88.02,300.0,MAN
2023-01-26 10:43:00,87.98,87.98,87.98,87.98,609.0,MAN
2023-01-26 10:42:00,87.91,87.91,87.85,87.85,236.0,MAN
2023-01-26 10:39:00,87.955,87.955,87.955,87.955,285.0,MAN
2023-01-26 10:38:00,88.01,88.13,87.92,88.03,4432.0,MAN
2023-01-26 10:33:00,88.07,88.18,88.04,88.16,3752.0,MAN
2023-01-26 10:32:00,88.01,88.01,88.01,88.01,211.0,MAN
2023-01-26 10:31:00,87.87,88.08,87.87,88.08,3780.0,MAN
2023-01-26 10:30:00,87.92,87.92,87.92,87.92,135.0,MAN
2023-01-26 10:29:00,87.935,87.935,87.935,87.935,122.0,MAN
2023-01-26 10:14:00,87.725,87.725,87.725,87.725,230.0,MAN
2023-01-26 10:12:00,87.655,87.655,87.655,87.655,638.0,MAN
2023-01-26 10:10:00,87.6,87.63,87.6,87.63,735.0,MAN
2023-01-26 10:09:00,87.65,87.66,87.65,87.655,501.0,MAN
2023-01-26 10:04:00,87.73,87.91,87.73,87.91,1690.0,MAN
2023-01-26 10:03:00,87.64,87.73,87.64,87.73,1205.0,MAN
2023-01-26 10:01:00,87.71,87.72,87.71,87.72,559.0,MAN
2023-01-26 09:58:00,87.56,87.66,87.56,87.66,228.0,MAN
2023-01-26 09:56:00,87.39,87.5,87.39,87.5,1174.0,MAN
2023-01-26 09:55:00,87.36,87.46,87.36,87.42,928.0,MAN
2023-01-26 09:54:00,87.35,87.5,87.35,87.5,805.0,MAN
2023-01-26 09:52:00,87.21,87.21,87.21,87.21,355.0,MAN
2023-01-26 09:51:00,87.29,87.42,87.17,87.17,4453.0,MAN
2023-01-26 09:50:00,87.39,87.39,87.39,87.39,103.0,MAN
2023-01-26 09:48:00,87.54,87.54,87.54,87.54,100.0,MAN
2023-01-26 09:47:00,87.54,87.54,87.54,87.54,100.0,MAN
2023-01-26 09:46:00,87.49,87.58,87.49,87.58,765.0,MAN
2023-01-26 09:45:00,87.395,87.395,87.345,87.345,401.0,MAN
2023-01-26 09:44:00,87.39,87.39,87.39,87.39,140.0,MAN
2023-01-26 09:42:00,87.44,87.54,87.44,87.54,652.0,MAN
2023-01-26 09:41:00,87.31,87.48,87.31,87.36,1198.0,MAN
2023-01-26 09:38:00,87.225,87.225,87.0,87.0,1285.0,MAN
2023-01-26 09:37:00,87.53,87.55,87.14,87.245,3528.0,MAN
2023-01-26 09:36:00,87.48,87.48,87.48,87.48,225.0,MAN
2023-01-26 09:34:00,87.34,87.34,87.3,87.3,451.0,MAN
2023-01-26 09:31:00,87.29,87.29,87.29,87.29,6374.0,MAN
2023-01-26 07:07:00,87.78,87.78,87.47,87.73,300.0,MAN
2023-01-26 05:37:00,87.85,87.85,87.85,87.85,190.0,MAN
2023-01-26 05:36:00,87.87,87.87,87.85,87.85,1200.0,MAN
2023-01-25 16:01:00,88.61,88.61,88.61,88.61,4427.0,MAN
2023-01-25 16:00:00,88.49,88.62,88.49,88.61,11311.0,MAN
2023-01-25 15:59:00,88.52,88.52,88.47,88.48,2632.0,MAN
2023-01-25 15:58:00,88.5,88.54,88.49,88.52,3388.0,MAN
2023-01-25 15:57:00,88.53,88.53,88.52,88.52,763.0,MAN
2023-01-25 15:56:00,88.5,88.5,88.5,88.5,457.0,MAN
2023-01-25 15:55:00,88.38,88.47,88.37,88.47,3541.0,MAN
2023-01-25 15:54:00,88.49,88.49,88.44,88.44,2033.0,MAN
2023-01-25 15:53:00,88.52,88.54,88.49,88.49,1552.0,MAN
2023-01-25 15:52:00,88.54,88.54,88.51,88.51,1142.0,MAN
2023-01-25 15:51:00,88.52,88.57,88.51,88.51,2172.0,MAN
2023-01-25 15:50:00,88.555,88.58,88.54,88.58,929.0,MAN
2023-01-25 15:49:00,88.49,88.52,88.47,88.52,1974.0,MAN
2023-01-25 15:46:00,88.465,88.49,88.46,88.48,2061.0,MAN
2023-01-25 15:45:00,88.495,88.5,88.47,88.47,1309.0,MAN
2023-01-25 15:44:00,88.48,88.48,88.46,88.46,472.0,MAN
2023-01-25 15:43:00,88.48,88.48,88.48,88.48,256.0,MAN
2023-01-25 15:42:00,88.54,88.54,88.515,88.515,1512.0,MAN
2023-01-25 15:41:00,88.56,88.56,88.56,88.56,421.0,MAN
2023-01-25 15:40:00,88.62,88.62,88.62,88.62,244.0,MAN
2023-01-25 15:39:00,88.6,88.6,88.6,88.6,253.0,MAN
2023-01-25 15:38:00,88.57,88.59,88.56,88.59,849.0,MAN
2023-01-25 15:37:00,88.61,88.61,88.61,88.61,474.0,MAN
2023-01-25 15:36:00,88.61,88.61,88.61,88.61,530.0,MAN
2023-01-25 15:35:00,88.68,88.71,88.68,88.71,1403.0,MAN
2023-01-25 15:34:00,88.72,88.72,88.72,88.72,234.0,MAN
2023-01-25 15:31:00,88.7156,88.7156,88.7156,88.7156,545.0,MAN
2023-01-25 15:30:00,88.71,88.71,88.67,88.67,577.0,MAN
2023-01-25 15:29:00,88.7499,88.7499,88.7499,88.7499,341.0,MAN
2023-01-25 15:28:00,88.69,88.75,88.69,88.75,722.0,MAN
2023-01-25 15:27:00,88.67,88.68,88.67,88.68,1015.0,MAN
2023-01-25 15:26:00,88.67,88.67,88.67,88.67,175.0,MAN
2023-01-25 15:25:00,88.64,88.64,88.64,88.64,437.0,MAN
2023-01-25 15:24:00,88.65,88.65,88.65,88.65,160.0,MAN
2023-01-25 15:22:00,88.655,88.655,88.655,88.655,160.0,MAN
2023-01-25 15:16:00,88.66,88.72,88.66,88.72,707.0,MAN
2023-01-25 15:13:00,88.62,88.62,88.62,88.62,150.0,MAN
2023-01-25 15:12:00,88.72,88.755,88.65,88.65,1300.0,MAN
2023-01-25 15:10:00,88.84,88.84,88.78,88.78,505.0,MAN
2023-01-25 15:02:00,88.7,88.7,88.7,88.7,268.0,MAN
2023-01-25 15:00:00,88.64,88.64,88.64,88.64,365.0,MAN
2023-01-25 14:59:00,88.66,88.66,88.66,88.66,654.0,MAN
2023-01-25 14:56:00,88.59,88.59,88.59,88.59,199.0,MAN
2023-01-25 14:53:00,88.625,88.625,88.61,88.61,315.0,MAN
2023-01-25 14:50:00,88.59,88.64,88.59,88.64,209.0,MAN
2023-01-25 14:48:00,88.63,88.64,88.61,88.61,732.0,MAN
2023-01-25 14:45:00,88.615,88.615,88.615,88.615,115.0,MAN
2023-01-25 14:42:00,88.55,88.55,88.55,88.55,107.0,MAN
2023-01-25 14:40:00,88.5,88.5,88.5,88.5,597.0,MAN
2023-01-25 14:36:00,88.44,88.44,88.44,88.44,107.0,MAN
2023-01-25 14:35:00,88.49,88.49,88.48,88.48,600.0,MAN
2023-01-25 14:34:00,88.56,88.56,88.54,88.54,442.0,MAN
2023-01-25 14:33:00,88.6,88.6,88.6,88.6,350.0,MAN
2023-01-25 14:26:00,88.62,88.62,88.615,88.615,394.0,MAN
2023-01-25 14:24:00,88.69,88.69,88.69,88.69,378.0,MAN
2023-01-25 14:23:00,88.725,88.725,88.725,88.725,367.0,MAN
2023-01-25 14:22:00,88.71,88.71,88.7,88.7,651.0,MAN
2023-01-25 14:18:00,88.72,88.72,88.72,88.72,275.0,MAN
2023-01-25 14:13:00,88.63,88.63,88.63,88.63,308.0,MAN
2023-01-25 14:08:00,88.475,88.475,88.47,88.47,644.0,MAN
2023-01-25 14:04:00,88.38,88.44,88.38,88.44,582.0,MAN
2023-01-25 13:59:00,88.35,88.35,88.35,88.35,301.0,MAN
2023-01-25 13:58:00,88.38,88.38,88.38,88.38,201.0,MAN
2023-01-25 13:56:00,88.43,88.43,88.43,88.43,201.0,MAN
2023-01-25 13:54:00,88.315,88.455,88.315,88.455,2049.0,MAN
2023-01-25 13:53:00,88.315,88.315,88.315,88.315,501.0,MAN
2023-01-25 13:48:00,88.27,88.28,88.27,88.28,201.0,MAN
2023-01-25 13:47:00,88.33,88.36,88.28,88.36,2876.0,MAN
2023-01-25 13:46:00,88.26,88.285,88.26,88.285,492.0,MAN
2023-01-25 13:41:00,88.29,88.3,88.25,88.265,1353.0,MAN
2023-01-25 13:40:00,88.2,88.2,88.2,88.2,254.0,MAN
2023-01-25 13:39:00,88.23,88.23,88.22,88.22,531.0,MAN
2023-01-25 13:36:00,88.3,88.3,88.22,88.22,4441.0,MAN
2023-01-25 13:34:00,88.33,88.33,88.33,88.33,107.0,MAN
2023-01-25 13:33:00,88.375,88.375,88.375,88.375,134.0,MAN
2023-01-25 13:28:00,88.43,88.43,88.4,88.4,497.0,MAN
2023-01-25 13:25:00,88.41,88.41,88.41,88.41,155.0,MAN
2023-01-25 13:18:00,88.29,88.29,88.29,88.29,206.0,MAN
2023-01-25 13:16:00,88.33,88.33,88.33,88.33,100.0,MAN
2023-01-25 13:14:00,88.4,88.4,88.39,88.39,557.0,MAN
2023-01-25 13:12:00,88.42,88.42,88.4,88.4,350.0,MAN
2023-01-25 13:06:00,88.295,88.295,88.295,88.295,100.0,MAN
2023-01-25 13:03:00,88.31,88.34,88.31,88.34,989.0,MAN
2023-01-25 13:01:00,88.26,88.26,88.16,88.16,689.0,MAN
2023-01-25 13:00:00,88.32,88.32,88.32,88.32,455.0,MAN
2023-01-25 12:51:00,88.39,88.39,88.35,88.35,727.0,MAN
2023-01-25 12:46:00,88.385,88.385,88.385,88.385,100.0,MAN
2023-01-25 12:37:00,88.41,88.41,88.39,88.39,767.0,MAN
2023-01-25 12:36:00,88.37,88.37,88.37,88.37,300.0,MAN
2023-01-25 12:33:00,88.4,88.4,88.4,88.4,649.0,MAN
2023-01-25 12:31:00,88.29,88.29,88.28,88.28,577.0,MAN
2023-01-25 12:27:00,88.27,88.28,88.25,88.28,473.0,MAN
2023-01-25 12:21:00,88.29,88.29,88.27,88.27,695.0,MAN
2023-01-25 12:16:00,88.24,88.27,88.24,88.27,470.0,MAN
2023-01-25 12:13:00,88.2,88.2,88.19,88.2,399.0,MAN
2023-01-25 12:00:00,88.185,88.185,88.185,88.185,220.0,MAN
2023-01-25 11:59:00,88.22,88.22,88.2,88.2,434.0,MAN
2023-01-25 11:55:00,88.22,88.22,88.22,88.22,114.0,MAN
2023-01-25 11:52:00,88.1,88.135,88.1,88.135,503.0,MAN
2023-01-25 11:48:00,87.995,87.995,87.995,87.995,102.0,MAN
2023-01-25 11:46:00,87.8719,87.8719,87.8719,87.8719,176.0,MAN
2023-01-25 11:42:00,87.96,88.0,87.96,88.0,312.0,MAN
2023-01-25 11:37:00,88.05,88.05,88.05,88.05,407.0,MAN
2023-01-25 11:30:00,88.01,88.06,88.01,88.06,892.0,MAN
2023-01-25 11:29:00,87.955,87.955,87.955,87.955,112.0,MAN
2023-01-25 11:27:00,87.93,87.93,87.93,87.93,199.0,MAN
2023-01-25 11:26:00,87.97,88.05,87.97,88.05,682.0,MAN
2023-01-25 11:20:00,88.13,88.13,88.13,88.13,780.0,MAN
2023-01-25 11:19:00,88.1,88.1,88.1,88.1,130.0,MAN
2023-01-25 11:17:00,87.96,87.96,87.96,87.96,411.0,MAN
2023-01-25 11:13:00,88.11,88.11,88.11,88.11,275.0,MAN
2023-01-25 11:12:00,88.05,88.09,88.05,88.05,968.0,MAN
2023-01-25 11:11:00,88.06,88.06,88.06,88.06,223.0,MAN
2023-01-25 11:09:00,87.93,88.0,87.93,88.0,404.0,MAN
2023-01-25 10:59:00,88.14,88.17,88.14,88.17,639.0,MAN
2023-01-25 10:51:00,87.975,87.975,87.97,87.97,609.0,MAN
2023-01-25 10:46:00,88.14,88.14,88.14,88.14,221.0,MAN
2023-01-25 10:45:00,87.96,87.96,87.96,87.96,100.0,MAN
2023-01-25 10:42:00,88.05,88.05,88.05,88.05,288.0,MAN
2023-01-25 10:41:00,87.98,88.0,87.98,88.0,464.0,MAN
2023-01-25 10:38:00,87.875,87.875,87.875,87.875,442.0,MAN
2023-01-25 10:33:00,87.91,87.91,87.91,87.91,1933.0,MAN
2023-01-25 10:32:00,88.07,88.1,88.07,88.07,2241.0,MAN
2023-01-25 10:31:00,87.955,88.0,87.86,88.0,2526.0,MAN
2023-01-25 10:29:00,88.08,88.08,88.08,88.08,102.0,MAN
2023-01-25 10:25:00,87.87,87.92,87.87,87.89,1577.0,MAN
2023-01-25 10:22:00,87.85,87.85,87.85,87.85,197.0,MAN
2023-01-25 10:21:00,87.82,87.86,87.82,87.86,568.0,MAN
2023-01-25 10:20:00,88.05,88.05,88.05,88.05,620.0,MAN
2023-01-25 10:19:00,88.06,88.06,88.06,88.06,142.0,MAN
2023-01-25 10:18:00,87.99,87.99,87.99,87.99,268.0,MAN
2023-01-25 10:16:00,87.92,87.92,87.92,87.92,603.0,MAN
2023-01-25 10:15:00,87.86,88.0225,87.86,87.92,768.0,MAN
2023-01-25 10:11:00,88.06,88.06,88.06,88.06,1235.0,MAN
2023-01-25 10:09:00,87.96,87.96,87.96,87.96,101.0,MAN
2023-01-25 10:07:00,88.2,88.2,88.2,88.2,370.0,MAN
2023-01-25 10:02:00,87.69,87.7,87.69,87.69,480.0,MAN
2023-01-25 10:01:00,87.62,87.62,87.62,87.62,497.0,MAN
2023-01-25 09:59:00,87.69,87.69,87.35,87.4,6088.0,MAN
2023-01-25 09:57:00,87.505,87.505,87.495,87.495,660.0,MAN
2023-01-25 09:53:00,87.52,87.52,87.52,87.52,200.0,MAN
2023-01-25 09:52:00,87.64,87.64,87.51,87.51,408.0,MAN
2023-01-25 09:51:00,87.835,87.84,87.64,87.835,6442.0,MAN
2023-01-25 09:48:00,87.97,87.97,87.97,87.97,200.0,MAN
2023-01-25 09:46:00,87.97,87.97,87.74,87.74,5812.0,MAN
2023-01-25 09:45:00,87.99,88.1,87.73,87.73,3253.0,MAN
2023-01-25 09:44:00,87.72,88.0,87.29,88.0,4432.0,MAN
2023-01-25 09:43:00,87.83,87.83,87.83,87.83,100.0,MAN
2023-01-25 09:37:00,87.715,87.715,87.715,87.715,104.0,MAN
2023-01-25 09:35:00,88.26,88.26,88.26,88.26,133.0,MAN
2023-01-25 09:34:00,87.75,87.75,87.75,87.75,100.0,MAN
2023-01-25 09:31:00,87.75,87.75,87.52,87.52,2490.0,MAN
2023-01-24 16:01:00,88.53,88.53,88.53,88.53,2544.0,MAN
2023-01-24 16:00:00,88.59,88.59,88.5,88.53,5961.0,MAN
2023-01-24 15:59:00,88.54,88.59,88.51,88.57,5347.0,MAN
2023-01-24 15:58:00,88.57,88.57,88.42,88.485,6540.0,MAN
2023-01-24 15:57:00,88.55,88.65,88.55,88.55,3707.0,MAN
2023-01-24 15:56:00,88.49,88.53,88.48,88.515,2808.0,MAN
2023-01-24 15:55:00,88.49,88.54,88.49,88.54,1922.0,MAN
2023-01-24 15:54:00,88.61,88.61,88.49,88.491,1727.0,MAN
2023-01-24 15:53:00,88.607,88.64,88.607,88.63,2662.0,MAN
2023-01-24 15:52:00,88.5614,88.61,88.5614,88.61,954.0,MAN
2023-01-24 15:51:00,88.47,88.55,88.47,88.55,1702.0,MAN
2023-01-24 15:50:00,88.44,88.44,88.42,88.42,635.0,MAN
2023-01-24 15:49:00,88.47,88.47,88.42,88.42,1717.0,MAN
2023-01-24 15:48:00,88.45,88.46,88.43,88.43,2313.0,MAN
2023-01-24 15:47:00,88.475,88.475,88.47,88.475,532.0,MAN
2023-01-24 15:46:00,88.475,88.475,88.43,88.46,928.0,MAN
2023-01-24 15:45:00,88.46,88.48,88.43,88.44,2516.0,MAN
2023-01-24 15:44:00,88.4925,88.4925,88.485,88.485,779.0,MAN
2023-01-24 15:42:00,88.53,88.53,88.46,88.46,1903.0,MAN
2023-01-24 15:41:00,88.65,88.65,88.55,88.55,1259.0,MAN
2023-01-24 15:40:00,88.66,88.66,88.66,88.66,1956.0,MAN
2023-01-24 15:39:00,88.61,88.68,88.61,88.65,1454.0,MAN
2023-01-24 15:38:00,88.58,88.59,88.58,88.59,519.0,MAN
2023-01-24 15:37:00,88.53,88.56,88.53,88.56,535.0,MAN
2023-01-24 15:36:00,88.5,88.535,88.5,88.535,981.0,MAN
2023-01-24 15:34:00,88.5,88.5,88.5,88.5,397.0,MAN
2023-01-24 15:32:00,88.607,88.607,88.54,88.54,1723.0,MAN
2023-01-24 15:31:00,88.62,88.62,88.62,88.62,233.0,MAN
2023-01-24 15:29:00,88.62,88.62,88.62,88.62,1865.0,MAN
2023-01-24 15:28:00,88.61,88.61,88.61,88.61,958.0,MAN
2023-01-24 15:27:00,88.58,88.61,88.58,88.61,610.0,MAN
2023-01-24 15:26:00,88.61,88.61,88.61,88.61,423.0,MAN
2023-01-24 15:25:00,88.64,88.64,88.64,88.64,405.0,MAN
2023-01-24 15:24:00,88.57,88.64,88.57,88.597,825.0,MAN
2023-01-24 15:23:00,88.55,88.56,88.54,88.54,726.0,MAN
2023-01-24 15:21:00,88.5,88.5,88.49,88.5,557.0,MAN
2023-01-24 15:20:00,88.47,88.47,88.45,88.45,460.0,MAN
2023-01-24 15:18:00,88.45,88.45,88.45,88.45,120.0,MAN
2023-01-24 15:17:00,88.45,88.45,88.45,88.45,664.0,MAN
2023-01-24 15:16:00,88.36,88.36,88.36,88.36,285.0,MAN
2023-01-24 15:14:00,88.49,88.49,88.49,88.49,230.0,MAN
2023-01-24 15:13:00,88.575,88.575,88.52,88.568,2031.0,MAN
2023-01-24 15:12:00,88.52,88.52,88.52,88.52,143.0,MAN
2023-01-24 15:09:00,88.63,88.63,88.62,88.625,502.0,MAN
2023-01-24 15:07:00,88.67,88.67,88.67,88.67,130.0,MAN
2023-01-24 15:06:00,88.83,88.83,88.79,88.79,2682.0,MAN
2023-01-24 15:05:00,88.825,88.825,88.825,88.825,334.0,MAN
2023-01-24 15:04:00,88.8,88.8,88.8,88.8,316.0,MAN
2023-01-24 15:03:00,88.77,88.77,88.77,88.77,339.0,MAN
2023-01-24 15:01:00,88.74,88.74,88.72,88.72,827.0,MAN
2023-01-24 15:00:00,88.76,88.76,88.76,88.76,343.0,MAN
2023-01-24 14:58:00,88.75,88.75,88.75,88.75,285.0,MAN
2023-01-24 14:57:00,88.725,88.725,88.725,88.725,172.0,MAN
2023-01-24 14:56:00,88.73,88.73,88.73,88.73,478.0,MAN
2023-01-24 14:54:00,88.69,88.7,88.69,88.7,1159.0,MAN
2023-01-24 14:53:00,88.62,88.62,88.62,88.62,202.0,MAN
2023-01-24 14:52:00,88.61,88.61,88.61,88.61,285.0,MAN
2023-01-24 14:50:00,88.62,88.62,88.58,88.58,697.0,MAN
2023-01-24 14:48:00,88.65,88.65,88.65,88.65,249.0,MAN
2023-01-24 14:46:00,88.56,88.56,88.56,88.56,265.0,MAN
2023-01-24 14:45:00,88.555,88.555,88.555,88.555,215.0,MAN
2023-01-24 14:44:00,88.55,88.59,88.55,88.59,563.0,MAN
2023-01-24 14:41:00,88.44,88.44,88.44,88.44,188.0,MAN
2023-01-24 14:39:00,88.52,88.52,88.51,88.51,261.0,MAN
2023-01-24 14:38:00,88.54,88.55,88.54,88.54,2556.0,MAN
2023-01-24 14:34:00,88.51,88.515,88.51,88.515,667.0,MAN
2023-01-24 14:33:00,88.47,88.48,88.47,88.48,842.0,MAN
2023-01-24 14:31:00,88.38,88.4024,88.37,88.4024,595.0,MAN
2023-01-24 14:30:00,88.39,88.43,88.39,88.43,694.0,MAN
2023-01-24 14:29:00,88.37,88.39,88.37,88.39,1107.0,MAN
2023-01-24 14:26:00,88.34,88.34,88.34,88.34,388.0,MAN
2023-01-24 14:25:00,88.295,88.295,88.295,88.295,177.0,MAN
2023-01-24 14:24:00,88.28,88.28,88.28,88.28,575.0,MAN
2023-01-24 14:23:00,88.3,88.3,88.3,88.3,292.0,MAN
2023-01-24 14:20:00,88.32,88.365,88.32,88.365,771.0,MAN
2023-01-24 14:18:00,88.28,88.33,88.28,88.33,1134.0,MAN
2023-01-24 14:17:00,88.24,88.24,88.24,88.24,676.0,MAN
2023-01-24 14:15:00,88.285,88.285,88.285,88.285,202.0,MAN
2023-01-24 14:13:00,88.3,88.31,88.22,88.27,613.0,MAN
2023-01-24 14:12:00,88.31,88.31,88.26,88.26,879.0,MAN
2023-01-24 14:10:00,88.27,88.31,88.27,88.31,324.0,MAN
2023-01-24 14:09:00,88.27,88.33,88.27,88.33,255.0,MAN
2023-01-24 14:06:00,88.34,88.34,88.34,88.34,1330.0,MAN
2023-01-24 14:05:00,88.34,88.34,88.34,88.34,109.0,MAN
2023-01-24 14:04:00,88.58,88.58,88.41,88.41,6667.0,MAN
2023-01-24 14:03:00,88.56,88.61,88.55,88.55,7883.0,MAN
2023-01-24 14:02:00,88.62,88.62,88.56,88.56,4242.0,MAN
2023-01-24 14:01:00,88.65,88.67,88.62,88.67,2350.0,MAN
2023-01-24 14:00:00,88.685,88.685,88.685,88.685,386.0,MAN
2023-01-24 13:57:00,88.6,88.6,88.56,88.56,378.0,MAN
2023-01-24 13:52:00,88.76,88.76,88.68,88.68,1177.0,MAN
2023-01-24 13:51:00,88.76,88.78,88.76,88.78,1422.0,MAN
2023-01-24 13:49:00,88.73,88.73,88.73,88.73,241.0,MAN
2023-01-24 13:41:00,88.66,88.66,88.66,88.66,307.0,MAN
2023-01-24 13:38:00,88.74,88.74,88.74,88.74,300.0,MAN
2023-01-24 13:37:00,88.7,88.71,88.67,88.71,512.0,MAN
2023-01-24 13:36:00,88.72,88.72,88.7,88.7,929.0,MAN
2023-01-24 13:35:00,88.72,88.78,88.7,88.7,1133.0,MAN
2023-01-24 13:32:00,88.72,88.72,88.72,88.72,365.0,MAN
2023-01-24 13:30:00,88.74,88.74,88.74,88.74,140.0,MAN
2023-01-24 13:23:00,88.385,88.385,88.38,88.38,639.0,MAN
2023-01-24 13:22:00,88.425,88.425,88.425,88.425,297.0,MAN
2023-01-24 13:20:00,88.5,88.52,88.43,88.43,1608.0,MAN
2023-01-24 13:19:00,88.46,88.525,88.42,88.525,1219.0,MAN
2023-01-24 13:18:00,88.44,88.44,88.44,88.44,139.0,MAN
2023-01-24 13:12:00,88.41,88.41,88.41,88.41,203.0,MAN
2023-01-24 13:05:00,88.39,88.39,88.31,88.32,1263.0,MAN
2023-01-24 13:02:00,88.39,88.39,88.37,88.37,536.0,MAN
2023-01-24 13:01:00,88.375,88.38,88.375,88.38,1051.0,MAN
2023-01-24 12:56:00,88.36,88.36,88.36,88.36,321.0,MAN
2023-01-24 12:52:00,88.27,88.27,88.27,88.27,183.0,MAN
2023-01-24 12:51:00,88.26,88.26,88.26,88.26,525.0,MAN
2023-01-24 12:49:00,88.28,88.28,88.28,88.28,311.0,MAN
2023-01-24 12:44:00,88.31,88.31,88.3,88.3,1204.0,MAN
2023-01-24 12:42:00,88.31,88.31,88.31,88.31,155.0,MAN
2023-01-24 12:41:00,88.365,88.365,88.365,88.365,165.0,MAN
2023-01-24 12:37:00,88.475,88.475,88.41,88.41,532.0,MAN
2023-01-24 12:36:00,88.54,88.54,88.49,88.49,584.0,MAN
2023-01-24 12:34:00,88.61,88.61,88.6,88.6,1490.0,MAN
2023-01-24 12:32:00,88.45,88.47,88.45,88.47,548.0,MAN
2023-01-24 12:29:00,88.44,88.44,88.44,88.44,337.0,MAN
2023-01-24 12:25:00,88.33,88.3663,88.33,88.3663,762.0,MAN
2023-01-24 12:18:00,88.31,88.31,88.31,88.31,144.0,MAN
2023-01-24 12:16:00,88.41,88.41,88.41,88.41,152.0,MAN
2023-01-24 12:15:00,88.46,88.46,88.46,88.46,622.0,MAN
2023-01-24 12:14:00,88.51,88.51,88.51,88.51,360.0,MAN
2023-01-24 12:13:00,88.57,88.57,88.56,88.56,903.0,MAN
2023-01-24 12:11:00,88.5575,88.5575,88.5575,88.5575,140.0,MAN
2023-01-24 12:10:00,88.57,88.57,88.55,88.55,643.0,MAN
2023-01-24 12:08:00,88.49,88.49,88.49,88.49,555.0,MAN
2023-01-24 12:04:00,88.44,88.44,88.43,88.43,323.0,MAN
2023-01-24 12:03:00,88.5,88.5,88.41,88.41,875.0,MAN
2023-01-24 12:02:00,88.541,88.635,88.5,88.5,1941.0,MAN
2023-01-24 12:01:00,88.51,88.51,88.51,88.51,406.0,MAN
2023-01-24 11:57:00,88.545,88.545,88.545,88.545,394.0,MAN
2023-01-24 11:53:00,88.43,88.535,88.43,88.535,959.0,MAN
2023-01-24 11:52:00,88.35,88.35,88.35,88.35,174.0,MAN
2023-01-24 11:51:00,88.4,88.42,88.37,88.42,576.0,MAN
2023-01-24 11:50:00,88.41,88.44,88.41,88.44,505.0,MAN
2023-01-24 11:45:00,88.32,88.32,88.32,88.32,182.0,MAN
2023-01-24 11:42:00,88.32,88.32,88.32,88.32,629.0,MAN
2023-01-24 11:41:00,88.35,88.35,88.26,88.35,731.0,MAN
2023-01-24 11:40:00,88.41,88.41,88.41,88.41,285.0,MAN
2023-01-24 11:39:00,88.395,88.395,88.395,88.395,255.0,MAN
2023-01-24 11:35:00,88.31,88.31,88.31,88.31,654.0,MAN
2023-01-24 11:31:00,88.25,88.29,88.25,88.29,890.0,MAN
2023-01-24 11:30:00,88.27,88.27,88.27,88.27,395.0,MAN
2023-01-24 11:26:00,88.27,88.27,88.22,88.24,1130.0,MAN
2023-01-24 11:24:00,88.22,88.22,88.22,88.22,111.0,MAN
2023-01-24 11:17:00,88.25,88.25,88.135,88.18,754.0,MAN
2023-01-24 11:15:00,88.3,88.3,88.28,88.28,232.0,MAN
2023-01-24 11:14:00,88.32,88.32,88.32,88.32,341.0,MAN
2023-01-24 11:09:00,88.49,88.49,88.41,88.41,1395.0,MAN
2023-01-24 11:08:00,88.5,88.5,88.5,88.5,238.0,MAN
2023-01-24 11:05:00,88.49,88.49,88.44,88.48,628.0,MAN
2023-01-24 11:04:00,88.39,88.39,88.39,88.39,294.0,MAN
2023-01-24 11:03:00,88.38,88.38,88.37,88.37,222.0,MAN
2023-01-24 11:01:00,88.49,88.49,88.49,88.49,235.0,MAN
2023-01-24 10:58:00,88.4,88.5,88.4,88.5,1613.0,MAN
2023-01-24 10:57:00,88.235,88.37,88.235,88.37,452.0,MAN
2023-01-24 10:55:00,88.235,88.235,88.235,88.235,294.0,MAN
2023-01-24 10:54:00,88.24,88.24,88.24,88.24,533.0,MAN
2023-01-24 10:53:00,88.07,88.07,88.07,88.07,130.0,MAN
2023-01-24 10:52:00,88.25,88.25,88.21,88.21,378.0,MAN
2023-01-24 10:48:00,88.24,88.24,88.09,88.14,862.0,MAN
2023-01-24 10:47:00,88.35,88.35,88.24,88.24,790.0,MAN
2023-01-24 10:46:00,88.32,88.32,88.32,88.32,166.0,MAN
2023-01-24 10:43:00,88.235,88.235,88.22,88.22,528.0,MAN
2023-01-24 10:33:00,88.33,88.33,88.33,88.33,170.0,MAN
2023-01-24 10:31:00,88.35,88.35,88.35,88.35,217.0,MAN
2023-01-24 10:30:00,88.23,88.34,88.18,88.34,1097.0,MAN
2023-01-24 10:27:00,88.1,88.1,88.1,88.1,123.0,MAN
2023-01-24 10:26:00,88.3,88.3,88.3,88.3,166.0,MAN
2023-01-24 10:20:00,88.3,88.3,88.3,88.3,129.0,MAN
2023-01-24 10:12:00,88.02,88.12,88.02,88.12,743.0,MAN
2023-01-24 10:06:00,88.05,88.06,88.05,88.06,295.0,MAN
2023-01-24 10:05:00,87.87,87.87,87.87,87.87,397.0,MAN
2023-01-24 10:04:00,87.83,87.83,87.75,87.75,1616.0,MAN
2023-01-24 09:37:00,87.99,87.99,87.99,87.99,132.0,MAN
2023-01-23 16:01:00,88.44,88.44,88.44,88.44,5496.0,MAN
2023-01-23 16:00:00,88.495,88.495,88.44,88.45,17407.0,MAN
2023-01-23 15:59:00,88.56,88.56,88.49,88.49,8895.0,MAN
2023-01-23 15:58:00,88.69,88.71,88.55,88.56,9420.0,MAN
2023-01-23 15:57:00,88.74,88.785,88.69,88.7,10238.0,MAN
2023-01-23 15:56:00,88.82,88.82,88.75,88.76,2813.0,MAN
2023-01-23 15:55:00,88.86,88.89,88.771,88.771,3288.0,MAN
2023-01-23 15:54:00,88.91,88.91,88.875,88.89,1641.0,MAN
2023-01-23 15:53:00,88.84,88.9,88.83,88.89,3283.0,MAN
2023-01-23 15:52:00,88.88,88.88,88.84,88.84,2894.0,MAN
2023-01-23 15:51:00,88.72,88.855,88.72,88.835,3462.0,MAN
2023-01-23 15:50:00,88.61,88.61,88.6,88.6,1191.0,MAN
2023-01-23 15:49:00,88.76,88.775,88.76,88.775,609.0,MAN
2023-01-23 15:48:00,88.75,88.76,88.74,88.76,734.0,MAN
2023-01-23 15:47:00,88.76,88.76,88.76,88.76,407.0,MAN
2023-01-23 15:46:00,88.78,88.78,88.72,88.75,841.0,MAN
2023-01-23 15:45:00,88.65,88.7,88.65,88.7,817.0,MAN
2023-01-23 15:44:00,88.57,88.62,88.57,88.62,1137.0,MAN
2023-01-23 15:43:00,88.49,88.53,88.49,88.53,2155.0,MAN
2023-01-23 15:41:00,88.56,88.58,88.537,88.55,689.0,MAN
2023-01-23 15:40:00,88.62,88.62,88.62,88.62,927.0,MAN
2023-01-23 15:39:00,88.6,88.66,88.6,88.66,1839.0,MAN
2023-01-23 15:38:00,88.57,88.59,88.57,88.59,403.0,MAN
2023-01-23 15:37:00,88.585,88.61,88.585,88.59,634.0,MAN
2023-01-23 15:36:00,88.541,88.541,88.541,88.541,171.0,MAN
2023-01-23 15:35:00,88.55,88.61,88.55,88.57,624.0,MAN
2023-01-23 15:33:00,88.61,88.61,88.541,88.541,494.0,MAN
2023-01-23 15:32:00,88.57,88.57,88.57,88.57,431.0,MAN
2023-01-23 15:31:00,88.62,88.62,88.56,88.605,1813.0,MAN
2023-01-23 15:29:00,88.55,88.68,88.537,88.68,2738.0,MAN
2023-01-23 15:27:00,88.62,88.62,88.553,88.553,1098.0,MAN
2023-01-23 15:26:00,88.72,88.72,88.72,88.72,134.0,MAN
2023-01-23 15:24:00,88.685,88.685,88.685,88.685,345.0,MAN
2023-01-23 15:23:00,88.681,88.681,88.681,88.681,541.0,MAN
2023-01-23 15:21:00,88.745,88.8,88.67,88.67,805.0,MAN
2023-01-23 15:19:00,88.775,88.8,88.73,88.8,1982.0,MAN
2023-01-23 15:17:00,88.735,88.735,88.735,88.735,122.0,MAN
2023-01-23 15:15:00,88.71,88.71,88.71,88.71,225.0,MAN
2023-01-23 15:12:00,88.64,88.64,88.64,88.64,263.0,MAN
2023-01-23 15:11:00,88.505,88.56,88.505,88.56,1161.0,MAN
2023-01-23 15:10:00,88.5,88.5,88.5,88.5,147.0,MAN
2023-01-23 15:09:00,88.495,88.495,88.495,88.495,141.0,MAN
2023-01-23 15:08:00,88.495,88.495,88.495,88.495,131.0,MAN
2023-01-23 15:06:00,88.495,88.495,88.495,88.495,436.0,MAN
2023-01-23 15:05:00,88.52,88.52,88.52,88.52,119.0,MAN
2023-01-23 15:04:00,88.52,88.52,88.52,88.52,110.0,MAN
2023-01-23 15:03:00,88.54,88.54,88.54,88.54,277.0,MAN
2023-01-23 15:02:00,88.47,88.47,88.47,88.47,290.0,MAN
2023-01-23 15:01:00,88.46,88.46,88.46,88.46,113.0,MAN
2023-01-23 15:00:00,88.265,88.35,88.265,88.35,1327.0,MAN
2023-01-23 14:59:00,88.27,88.31,88.26,88.31,686.0,MAN
2023-01-23 14:58:00,88.38,88.44,88.38,88.44,834.0,MAN
2023-01-23 14:55:00,88.27,88.42,88.27,88.42,2420.0,MAN
2023-01-23 14:54:00,88.24,88.24,88.17,88.17,701.0,MAN
2023-01-23 14:53:00,88.3,88.3,88.275,88.275,410.0,MAN
2023-01-23 14:52:00,88.275,88.275,88.275,88.275,178.0,MAN
2023-01-23 14:50:00,88.24,88.3,88.24,88.3,497.0,MAN
2023-01-23 14:47:00,88.4,88.4,88.4,88.4,149.0,MAN
2023-01-23 14:46:00,88.41,88.42,88.41,88.42,747.0,MAN
2023-01-23 14:43:00,88.6,88.6,88.6,88.6,169.0,MAN
2023-01-23 14:42:00,88.49,88.52,88.49,88.52,1488.0,MAN
2023-01-23 14:41:00,88.47,88.47,88.47,88.47,376.0,MAN
2023-01-23 14:40:00,88.5,88.5,88.5,88.5,380.0,MAN
2023-01-23 14:39:00,88.51,88.54,88.51,88.51,527.0,MAN
2023-01-23 14:36:00,88.54,88.54,88.52,88.52,556.0,MAN
2023-01-23 14:35:00,88.56,88.56,88.56,88.56,126.0,MAN
2023-01-23 14:31:00,88.5,88.52,88.5,88.52,954.0,MAN
2023-01-23 14:30:00,88.46,88.46,88.43,88.46,1665.0,MAN
2023-01-23 14:28:00,88.61,88.61,88.48,88.48,605.0,MAN
2023-01-23 14:24:00,88.685,88.685,88.685,88.685,830.0,MAN
2023-01-23 14:21:00,88.88,88.88,88.75,88.75,770.0,MAN
2023-01-23 14:20:00,88.905,88.96,88.905,88.92,2448.0,MAN
2023-01-23 14:18:00,88.96,88.96,88.96,88.96,181.0,MAN
2023-01-23 14:16:00,88.91,88.91,88.91,88.91,150.0,MAN
2023-01-23 14:15:00,89.01,89.04,89.0,89.0,971.0,MAN
2023-01-23 14:14:00,89.03,89.03,89.03,89.03,292.0,MAN
2023-01-23 14:13:00,89.075,89.075,88.97,89.06,563.0,MAN
2023-01-23 14:08:00,89.12,89.12,89.12,89.12,369.0,MAN
2023-01-23 14:06:00,89.16,89.16,89.12,89.12,454.0,MAN
2023-01-23 14:05:00,89.12,89.12,89.12,89.12,294.0,MAN
2023-01-23 14:03:00,89.15,89.15,89.15,89.15,117.0,MAN
2023-01-23 14:01:00,89.27,89.27,89.27,89.27,668.0,MAN
2023-01-23 13:59:00,89.47,89.47,89.41,89.41,548.0,MAN
2023-01-23 13:58:00,89.565,89.565,89.565,89.565,136.0,MAN
2023-01-23 13:56:00,89.53,89.53,89.49,89.49,345.0,MAN
2023-01-23 13:55:00,89.525,89.525,89.5,89.5,404.0,MAN
2023-01-23 13:54:00,89.46,89.46,89.46,89.46,251.0,MAN
2023-01-23 13:53:00,89.66,89.66,89.55,89.55,1102.0,MAN
2023-01-23 13:50:00,89.695,89.735,89.62,89.735,792.0,MAN
2023-01-23 13:49:00,89.695,89.695,89.695,89.695,117.0,MAN
2023-01-23 13:45:00,89.7467,89.7467,89.695,89.695,221.0,MAN
2023-01-23 13:42:00,89.695,89.765,89.695,89.765,314.0,MAN
2023-01-23 13:40:00,89.695,89.695,89.695,89.695,114.0,MAN
2023-01-23 13:38:00,89.69,89.69,89.69,89.69,207.0,MAN
2023-01-23 13:36:00,89.74,89.78,89.73,89.78,422.0,MAN
2023-01-23 13:35:00,89.78,89.78,89.78,89.78,118.0,MAN
2023-01-23 13:32:00,89.835,89.835,89.835,89.835,200.0,MAN
2023-01-23 13:31:00,89.835,89.835,89.835,89.835,269.0,MAN
2023-01-23 13:28:00,89.835,89.835,89.8,89.8,1200.0,MAN
2023-01-23 13:27:00,89.8267,89.835,89.8267,89.835,414.0,MAN
2023-01-23 13:25:00,89.84,89.84,89.84,89.84,110.0,MAN
2023-01-23 13:23:00,89.83,89.83,89.83,89.83,350.0,MAN
2023-01-23 13:21:00,89.8,89.8,89.79,89.79,759.0,MAN
2023-01-23 13:20:00,89.7923,89.7923,89.7923,89.7923,164.0,MAN
2023-01-23 13:19:00,89.8,89.8,89.76,89.77,2328.0,MAN
2023-01-23 13:18:00,89.8275,89.8275,89.81,89.81,601.0,MAN
2023-01-23 13:16:00,89.79,89.79,89.79,89.79,810.0,MAN
2023-01-23 13:14:00,89.78,89.78,89.78,89.78,500.0,MAN
2023-01-23 13:13:00,89.75,89.75,89.75,89.75,293.0,MAN
2023-01-23 13:12:00,89.72,89.72,89.72,89.72,144.0,MAN
2023-01-23 13:09:00,89.73,89.73,89.73,89.73,134.0,MAN
2023-01-23 13:06:00,89.715,89.715,89.715,89.715,185.0,MAN
2023-01-23 13:05:00,89.73,89.73,89.73,89.73,110.0,MAN
2023-01-23 13:03:00,89.775,89.775,89.775,89.775,160.0,MAN
2023-01-23 13:02:00,89.72,89.75,89.72,89.75,462.0,MAN
2023-01-23 13:01:00,89.675,89.7,89.675,89.7,420.0,MAN
2023-01-23 12:59:00,89.59,89.63,89.56,89.63,888.0,MAN
2023-01-23 12:58:00,89.5,89.5,89.5,89.5,532.0,MAN
2023-01-23 12:55:00,89.5,89.53,89.48,89.53,597.0,MAN
2023-01-23 12:53:00,89.54,89.54,89.54,89.54,431.0,MAN
2023-01-23 12:52:00,89.42,89.42,89.42,89.42,732.0,MAN
2023-01-23 12:51:00,89.48,89.48,89.48,89.48,876.0,MAN
2023-01-23 12:49:00,89.57,89.57,89.565,89.565,794.0,MAN
2023-01-23 12:48:00,89.66,89.66,89.59,89.65,5343.0,MAN
2023-01-23 12:47:00,89.55,89.72,89.55,89.595,6839.0,MAN
2023-01-23 12:46:00,89.555,89.585,89.55,89.5825,767.0,MAN
2023-01-23 12:45:00,89.6,89.6,89.6,89.6,340.0,MAN
2023-01-23 12:43:00,89.6,89.6,89.6,89.6,210.0,MAN
2023-01-23 12:42:00,89.59,89.59,89.59,89.59,101.0,MAN
2023-01-23 12:41:00,89.635,89.635,89.635,89.635,240.0,MAN
2023-01-23 12:36:00,89.62,89.62,89.62,89.62,461.0,MAN
2023-01-23 12:34:00,89.61,89.675,89.58,89.675,2408.0,MAN
2023-01-23 12:32:00,89.52,89.59,89.52,89.59,338.0,MAN
2023-01-23 12:31:00,89.54,89.54,89.54,89.54,233.0,MAN
2023-01-23 12:29:00,89.54,89.54,89.54,89.54,585.0,MAN
2023-01-23 12:28:00,89.51,89.51,89.51,89.51,267.0,MAN
2023-01-23 12:24:00,89.535,89.535,89.535,89.535,168.0,MAN
2023-01-23 12:21:00,89.55,89.55,89.55,89.55,202.0,MAN
2023-01-23 12:19:00,89.54,89.55,89.53,89.53,980.0,MAN
2023-01-23 12:18:00,89.405,89.405,89.405,89.405,200.0,MAN
2023-01-23 12:12:00,89.37,89.37,89.37,89.37,766.0,MAN
2023-01-23 12:10:00,89.31,89.36,89.295,89.295,488.0,MAN
2023-01-23 12:09:00,89.49,89.49,89.35,89.39,2674.0,MAN
2023-01-23 12:07:00,89.48,89.53,89.48,89.52,1312.0,MAN
2023-01-23 12:06:00,89.57,89.57,89.53,89.53,300.0,MAN
2023-01-23 12:05:00,89.51,89.51,89.51,89.51,314.0,MAN
2023-01-23 12:04:00,89.51,89.51,89.51,89.51,100.0,MAN
2023-01-23 12:01:00,89.58,89.58,89.51,89.51,479.0,MAN
2023-01-23 12:00:00,89.56,89.58,89.56,89.58,580.0,MAN
2023-01-23 11:57:00,89.385,89.48,89.385,89.48,1444.0,MAN
2023-01-23 11:56:00,89.42,89.45,89.385,89.385,1493.0,MAN
2023-01-23 11:53:00,89.42,89.42,89.42,89.42,146.0,MAN
2023-01-23 11:52:00,89.41,89.41,89.41,89.41,115.0,MAN
2023-01-23 11:51:00,89.46,89.46,89.46,89.46,105.0,MAN
2023-01-23 11:46:00,89.38,89.46,89.38,89.43,3284.0,MAN
2023-01-23 11:43:00,89.385,89.4,89.385,89.4,400.0,MAN
2023-01-23 11:41:00,89.43,89.43,89.43,89.43,102.0,MAN
2023-01-23 11:40:00,89.41,89.45,89.41,89.45,1047.0,MAN
2023-01-23 11:37:00,89.42,89.42,89.42,89.42,158.0,MAN
2023-01-23 11:35:00,89.4638,89.465,89.4638,89.465,1255.0,MAN
2023-01-23 11:33:00,89.43,89.43,89.43,89.43,123.0,MAN
2023-01-23 11:31:00,89.39,89.39,89.39,89.39,133.0,MAN
2023-01-23 11:30:00,89.4,89.4,89.4,89.4,422.0,MAN
2023-01-23 11:25:00,89.65,89.65,89.6076,89.6076,675.0,MAN
2023-01-23 11:20:00,89.67,89.67,89.67,89.67,641.0,MAN
2023-01-23 11:15:00,89.64,89.64,89.63,89.63,339.0,MAN
2023-01-23 11:13:00,89.695,89.695,89.695,89.695,178.0,MAN
2023-01-23 11:12:00,89.71,89.71,89.71,89.71,266.0,MAN
2023-01-23 11:04:00,89.42,89.42,89.39,89.39,489.0,MAN
2023-01-23 11:02:00,89.4,89.4,89.4,89.4,186.0,MAN
2023-01-23 11:01:00,89.4,89.4,89.4,89.4,150.0,MAN
2023-01-23 10:58:00,89.41,89.41,89.31,89.31,814.0,MAN
2023-01-23 10:57:00,89.5,89.5,89.5,89.5,160.0,MAN
2023-01-23 10:54:00,89.45,89.45,89.45,89.45,256.0,MAN
2023-01-23 10:50:00,89.56,89.56,89.56,89.56,100.0,MAN
2023-01-23 10:49:00,89.5,89.53,89.5,89.52,776.0,MAN
2023-01-23 10:47:00,89.41,89.41,89.41,89.41,296.0,MAN
2023-01-23 10:46:00,89.39,89.39,89.39,89.39,173.0,MAN
2023-01-23 10:43:00,89.47,89.47,89.47,89.47,172.0,MAN
2023-01-23 10:41:00,89.49,89.49,89.49,89.49,154.0,MAN
2023-01-23 10:39:00,89.44,89.44,89.44,89.44,115.0,MAN
2023-01-23 10:33:00,89.48,89.48,89.48,89.48,135.0,MAN
2023-01-23 10:32:00,89.45,89.45,89.45,89.45,152.0,MAN
2023-01-23 10:30:00,89.4,89.4,89.4,89.4,623.0,MAN
2023-01-23 10:25:00,89.375,89.375,89.375,89.375,123.0,MAN
2023-01-23 10:24:00,89.33,89.33,89.33,89.33,747.0,MAN
2023-01-23 10:22:00,89.27,89.27,89.27,89.27,283.0,MAN
2023-01-23 10:20:00,89.23,89.23,89.23,89.23,313.0,MAN
2023-01-23 10:15:00,89.35,89.35,89.35,89.35,228.0,MAN
2023-01-23 10:09:00,89.06,89.12,89.03,89.03,978.0,MAN
2023-01-23 10:07:00,88.81,88.81,88.81,88.81,220.0,MAN
2023-01-23 10:05:00,89.05,89.05,88.98,88.98,946.0,MAN
2023-01-23 10:04:00,89.21,89.21,89.05,89.17,481.0,MAN
2023-01-23 10:00:00,89.03,89.03,89.03,89.03,120.0,MAN
2023-01-23 09:57:00,89.06,89.06,89.06,89.06,505.0,MAN
2023-01-23 09:54:00,89.06,89.06,89.06,89.06,100.0,MAN
2023-01-23 09:52:00,89.07,89.07,89.07,89.07,144.0,MAN
2023-01-23 09:49:00,88.98,88.98,88.98,88.98,101.0,MAN
2023-01-23 09:46:00,88.86,88.86,88.86,88.86,104.0,MAN
2023-01-23 09:44:00,88.65,88.65,88.65,88.65,100.0,MAN
2023-01-23 09:37:00,88.56,88.56,88.56,88.56,105.0,MAN
2023-01-23 09:31:00,88.67,88.67,88.67,88.67,1908.0,MAN
