date,1. open,2. high,3. low,4. close,5. volume,Ticker
2023-04-14 16:02:00,11.53,11.53,11.53,11.53,189.0,NAD
2023-04-14 16:01:00,11.53,11.53,11.53,11.53,304.0,NAD
2023-04-14 16:00:00,11.5325,11.54,11.53,11.54,7582.0,NAD
2023-04-14 15:59:00,11.53,11.5386,11.53,11.5386,400.0,NAD
2023-04-14 15:58:00,11.53,11.5399,11.53,11.53,4800.0,NAD
2023-04-14 15:56:00,11.535,11.535,11.535,11.535,400.0,NAD
2023-04-14 15:55:00,11.535,11.535,11.535,11.535,807.0,NAD
2023-04-14 15:54:00,11.535,11.535,11.535,11.535,300.0,NAD
2023-04-14 15:52:00,11.535,11.535,11.5346,11.5346,800.0,NAD
2023-04-14 15:50:00,11.535,11.535,11.535,11.535,500.0,NAD
2023-04-14 15:48:00,11.53,11.53,11.53,11.53,100.0,NAD
2023-04-14 15:47:00,11.53,11.5301,11.53,11.5301,5688.0,NAD
2023-04-14 15:46:00,11.535,11.535,11.535,11.535,310.0,NAD
2023-04-14 15:45:00,11.535,11.5399,11.535,11.5399,2373.0,NAD
2023-04-14 15:44:00,11.535,11.535,11.535,11.535,100.0,NAD
2023-04-14 15:40:00,11.53,11.53,11.53,11.53,100.0,NAD
2023-04-14 15:38:00,11.53,11.53,11.53,11.53,200.0,NAD
2023-04-14 15:37:00,11.535,11.535,11.535,11.535,400.0,NAD
2023-04-14 15:32:00,11.53,11.53,11.53,11.53,100.0,NAD
2023-04-14 15:31:00,11.5313,11.5313,11.5313,11.5313,1028.0,NAD
2023-04-14 15:30:00,11.53,11.5375,11.53,11.5375,630.0,NAD
2023-04-14 15:24:00,11.5388,11.5388,11.5388,11.5388,500.0,NAD
2023-04-14 15:21:00,11.53,11.53,11.53,11.53,179.0,NAD
2023-04-14 15:20:00,11.53,11.53,11.53,11.53,100.0,NAD
2023-04-14 15:19:00,11.535,11.535,11.535,11.535,100.0,NAD
2023-04-14 15:18:00,11.5358,11.5358,11.5325,11.5325,484.0,NAD
2023-04-14 15:17:00,11.535,11.535,11.535,11.535,470.0,NAD
2023-04-14 15:14:00,11.535,11.54,11.535,11.54,600.0,NAD
2023-04-14 15:13:00,11.54,11.54,11.54,11.54,1401.0,NAD
2023-04-14 15:11:00,11.54,11.54,11.54,11.54,100.0,NAD
2023-04-14 15:10:00,11.545,11.5489,11.545,11.545,2700.0,NAD
2023-04-14 15:09:00,11.545,11.545,11.5407,11.5407,5700.0,NAD
2023-04-14 15:06:00,11.545,11.545,11.545,11.545,100.0,NAD
2023-04-14 15:05:00,11.55,11.5501,11.54,11.5486,19848.0,NAD
2023-04-14 15:00:00,11.55,11.55,11.55,11.55,100.0,NAD
2023-04-14 14:57:00,11.555,11.555,11.555,11.555,2000.0,NAD
2023-04-14 14:56:00,11.55,11.55,11.55,11.55,196.0,NAD
2023-04-14 14:54:00,11.5503,11.5503,11.5503,11.5503,3333.0,NAD
2023-04-14 14:52:00,11.5503,11.5503,11.5503,11.5503,903.0,NAD
2023-04-14 14:49:00,11.55,11.5584,11.55,11.5501,3914.0,NAD
2023-04-14 14:48:00,11.545,11.55,11.545,11.55,24367.0,NAD
2023-04-14 14:47:00,11.545,11.545,11.545,11.545,242.0,NAD
2023-04-14 14:46:00,11.5425,11.5425,11.5425,11.5425,100.0,NAD
2023-04-14 14:43:00,11.55,11.55,11.55,11.55,423.0,NAD
2023-04-14 14:40:00,11.5425,11.5425,11.5425,11.5425,200.0,NAD
2023-04-14 14:35:00,11.5472,11.5472,11.5472,11.5472,100.0,NAD
2023-04-14 14:34:00,11.5425,11.545,11.5425,11.545,242.0,NAD
2023-04-14 14:29:00,11.545,11.545,11.545,11.545,170.0,NAD
2023-04-14 14:28:00,11.55,11.55,11.545,11.545,6755.0,NAD
2023-04-14 14:27:00,11.55,11.5502,11.55,11.55,5100.0,NAD
2023-04-14 14:26:00,11.55,11.55,11.55,11.55,100.0,NAD
2023-04-14 14:24:00,11.5538,11.5538,11.5538,11.5538,700.0,NAD
2023-04-14 14:23:00,11.5516,11.5516,11.5516,11.5516,2000.0,NAD
2023-04-14 14:22:00,11.555,11.555,11.555,11.555,470.0,NAD
2023-04-14 14:16:00,11.5552,11.5552,11.5552,11.5552,726.0,NAD
2023-04-14 14:15:00,11.55,11.558,11.55,11.558,3552.0,NAD
2023-04-14 14:14:00,11.5426,11.545,11.5426,11.545,671.0,NAD
2023-04-14 14:12:00,11.5415,11.5415,11.5415,11.5415,2000.0,NAD
2023-04-14 14:04:00,11.555,11.555,11.545,11.545,34664.0,NAD
2023-04-14 14:01:00,11.5501,11.5501,11.5501,11.5501,500.0,NAD
2023-04-14 14:00:00,11.55,11.55,11.55,11.55,399.0,NAD
2023-04-14 13:59:00,11.5513,11.5513,11.5501,11.5501,1143.0,NAD
2023-04-14 13:58:00,11.5525,11.5525,11.5525,11.5525,100.0,NAD
2023-04-14 13:57:00,11.5525,11.5525,11.5525,11.5525,125.0,NAD
2023-04-14 13:55:00,11.5561,11.5561,11.5561,11.5561,1477.0,NAD
2023-04-14 13:50:00,11.555,11.555,11.555,11.555,1000.0,NAD
2023-04-14 13:49:00,11.555,11.56,11.555,11.56,3700.0,NAD
2023-04-14 13:42:00,11.5525,11.5525,11.5525,11.5525,100.0,NAD
2023-04-14 13:41:00,11.5525,11.5525,11.5525,11.5525,100.0,NAD
2023-04-14 13:40:00,11.555,11.555,11.555,11.555,1659.0,NAD
2023-04-14 13:38:00,11.556,11.556,11.556,11.556,170.0,NAD
2023-04-14 13:34:00,11.555,11.555,11.555,11.555,200.0,NAD
2023-04-14 13:32:00,11.555,11.555,11.555,11.555,126.0,NAD
2023-04-14 13:23:00,11.55,11.55,11.55,11.55,225.0,NAD
2023-04-14 13:21:00,11.555,11.555,11.555,11.555,100.0,NAD
2023-04-14 13:17:00,11.5525,11.5525,11.5525,11.5525,100.0,NAD
2023-04-14 13:13:00,11.5501,11.56,11.5501,11.56,1600.0,NAD
2023-04-14 13:06:00,11.5575,11.5575,11.5551,11.5551,2760.0,NAD
2023-04-14 13:04:00,11.555,11.555,11.5542,11.555,1500.0,NAD
2023-04-14 13:03:00,11.555,11.555,11.555,11.555,200.0,NAD
2023-04-14 13:02:00,11.56,11.56,11.56,11.56,2400.0,NAD
2023-04-14 13:01:00,11.56,11.56,11.56,11.56,100.0,NAD
2023-04-14 13:00:00,11.56,11.5689,11.56,11.5625,1666.0,NAD
2023-04-14 12:59:00,11.5625,11.5625,11.5625,11.5625,100.0,NAD
2023-04-14 12:54:00,11.57,11.57,11.565,11.565,3024.0,NAD
2023-04-14 12:53:00,11.57,11.57,11.57,11.57,203.0,NAD
2023-04-14 12:51:00,11.57,11.57,11.57,11.57,201.0,NAD
2023-04-14 12:49:00,11.575,11.575,11.5701,11.5701,10171.0,NAD
2023-04-14 12:48:00,11.5701,11.5701,11.5701,11.5701,6000.0,NAD
2023-04-14 12:47:00,11.58,11.58,11.575,11.575,1110.0,NAD
2023-04-14 12:41:00,11.575,11.575,11.575,11.575,201.0,NAD
2023-04-14 12:37:00,11.57,11.57,11.57,11.57,200.0,NAD
2023-04-14 12:34:00,11.5701,11.5701,11.5701,11.5701,700.0,NAD
2023-04-14 12:33:00,11.575,11.575,11.575,11.575,100.0,NAD
2023-04-14 12:32:00,11.57,11.57,11.57,11.57,201.0,NAD
2023-04-14 12:31:00,11.5787,11.5787,11.5787,11.5787,1586.0,NAD
2023-04-14 12:29:00,11.57,11.57,11.57,11.57,100.0,NAD
2023-04-14 12:26:00,11.575,11.575,11.57,11.57,1142.0,NAD
2023-04-14 12:20:00,11.57,11.575,11.57,11.57,2607.0,NAD
2023-04-14 12:18:00,11.5757,11.5757,11.5757,11.5757,200.0,NAD
2023-04-14 12:17:00,11.5747,11.5747,11.572,11.572,363.0,NAD
2023-04-14 12:16:00,11.575,11.575,11.57,11.575,300.0,NAD
2023-04-14 12:15:00,11.57,11.57,11.57,11.57,100.0,NAD
2023-04-14 12:14:00,11.5784,11.5784,11.5784,11.5784,100.0,NAD
2023-04-14 12:13:00,11.571,11.571,11.571,11.571,1903.0,NAD
2023-04-14 12:10:00,11.5787,11.5787,11.5787,11.5787,827.0,NAD
2023-04-14 12:08:00,11.57,11.575,11.57,11.575,2500.0,NAD
2023-04-14 12:06:00,11.575,11.575,11.575,11.575,106.0,NAD
2023-04-14 12:01:00,11.575,11.575,11.57,11.57,1285.0,NAD
2023-04-14 12:00:00,11.57,11.575,11.57,11.57,406.0,NAD
2023-04-14 11:58:00,11.575,11.575,11.57,11.57,276.0,NAD
2023-04-14 11:57:00,11.5789,11.5789,11.575,11.575,2716.0,NAD
2023-04-14 11:54:00,11.575,11.575,11.575,11.575,100.0,NAD
2023-04-14 11:51:00,11.5707,11.5707,11.5707,11.5707,3520.0,NAD
2023-04-14 11:50:00,11.575,11.575,11.575,11.575,100.0,NAD
2023-04-14 11:44:00,11.58,11.58,11.58,11.58,600.0,NAD
2023-04-14 11:42:00,11.565,11.58,11.565,11.58,7411.0,NAD
2023-04-14 11:41:00,11.5607,11.5607,11.5607,11.5607,150.0,NAD
2023-04-14 11:40:00,11.5686,11.5686,11.5686,11.5686,800.0,NAD
2023-04-14 11:38:00,11.5607,11.5607,11.5607,11.5607,520.0,NAD
2023-04-14 11:36:00,11.56,11.565,11.56,11.565,732.0,NAD
2023-04-14 11:26:00,11.575,11.575,11.56,11.56,2324.0,NAD
2023-04-14 11:25:00,11.56,11.58,11.56,11.57,20348.0,NAD
2023-04-14 11:24:00,11.5595,11.56,11.5595,11.56,2500.0,NAD
2023-04-14 11:23:00,11.5592,11.5592,11.5592,11.5592,2500.0,NAD
2023-04-14 11:22:00,11.5545,11.5545,11.5545,11.5545,100.0,NAD
2023-04-14 11:20:00,11.56,11.56,11.56,11.56,187.0,NAD
2023-04-14 11:18:00,11.5506,11.5506,11.5506,11.5506,4950.0,NAD
2023-04-14 11:17:00,11.555,11.555,11.555,11.555,169.0,NAD
2023-04-14 11:16:00,11.55,11.5584,11.55,11.5584,375.0,NAD
2023-04-14 11:14:00,11.5587,11.5587,11.5587,11.5587,1000.0,NAD
2023-04-14 11:11:00,11.555,11.555,11.555,11.555,100.0,NAD
2023-04-14 11:08:00,11.5508,11.5508,11.5508,11.5508,1852.0,NAD
2023-04-14 11:06:00,11.555,11.555,11.555,11.555,100.0,NAD
2023-04-14 11:02:00,11.56,11.56,11.56,11.56,100.0,NAD
2023-04-14 10:59:00,11.565,11.565,11.56,11.56,616.0,NAD
2023-04-14 10:58:00,11.56,11.56,11.56,11.56,1216.0,NAD
2023-04-14 10:56:00,11.55,11.555,11.55,11.555,2759.0,NAD
2023-04-14 10:54:00,11.5425,11.545,11.5425,11.545,1499.0,NAD
2023-04-14 10:52:00,11.545,11.545,11.545,11.545,1000.0,NAD
2023-04-14 10:51:00,11.545,11.545,11.545,11.545,515.0,NAD
2023-04-14 10:49:00,11.545,11.545,11.545,11.545,106.0,NAD
2023-04-14 10:48:00,11.5492,11.5492,11.5492,11.5492,2192.0,NAD
2023-04-14 10:46:00,11.545,11.545,11.5412,11.545,1224.0,NAD
2023-04-14 10:45:00,11.545,11.545,11.545,11.545,1130.0,NAD
2023-04-14 10:42:00,11.54,11.54,11.54,11.54,1029.0,NAD
2023-04-14 10:37:00,11.545,11.545,11.545,11.545,106.0,NAD
2023-04-14 10:36:00,11.55,11.55,11.545,11.545,1340.0,NAD
2023-04-14 10:35:00,11.55,11.55,11.55,11.55,4863.0,NAD
2023-04-14 10:34:00,11.55,11.55,11.55,11.55,100.0,NAD
2023-04-14 10:31:00,11.545,11.55,11.5404,11.55,1957.0,NAD
2023-04-14 10:30:00,11.54,11.54,11.54,11.54,141.0,NAD
2023-04-14 10:26:00,11.545,11.55,11.545,11.55,703.0,NAD
2023-04-14 10:19:00,11.545,11.545,11.54,11.54,845.0,NAD
2023-04-14 10:16:00,11.54,11.55,11.54,11.55,1665.0,NAD
2023-04-14 10:14:00,11.535,11.535,11.5325,11.5325,211.0,NAD
2023-04-14 10:11:00,11.535,11.535,11.535,11.535,261.0,NAD
2023-04-14 10:10:00,11.53,11.53,11.53,11.53,1300.0,NAD
2023-04-14 10:09:00,11.535,11.535,11.53,11.53,1105.0,NAD
2023-04-14 10:08:00,11.5315,11.5315,11.53,11.5315,1635.0,NAD
2023-04-14 10:07:00,11.5301,11.5309,11.5301,11.5308,10315.0,NAD
2023-04-14 10:06:00,11.54,11.54,11.53,11.54,3309.0,NAD
2023-04-14 10:04:00,11.54,11.54,11.53,11.54,4921.0,NAD
2023-04-14 10:02:00,11.54,11.54,11.5301,11.54,3898.0,NAD
2023-04-14 10:01:00,11.56,11.56,11.54,11.54,21054.0,NAD
2023-04-14 10:00:00,11.5638,11.5638,11.5638,11.5638,986.0,NAD
2023-04-14 09:56:00,11.56,11.56,11.56,11.56,100.0,NAD
2023-04-14 09:55:00,11.56,11.565,11.56,11.565,300.0,NAD
2023-04-14 09:53:00,11.565,11.565,11.565,11.565,100.0,NAD
2023-04-14 09:52:00,11.58,11.58,11.57,11.57,3349.0,NAD
2023-04-14 09:50:00,11.5899,11.5899,11.5899,11.5899,400.0,NAD
2023-04-14 09:47:00,11.59,11.59,11.5812,11.5812,458.0,NAD
2023-04-14 09:44:00,11.59,11.595,11.59,11.59,6275.0,NAD
2023-04-14 09:43:00,11.6,11.6,11.6,11.6,800.0,NAD
2023-04-14 09:42:00,11.605,11.605,11.6,11.6001,2200.0,NAD
2023-04-14 09:41:00,11.6,11.6,11.6,11.6,300.0,NAD
2023-04-14 09:40:00,11.61,11.61,11.6,11.605,693.0,NAD
2023-04-14 09:38:00,11.62,11.625,11.62,11.62,1400.0,NAD
2023-04-14 09:37:00,11.625,11.625,11.625,11.625,200.0,NAD
2023-04-14 09:36:00,11.615,11.63,11.615,11.63,3675.0,NAD
2023-04-14 09:35:00,11.61,11.62,11.61,11.62,1690.0,NAD
2023-04-14 09:34:00,11.62,11.62,11.62,11.62,101.0,NAD
2023-04-14 09:31:00,11.64,11.64,11.64,11.64,15257.0,NAD
2023-04-13 16:01:00,11.6,11.6,11.6,11.6,200.0,NAD
2023-04-13 16:00:00,11.605,11.605,11.6,11.605,5087.0,NAD
2023-04-13 15:59:00,11.605,11.61,11.605,11.605,700.0,NAD
2023-04-13 15:58:00,11.61,11.61,11.6009,11.605,6531.0,NAD
2023-04-13 15:57:00,11.605,11.61,11.6,11.61,10105.0,NAD
2023-04-13 15:56:00,11.605,11.605,11.6,11.605,700.0,NAD
2023-04-13 15:55:00,11.6,11.605,11.6,11.605,4048.0,NAD
2023-04-13 15:54:00,11.6,11.6,11.6,11.6,650.0,NAD
2023-04-13 15:53:00,11.6,11.605,11.6,11.605,650.0,NAD
2023-04-13 15:52:00,11.6,11.61,11.6,11.6,1862.0,NAD
2023-04-13 15:51:00,11.6,11.605,11.6,11.6,1884.0,NAD
2023-04-13 15:50:00,11.6,11.605,11.6,11.605,862.0,NAD
2023-04-13 15:49:00,11.6,11.6,11.6,11.6,420.0,NAD
2023-04-13 15:48:00,11.605,11.605,11.6,11.6,1475.0,NAD
2023-04-13 15:47:00,11.6,11.605,11.6,11.6,700.0,NAD
2023-04-13 15:46:00,11.6016,11.605,11.6,11.605,2835.0,NAD
2023-04-13 15:45:00,11.6,11.6,11.6,11.6,815.0,NAD
2023-04-13 15:44:00,11.6,11.6,11.6,11.6,1718.0,NAD
2023-04-13 15:43:00,11.605,11.605,11.6,11.6,3203.0,NAD
2023-04-13 15:42:00,11.6,11.6,11.6,11.6,610.0,NAD
2023-04-13 15:41:00,11.6,11.6,11.6,11.6,507.0,NAD
2023-04-13 15:40:00,11.6051,11.6051,11.6,11.6,5166.0,NAD
2023-04-13 15:39:00,11.6,11.6,11.6,11.6,400.0,NAD
2023-04-13 15:38:00,11.6,11.6,11.6,11.6,1000.0,NAD
2023-04-13 15:37:00,11.6,11.6,11.6,11.6,700.0,NAD
2023-04-13 15:36:00,11.6,11.605,11.6,11.605,1478.0,NAD
2023-04-13 15:35:00,11.6,11.606,11.6,11.605,4700.0,NAD
2023-04-13 15:34:00,11.605,11.605,11.6,11.6006,6550.0,NAD
2023-04-13 15:33:00,11.605,11.605,11.6,11.6005,4700.0,NAD
2023-04-13 15:32:00,11.6,11.6,11.6,11.6,400.0,NAD
2023-04-13 15:31:00,11.6033,11.605,11.6,11.605,716.0,NAD
2023-04-13 15:30:00,11.6,11.6,11.6,11.6,900.0,NAD
2023-04-13 15:29:00,11.6,11.6027,11.6,11.6,1000.0,NAD
2023-04-13 15:28:00,11.6,11.6,11.6,11.6,500.0,NAD
2023-04-13 15:27:00,11.6,11.6,11.6,11.6,200.0,NAD
2023-04-13 15:26:00,11.605,11.605,11.6,11.6,1300.0,NAD
2023-04-13 15:25:00,11.6,11.61,11.6,11.605,2300.0,NAD
2023-04-13 15:24:00,11.6,11.605,11.6,11.605,900.0,NAD
2023-04-13 15:23:00,11.6,11.6,11.6,11.6,1300.0,NAD
2023-04-13 15:22:00,11.605,11.605,11.6,11.605,740.0,NAD
2023-04-13 15:21:00,11.605,11.605,11.6,11.6,600.0,NAD
2023-04-13 15:20:00,11.6,11.6,11.6,11.6,701.0,NAD
2023-04-13 15:19:00,11.6,11.6,11.6,11.6,400.0,NAD
2023-04-13 15:18:00,11.6,11.605,11.6,11.605,830.0,NAD
2023-04-13 15:17:00,11.6,11.6,11.6,11.6,410.0,NAD
2023-04-13 15:16:00,11.6,11.6,11.6,11.6,400.0,NAD
2023-04-13 15:15:00,11.6,11.605,11.6,11.6,1420.0,NAD
2023-04-13 15:14:00,11.6,11.6,11.6,11.6,900.0,NAD
2023-04-13 15:13:00,11.6,11.6,11.6,11.6,600.0,NAD
2023-04-13 15:12:00,11.6,11.6,11.6,11.6,200.0,NAD
2023-04-13 15:11:00,11.605,11.605,11.6,11.6,600.0,NAD
2023-04-13 15:10:00,11.6,11.605,11.6,11.605,7600.0,NAD
2023-04-13 15:09:00,11.6,11.6,11.6,11.6,400.0,NAD
2023-04-13 15:08:00,11.6,11.6,11.6,11.6,600.0,NAD
2023-04-13 15:07:00,11.6,11.6,11.6,11.6,500.0,NAD
2023-04-13 15:06:00,11.6,11.6,11.6,11.6,1014.0,NAD
2023-04-13 15:05:00,11.6,11.6,11.6,11.6,900.0,NAD
2023-04-13 15:04:00,11.605,11.605,11.6,11.6,658.0,NAD
2023-04-13 15:03:00,11.6,11.6033,11.6,11.6,979.0,NAD
2023-04-13 15:02:00,11.605,11.605,11.605,11.605,100.0,NAD
2023-04-13 15:01:00,11.6,11.6,11.6,11.6,600.0,NAD
2023-04-13 15:00:00,11.6,11.6,11.6,11.6,400.0,NAD
2023-04-13 14:59:00,11.6,11.6,11.6,11.6,800.0,NAD
2023-04-13 14:58:00,11.6,11.6,11.6,11.6,200.0,NAD
2023-04-13 14:57:00,11.605,11.605,11.6,11.6,800.0,NAD
2023-04-13 14:56:00,11.6,11.605,11.6,11.605,800.0,NAD
2023-04-13 14:55:00,11.605,11.6099,11.6,11.6,2366.0,NAD
2023-04-13 14:54:00,11.605,11.605,11.6,11.6,501.0,NAD
2023-04-13 14:53:00,11.6025,11.605,11.6,11.6,1776.0,NAD
2023-04-13 14:52:00,11.6,11.6,11.6,11.6,400.0,NAD
2023-04-13 14:51:00,11.605,11.605,11.6,11.6,1311.0,NAD
2023-04-13 14:50:00,11.6084,11.6084,11.605,11.605,4400.0,NAD
2023-04-13 14:49:00,11.605,11.605,11.6,11.6,403.0,NAD
2023-04-13 14:48:00,11.605,11.605,11.6,11.6,900.0,NAD
2023-04-13 14:47:00,11.605,11.605,11.605,11.605,1000.0,NAD
2023-04-13 14:46:00,11.605,11.605,11.605,11.605,600.0,NAD
2023-04-13 14:45:00,11.605,11.605,11.605,11.605,400.0,NAD
2023-04-13 14:44:00,11.61,11.61,11.605,11.605,980.0,NAD
2023-04-13 14:43:00,11.61,11.6107,11.61,11.61,700.0,NAD
2023-04-13 14:42:00,11.615,11.615,11.61,11.61,804.0,NAD
2023-04-13 14:41:00,11.61,11.61,11.61,11.61,400.0,NAD
2023-04-13 14:40:00,11.61,11.615,11.61,11.615,4800.0,NAD
2023-04-13 14:39:00,11.615,11.615,11.61,11.61,700.0,NAD
2023-04-13 14:38:00,11.61,11.615,11.61,11.61,1500.0,NAD
2023-04-13 14:37:00,11.615,11.615,11.61,11.6131,800.0,NAD
2023-04-13 14:36:00,11.615,11.615,11.615,11.615,100.0,NAD
2023-04-13 14:35:00,11.6,11.61,11.6,11.61,15019.0,NAD
2023-04-13 14:34:00,11.6,11.601,11.6,11.601,700.0,NAD
2023-04-13 14:33:00,11.6,11.6,11.6,11.6,400.0,NAD
2023-04-13 14:32:00,11.6,11.6,11.6,11.6,400.0,NAD
2023-04-13 14:31:00,11.6,11.601,11.6,11.6,500.0,NAD
2023-04-13 14:30:00,11.6,11.6,11.6,11.6,200.0,NAD
2023-04-13 14:29:00,11.6,11.6,11.6,11.6,1000.0,NAD
2023-04-13 14:28:00,11.6,11.6,11.6,11.6,200.0,NAD
2023-04-13 14:27:00,11.6,11.6,11.6,11.6,872.0,NAD
2023-04-13 14:26:00,11.605,11.605,11.6,11.6,1600.0,NAD
2023-04-13 14:25:00,11.6,11.6,11.6,11.6,500.0,NAD
2023-04-13 14:24:00,11.6,11.6,11.6,11.6,200.0,NAD
2023-04-13 14:23:00,11.6,11.605,11.6,11.6,700.0,NAD
2023-04-13 14:22:00,11.605,11.605,11.6,11.6,1500.0,NAD
2023-04-13 14:21:00,11.6,11.6,11.6,11.6,500.0,NAD
2023-04-13 14:20:00,11.605,11.605,11.6,11.6,600.0,NAD
2023-04-13 14:19:00,11.6,11.605,11.6,11.605,300.0,NAD
2023-04-13 14:18:00,11.6,11.6,11.6,11.6,400.0,NAD
2023-04-13 14:17:00,11.6,11.6,11.6,11.6,600.0,NAD
2023-04-13 14:16:00,11.6,11.605,11.6,11.6,669.0,NAD
2023-04-13 14:15:00,11.6,11.6041,11.6,11.6,934.0,NAD
2023-04-13 14:14:00,11.6,11.605,11.6,11.6,1400.0,NAD
2023-04-13 14:13:00,11.6,11.6,11.6,11.6,200.0,NAD
2023-04-13 14:12:00,11.6,11.6,11.6,11.6,775.0,NAD
2023-04-13 14:11:00,11.6,11.6,11.6,11.6,700.0,NAD
2023-04-13 14:09:00,11.6,11.6,11.6,11.6,800.0,NAD
2023-04-13 14:08:00,11.6,11.6,11.6,11.6,600.0,NAD
2023-04-13 14:07:00,11.6,11.6,11.6,11.6,400.0,NAD
2023-04-13 14:06:00,11.6,11.605,11.6,11.6,800.0,NAD
2023-04-13 14:05:00,11.6,11.605,11.6,11.6,400.0,NAD
2023-04-13 14:04:00,11.6,11.6,11.6,11.6,600.0,NAD
2023-04-13 14:03:00,11.6,11.6,11.6,11.6,600.0,NAD
2023-04-13 14:02:00,11.6,11.6,11.6,11.6,200.0,NAD
2023-04-13 14:01:00,11.6,11.6077,11.6,11.6,5100.0,NAD
2023-04-13 14:00:00,11.6,11.6,11.6,11.6,400.0,NAD
2023-04-13 13:59:00,11.6,11.6,11.6,11.6,400.0,NAD
2023-04-13 13:58:00,11.6099,11.6099,11.6,11.6,2717.0,NAD
2023-04-13 13:57:00,11.6,11.601,11.6,11.601,1620.0,NAD
2023-04-13 13:56:00,11.6099,11.6099,11.6,11.6,2400.0,NAD
2023-04-13 13:55:00,11.605,11.605,11.6,11.6,700.0,NAD
2023-04-13 13:54:00,11.6,11.6,11.6,11.6,2345.0,NAD
2023-04-13 13:53:00,11.6,11.6,11.6,11.6,200.0,NAD
2023-04-13 13:52:00,11.6,11.6,11.6,11.6,2413.0,NAD
2023-04-13 13:51:00,11.6,11.6,11.6,11.6,400.0,NAD
2023-04-13 13:50:00,11.6,11.6,11.6,11.6,600.0,NAD
2023-04-13 13:49:00,11.6,11.601,11.6,11.601,400.0,NAD
2023-04-13 13:48:00,11.6,11.6,11.6,11.6,400.0,NAD
2023-04-13 13:47:00,11.6,11.6,11.6,11.6,850.0,NAD
2023-04-13 13:46:00,11.6,11.6,11.6,11.6,400.0,NAD
2023-04-13 13:45:00,11.6,11.6,11.6,11.6,600.0,NAD
2023-04-13 13:44:00,11.6,11.6,11.6,11.6,1400.0,NAD
2023-04-13 13:43:00,11.6,11.6,11.6,11.6,400.0,NAD
2023-04-13 13:42:00,11.6,11.6,11.6,11.6,400.0,NAD
2023-04-13 13:41:00,11.6,11.6,11.6,11.6,400.0,NAD
2023-04-13 13:40:00,11.605,11.605,11.6,11.6,4275.0,NAD
2023-04-13 13:39:00,11.6,11.6,11.6,11.6,700.0,NAD
2023-04-13 13:38:00,11.6,11.6,11.6,11.6,200.0,NAD
2023-04-13 13:37:00,11.605,11.605,11.6,11.6,4918.0,NAD
2023-04-13 13:36:00,11.6,11.605,11.6,11.605,3683.0,NAD
2023-04-13 13:35:00,11.605,11.605,11.6,11.6,400.0,NAD
2023-04-13 13:34:00,11.6,11.61,11.6,11.605,2400.0,NAD
2023-04-13 13:33:00,11.6,11.6,11.6,11.6,600.0,NAD
2023-04-13 13:32:00,11.6,11.605,11.6,11.6,500.0,NAD
2023-04-13 13:31:00,11.6,11.6,11.6,11.6,600.0,NAD
2023-04-13 13:30:00,11.6,11.6,11.6,11.6,400.0,NAD
2023-04-13 13:29:00,11.6,11.6,11.6,11.6,1400.0,NAD
2023-04-13 13:28:00,11.6,11.6,11.6,11.6,600.0,NAD
2023-04-13 13:27:00,11.605,11.605,11.6,11.605,900.0,NAD
2023-04-13 13:26:00,11.605,11.605,11.6,11.605,550.0,NAD
2023-04-13 13:25:00,11.605,11.61,11.605,11.605,600.0,NAD
2023-04-13 13:24:00,11.605,11.61,11.6,11.61,1307.0,NAD
2023-04-13 13:23:00,11.61,11.61,11.605,11.605,1552.0,NAD
2023-04-13 13:22:00,11.61,11.61,11.61,11.61,500.0,NAD
2023-04-13 13:21:00,11.61,11.615,11.61,11.61,700.0,NAD
2023-04-13 13:20:00,11.61,11.61,11.61,11.61,400.0,NAD
2023-04-13 13:19:00,11.61,11.615,11.61,11.615,800.0,NAD
2023-04-13 13:18:00,11.61,11.61,11.61,11.61,400.0,NAD
2023-04-13 13:17:00,11.615,11.615,11.61,11.615,1029.0,NAD
2023-04-13 13:16:00,11.61,11.61,11.61,11.61,400.0,NAD
2023-04-13 13:15:00,11.615,11.615,11.61,11.615,700.0,NAD
2023-04-13 13:14:00,11.61,11.615,11.61,11.615,650.0,NAD
2023-04-13 13:13:00,11.61,11.615,11.61,11.61,800.0,NAD
2023-04-13 13:12:00,11.615,11.615,11.615,11.615,200.0,NAD
2023-04-13 13:11:00,11.615,11.615,11.61,11.615,500.0,NAD
2023-04-13 13:10:00,11.6113,11.62,11.6113,11.62,1404.0,NAD
2023-04-13 13:09:00,11.601,11.61,11.6,11.61,45739.0,NAD
2023-04-13 13:08:00,11.6,11.605,11.6,11.6,700.0,NAD
2023-04-13 13:07:00,11.6,11.6,11.6,11.6,400.0,NAD
2023-04-13 13:06:00,11.6,11.605,11.6,11.6,700.0,NAD
2023-04-13 13:05:00,11.6,11.61,11.6,11.6,831.0,NAD
2023-04-13 13:04:00,11.6,11.6,11.6,11.6,400.0,NAD
2023-04-13 13:03:00,11.6,11.6,11.6,11.6,400.0,NAD
2023-04-13 13:02:00,11.6,11.605,11.6,11.6,700.0,NAD
2023-04-13 13:01:00,11.6,11.605,11.6,11.605,300.0,NAD
2023-04-13 13:00:00,11.605,11.605,11.6,11.6,1000.0,NAD
2023-04-13 12:59:00,11.6,11.61,11.6,11.605,2601.0,NAD
2023-04-13 12:58:00,11.6,11.6,11.6,11.6,400.0,NAD
2023-04-13 12:57:00,11.6,11.6,11.6,11.6,400.0,NAD
2023-04-13 12:56:00,11.6,11.605,11.6,11.6,700.0,NAD
2023-04-13 12:55:00,11.6,11.6089,11.6,11.6089,1400.0,NAD
2023-04-13 12:54:00,11.6,11.605,11.6,11.605,850.0,NAD
2023-04-13 12:53:00,11.6,11.6,11.6,11.6,400.0,NAD
2023-04-13 12:52:00,11.6,11.6,11.6,11.6,400.0,NAD
2023-04-13 12:51:00,11.6,11.605,11.6,11.6,700.0,NAD
2023-04-13 12:50:00,11.605,11.605,11.6,11.605,700.0,NAD
2023-04-13 12:49:00,11.6,11.6,11.6,11.6,200.0,NAD
2023-04-13 12:48:00,11.6,11.6,11.6,11.6,600.0,NAD
2023-04-13 12:47:00,11.605,11.605,11.6,11.6005,1200.0,NAD
2023-04-13 12:46:00,11.6,11.605,11.6,11.605,700.0,NAD
2023-04-13 12:45:00,11.6,11.6,11.6,11.6,400.0,NAD
2023-04-13 12:44:00,11.6,11.605,11.6,11.6,500.0,NAD
2023-04-13 12:43:00,11.605,11.605,11.6,11.6,600.0,NAD
2023-04-13 12:42:00,11.6,11.6,11.6,11.6,400.0,NAD
2023-04-13 12:41:00,11.6,11.605,11.6,11.605,700.0,NAD
2023-04-13 12:40:00,11.6,11.6,11.6,11.6,200.0,NAD
2023-04-13 12:39:00,11.6,11.605,11.6,11.6,600.0,NAD
2023-04-13 12:38:00,11.605,11.605,11.6,11.6,600.0,NAD
2023-04-13 12:37:00,11.6,11.6015,11.6,11.6015,1220.0,NAD
2023-04-13 12:36:00,11.6012,11.605,11.6,11.6,1655.0,NAD
2023-04-13 12:35:00,11.605,11.605,11.6,11.6,500.0,NAD
2023-04-13 12:34:00,11.6,11.6099,11.6,11.6099,3417.0,NAD
2023-04-13 12:33:00,11.6,11.6,11.6,11.6,470.0,NAD
2023-04-13 12:32:00,11.6,11.6,11.6,11.6,700.0,NAD
2023-04-13 12:31:00,11.6,11.6,11.6,11.6,600.0,NAD
2023-04-13 12:30:00,11.6,11.605,11.6,11.6,700.0,NAD
2023-04-13 12:29:00,11.6,11.6,11.6,11.6,200.0,NAD
2023-04-13 12:28:00,11.605,11.605,11.6,11.6,400.0,NAD
2023-04-13 12:27:00,11.605,11.605,11.6,11.6,600.0,NAD
2023-04-13 12:26:00,11.6,11.6,11.6,11.6,400.0,NAD
2023-04-13 12:25:00,11.6,11.6,11.6,11.6,400.0,NAD
2023-04-13 12:24:00,11.6,11.6,11.6,11.6,600.0,NAD
2023-04-13 12:23:00,11.605,11.605,11.6,11.605,700.0,NAD
2023-04-13 12:22:00,11.605,11.61,11.6,11.6001,2090.0,NAD
2023-04-13 12:21:00,11.6,11.605,11.6,11.605,500.0,NAD
2023-04-13 12:20:00,11.605,11.61,11.6,11.6,1159.0,NAD
2023-04-13 12:19:00,11.605,11.61,11.6,11.605,825.0,NAD
2023-04-13 12:18:00,11.61,11.61,11.61,11.61,1500.0,NAD
2023-04-13 12:17:00,11.6107,11.6107,11.61,11.61,500.0,NAD
2023-04-13 12:16:00,11.61,11.61,11.61,11.61,700.0,NAD
2023-04-13 12:15:00,11.61,11.61,11.61,11.61,600.0,NAD
2023-04-13 12:14:00,11.61,11.61,11.61,11.61,200.0,NAD
2023-04-13 12:13:00,11.61,11.6101,11.61,11.61,5246.0,NAD
2023-04-13 12:12:00,11.61,11.61,11.61,11.61,400.0,NAD
2023-04-13 12:11:00,11.61,11.615,11.61,11.61,700.0,NAD
2023-04-13 12:10:00,11.61,11.615,11.61,11.61,1890.0,NAD
2023-04-13 12:09:00,11.615,11.615,11.61,11.61,600.0,NAD
2023-04-13 12:07:00,11.61,11.61,11.6,11.6098,5410.0,NAD
2023-04-13 12:06:00,11.61,11.61,11.61,11.61,711.0,NAD
2023-04-13 12:05:00,11.61,11.61,11.61,11.61,1981.0,NAD
2023-04-13 12:04:00,11.61,11.61,11.61,11.61,1600.0,NAD
2023-04-13 12:03:00,11.615,11.615,11.61,11.61,600.0,NAD
2023-04-13 12:02:00,11.62,11.6239,11.62,11.62,1401.0,NAD
2023-04-13 12:01:00,11.62,11.62,11.62,11.62,400.0,NAD
2023-04-13 12:00:00,11.62,11.625,11.62,11.62,839.0,NAD
2023-04-13 11:59:00,11.62,11.62,11.62,11.62,600.0,NAD
2023-04-13 11:58:00,11.625,11.625,11.62,11.62,782.0,NAD
2023-04-13 11:57:00,11.625,11.63,11.625,11.625,1342.0,NAD
2023-04-13 11:56:00,11.625,11.625,11.625,11.625,403.0,NAD
2023-04-13 11:55:00,11.625,11.63,11.625,11.63,700.0,NAD
2023-04-13 11:54:00,11.625,11.625,11.62,11.62,1000.0,NAD
2023-04-13 11:53:00,11.62,11.625,11.62,11.623,1955.0,NAD
2023-04-13 11:52:00,11.621,11.625,11.621,11.625,1200.0,NAD
2023-04-13 11:51:00,11.63,11.63,11.63,11.63,100.0,NAD
2023-04-13 11:50:00,11.625,11.627,11.625,11.627,625.0,NAD
2023-04-13 11:49:00,11.62,11.62,11.62,11.62,1502.0,NAD
2023-04-13 11:48:00,11.62,11.62,11.62,11.62,100.0,NAD
2023-04-13 11:46:00,11.6243,11.6243,11.6243,11.6243,100.0,NAD
2023-04-13 11:42:00,11.62,11.625,11.62,11.625,2781.0,NAD
2023-04-13 11:41:00,11.621,11.6237,11.621,11.6237,617.0,NAD
2023-04-13 11:38:00,11.625,11.625,11.62,11.625,873.0,NAD
2023-04-13 11:37:00,11.625,11.625,11.625,11.625,143.0,NAD
2023-04-13 11:31:00,11.6279,11.6279,11.6216,11.6216,1650.0,NAD
2023-04-13 11:26:00,11.6297,11.6297,11.6297,11.6297,2750.0,NAD
2023-04-13 11:22:00,11.62,11.62,11.62,11.62,337.0,NAD
2023-04-13 11:20:00,11.63,11.63,11.625,11.625,1687.0,NAD
2023-04-13 11:19:00,11.63,11.64,11.63,11.6361,22402.0,NAD
2023-04-13 11:17:00,11.6201,11.63,11.6201,11.63,2450.0,NAD
2023-04-13 11:16:00,11.625,11.625,11.625,11.625,100.0,NAD
2023-04-13 11:15:00,11.63,11.63,11.63,11.63,35702.0,NAD
2023-04-13 11:14:00,11.63,11.63,11.63,11.63,700.0,NAD
2023-04-13 11:13:00,11.63,11.635,11.63,11.635,885.0,NAD
2023-04-13 11:12:00,11.63,11.635,11.63,11.63,25300.0,NAD
2023-04-13 11:11:00,11.635,11.635,11.635,11.635,355.0,NAD
2023-04-13 11:09:00,11.63,11.64,11.63,11.64,1168.0,NAD
2023-04-13 11:07:00,11.635,11.635,11.6286,11.63,2707.0,NAD
2023-04-13 11:06:00,11.63,11.635,11.63,11.6302,5303.0,NAD
2023-04-13 11:04:00,11.62,11.63,11.62,11.63,600.0,NAD
2023-04-13 11:01:00,11.635,11.635,11.63,11.63,900.0,NAD
2023-04-13 11:00:00,11.625,11.635,11.625,11.6307,11200.0,NAD
2023-04-13 10:59:00,11.625,11.625,11.6201,11.625,610.0,NAD
2023-04-13 10:58:00,11.635,11.635,11.63,11.6301,9544.0,NAD
2023-04-13 10:57:00,11.635,11.635,11.635,11.635,1000.0,NAD
2023-04-13 10:54:00,11.63,11.635,11.63,11.635,426.0,NAD
2023-04-13 10:52:00,11.635,11.635,11.63,11.63,5140.0,NAD
2023-04-13 10:51:00,11.63,11.64,11.63,11.64,3000.0,NAD
2023-04-13 10:48:00,11.6217,11.6217,11.6217,11.6217,1000.0,NAD
2023-04-13 10:47:00,11.6201,11.625,11.62,11.62,9202.0,NAD
2023-04-13 10:45:00,11.625,11.625,11.625,11.625,421.0,NAD
2023-04-13 10:43:00,11.62,11.625,11.62,11.625,700.0,NAD
2023-04-13 10:42:00,11.62,11.62,11.62,11.62,4665.0,NAD
2023-04-13 10:41:00,11.61,11.62,11.61,11.62,11695.0,NAD
2023-04-13 10:40:00,11.6187,11.6187,11.6187,11.6187,1000.0,NAD
2023-04-13 10:38:00,11.61,11.61,11.61,11.61,100.0,NAD
2023-04-13 10:36:00,11.6073,11.615,11.6073,11.61,9071.0,NAD
2023-04-13 10:33:00,11.6,11.61,11.6,11.605,35072.0,NAD
2023-04-13 10:31:00,11.6087,11.6087,11.6087,11.6087,850.0,NAD
2023-04-13 10:30:00,11.6085,11.61,11.6,11.6,30566.0,NAD
2023-04-13 10:29:00,11.61,11.61,11.605,11.605,2200.0,NAD
2023-04-13 10:28:00,11.61,11.61,11.61,11.61,400.0,NAD
2023-04-13 10:27:00,11.61,11.61,11.6,11.6,1900.0,NAD
2023-04-13 10:26:00,11.61,11.61,11.61,11.61,900.0,NAD
2023-04-13 10:25:00,11.605,11.605,11.605,11.605,190.0,NAD
2023-04-13 10:24:00,11.605,11.605,11.6,11.6,200.0,NAD
2023-04-13 10:20:00,11.605,11.61,11.6029,11.61,2616.0,NAD
2023-04-13 10:19:00,11.605,11.605,11.6,11.6,600.0,NAD
2023-04-13 10:18:00,11.6,11.61,11.6,11.605,3700.0,NAD
2023-04-13 10:17:00,11.595,11.6,11.59,11.6,10400.0,NAD
2023-04-13 10:16:00,11.585,11.6,11.585,11.59,33205.0,NAD
2023-04-13 10:15:00,11.5889,11.5889,11.5889,11.5889,325.0,NAD
2023-04-13 10:14:00,11.59,11.59,11.59,11.59,100.0,NAD
2023-04-13 10:13:00,11.585,11.585,11.585,11.585,100.0,NAD
2023-04-13 10:12:00,11.5889,11.5889,11.5858,11.5858,423.0,NAD
2023-04-13 10:10:00,11.5891,11.5891,11.5891,11.5891,800.0,NAD
2023-04-13 10:09:00,11.59,11.59,11.59,11.59,4369.0,NAD
2023-04-13 10:08:00,11.585,11.59,11.585,11.59,2796.0,NAD
2023-04-13 10:07:00,11.585,11.5889,11.585,11.5889,300.0,NAD
2023-04-13 10:06:00,11.585,11.585,11.585,11.585,1760.0,NAD
2023-04-13 10:05:00,11.585,11.585,11.58,11.58,629.0,NAD
2023-04-13 10:04:00,11.585,11.585,11.58,11.58,1701.0,NAD
2023-04-13 10:03:00,11.585,11.585,11.58,11.58,1801.0,NAD
2023-04-13 10:00:00,11.585,11.585,11.585,11.585,100.0,NAD
2023-04-13 09:59:00,11.58,11.5874,11.575,11.5874,18897.0,NAD
2023-04-13 09:58:00,11.58,11.58,11.58,11.58,101.0,NAD
2023-04-13 09:57:00,11.585,11.585,11.585,11.585,115.0,NAD
2023-04-13 09:56:00,11.565,11.58,11.565,11.58,8563.0,NAD
2023-04-13 09:55:00,11.565,11.565,11.565,11.565,900.0,NAD
2023-04-13 09:53:00,11.57,11.57,11.57,11.57,1191.0,NAD
2023-04-13 09:52:00,11.5798,11.58,11.5798,11.58,601.0,NAD
2023-04-13 09:49:00,11.57,11.57,11.57,11.57,309.0,NAD
2023-04-13 09:48:00,11.5627,11.57,11.5627,11.57,3000.0,NAD
2023-04-13 09:45:00,11.56,11.56,11.56,11.56,100.0,NAD
2023-04-13 09:43:00,11.56,11.57,11.56,11.57,4800.0,NAD
2023-04-13 09:42:00,11.561,11.561,11.56,11.56,2400.0,NAD
2023-04-13 09:40:00,11.5662,11.5662,11.5662,11.5662,300.0,NAD
2023-04-13 09:39:00,11.58,11.58,11.57,11.57,33853.0,NAD
2023-04-13 09:38:00,11.57,11.58,11.56,11.58,12505.0,NAD
2023-04-13 09:37:00,11.59,11.6,11.58,11.5807,56927.0,NAD
2023-04-13 09:36:00,11.565,11.59,11.565,11.59,4374.0,NAD
2023-04-13 09:33:00,11.55,11.56,11.55,11.56,904.0,NAD
2023-04-13 09:31:00,11.56,11.57,11.56,11.57,10531.0,NAD
2023-04-12 16:01:00,11.5621,11.5621,11.5621,11.5621,200.0,NAD
2023-04-12 16:00:00,11.5522,11.5621,11.5522,11.5621,6348.0,NAD
2023-04-12 15:59:00,11.5522,11.5621,11.5522,11.5571,5103.0,NAD
2023-04-12 15:58:00,11.5621,11.5621,11.5607,11.5607,2036.0,NAD
2023-04-12 15:56:00,11.5571,11.5621,11.5571,11.5621,1219.0,NAD
2023-04-12 15:55:00,11.5523,11.5621,11.5523,11.5621,5400.0,NAD
2023-04-12 15:54:00,11.5571,11.5621,11.5571,11.562,504.0,NAD
2023-04-12 15:53:00,11.5522,11.5621,11.5522,11.5621,4553.0,NAD
2023-04-12 15:52:00,11.5522,11.5621,11.5522,11.5522,10351.0,NAD
2023-04-12 15:51:00,11.5621,11.5621,11.5571,11.5571,600.0,NAD
2023-04-12 15:50:00,11.5571,11.5571,11.5571,11.5571,100.0,NAD
2023-04-12 15:49:00,11.5571,11.5571,11.5571,11.5571,150.0,NAD
2023-04-12 15:48:00,11.5571,11.5571,11.5571,11.5571,244.0,NAD
2023-04-12 15:47:00,11.5527,11.5571,11.5527,11.5571,3089.0,NAD
2023-04-12 15:46:00,11.5605,11.5605,11.5535,11.5571,1167.0,NAD
2023-04-12 15:45:00,11.5571,11.5621,11.5571,11.5621,1900.0,NAD
2023-04-12 15:44:00,11.5571,11.5571,11.5564,11.5571,1602.0,NAD
2023-04-12 15:43:00,11.5571,11.5621,11.5571,11.5621,200.0,NAD
2023-04-12 15:42:00,11.5571,11.5571,11.5571,11.5571,1488.0,NAD
2023-04-12 15:41:00,11.5571,11.5571,11.5571,11.5571,210.0,NAD
2023-04-12 15:40:00,11.5571,11.5621,11.5571,11.5621,888.0,NAD
2023-04-12 15:39:00,11.5621,11.5621,11.5571,11.5571,7800.0,NAD
2023-04-12 15:38:00,11.5571,11.5571,11.5571,11.5571,1900.0,NAD
2023-04-12 15:37:00,11.5621,11.5621,11.5571,11.5571,1300.0,NAD
2023-04-12 15:36:00,11.5571,11.5571,11.5522,11.5571,1298.0,NAD
2023-04-12 15:35:00,11.5571,11.5571,11.5571,11.5571,172.0,NAD
2023-04-12 15:33:00,11.5581,11.5581,11.5581,11.5581,1219.0,NAD
2023-04-12 15:32:00,11.5571,11.5621,11.5571,11.5621,300.0,NAD
2023-04-12 15:30:00,11.5571,11.5571,11.5522,11.5522,540.0,NAD
2023-04-12 15:28:00,11.5571,11.562,11.5571,11.5571,805.0,NAD
2023-04-12 15:27:00,11.5571,11.5571,11.5522,11.5522,1155.0,NAD
2023-04-12 15:25:00,11.5571,11.5571,11.5571,11.5571,100.0,NAD
2023-04-12 15:24:00,11.5571,11.5571,11.5571,11.5571,200.0,NAD
2023-04-12 15:23:00,11.5571,11.5571,11.5571,11.5571,130.0,NAD
2023-04-12 15:21:00,11.5571,11.5571,11.5522,11.5522,2100.0,NAD
2023-04-12 15:20:00,11.5571,11.5571,11.5571,11.5571,418.0,NAD
2023-04-12 15:19:00,11.5598,11.5621,11.5571,11.5621,2000.0,NAD
2023-04-12 15:16:00,11.5536,11.5536,11.5536,11.5536,200.0,NAD
2023-04-12 15:12:00,11.5571,11.5571,11.5571,11.5571,1000.0,NAD
2023-04-12 15:10:00,11.5621,11.5621,11.5621,11.5621,1087.0,NAD
2023-04-12 15:07:00,11.5534,11.5534,11.5534,11.5534,500.0,NAD
2023-04-12 15:06:00,11.5534,11.5571,11.5534,11.5571,700.0,NAD
2023-04-12 15:05:00,11.5571,11.5571,11.5571,11.5571,400.0,NAD
2023-04-12 15:04:00,11.5472,11.5522,11.5422,11.5522,18267.0,NAD
2023-04-12 15:00:00,11.5522,11.5522,11.5522,11.5522,133.0,NAD
2023-04-12 14:55:00,11.5434,11.5434,11.5434,11.5434,701.0,NAD
2023-04-12 14:54:00,11.5522,11.5522,11.5522,11.5522,237.0,NAD
2023-04-12 14:53:00,11.5479,11.5479,11.5473,11.5473,400.0,NAD
2023-04-12 14:52:00,11.5423,11.5423,11.5423,11.5423,600.0,NAD
2023-04-12 14:51:00,11.5422,11.5522,11.5422,11.5434,5930.0,NAD
2023-04-12 14:50:00,11.5323,11.5522,11.5323,11.5522,11459.0,NAD
2023-04-12 14:48:00,11.5422,11.5422,11.5422,11.5422,1200.0,NAD
2023-04-12 14:47:00,11.5372,11.5372,11.5372,11.5372,342.0,NAD
2023-04-12 14:46:00,11.5372,11.5372,11.5372,11.5372,200.0,NAD
2023-04-12 14:43:00,11.5338,11.5372,11.5338,11.5372,300.0,NAD
2023-04-12 14:40:00,11.5322,11.5422,11.5272,11.5422,16610.0,NAD
2023-04-12 14:39:00,11.5322,11.5322,11.5322,11.5322,700.0,NAD
2023-04-12 14:36:00,11.5272,11.5291,11.5272,11.5291,1100.0,NAD
2023-04-12 14:35:00,11.5223,11.5223,11.5223,11.5223,200.0,NAD
2023-04-12 14:34:00,11.5322,11.5322,11.5321,11.5322,2500.0,NAD
2023-04-12 14:33:00,11.5322,11.5322,11.5272,11.5272,1393.0,NAD
2023-04-12 14:32:00,11.5322,11.5322,11.5322,11.5322,2001.0,NAD
2023-04-12 14:31:00,11.5322,11.5322,11.5272,11.5322,5338.0,NAD
2023-04-12 14:30:00,11.5272,11.5322,11.5272,11.5322,333.0,NAD
2023-04-12 14:29:00,11.5272,11.5272,11.5272,11.5272,1300.0,NAD
2023-04-12 14:28:00,11.5272,11.5272,11.5272,11.5272,1400.0,NAD
2023-04-12 14:27:00,11.5272,11.5272,11.5236,11.5272,486.0,NAD
2023-04-12 14:25:00,11.5313,11.5322,11.5313,11.5322,22258.0,NAD
2023-04-12 14:20:00,11.5272,11.5272,11.5272,11.5272,100.0,NAD
2023-04-12 14:19:00,11.5322,11.5322,11.5223,11.5231,6800.0,NAD
2023-04-12 14:17:00,11.5322,11.5322,11.5272,11.5272,200.0,NAD
2023-04-12 14:16:00,11.5372,11.5372,11.5322,11.5322,2770.0,NAD
2023-04-12 14:15:00,11.5372,11.5372,11.5372,11.5372,100.0,NAD
2023-04-12 14:12:00,11.5322,11.5322,11.5322,11.5322,4841.0,NAD
2023-04-12 14:11:00,11.5422,11.5422,11.5322,11.5322,3886.0,NAD
2023-04-12 14:10:00,11.5333,11.5333,11.5333,11.5333,300.0,NAD
2023-04-12 14:09:00,11.5372,11.5372,11.5322,11.5323,5700.0,NAD
2023-04-12 14:08:00,11.5322,11.5422,11.5322,11.5322,9237.0,NAD
2023-04-12 14:07:00,11.5322,11.5322,11.53,11.5322,8050.0,NAD
2023-04-12 14:06:00,11.5322,11.5322,11.5322,11.5322,300.0,NAD
2023-04-12 14:05:00,11.5272,11.5322,11.5272,11.5322,11200.0,NAD
2023-04-12 14:04:00,11.5272,11.5311,11.5223,11.5272,2100.0,NAD
2023-04-12 14:03:00,11.5322,11.5322,11.5321,11.5322,2500.0,NAD
2023-04-12 14:00:00,11.5322,11.5322,11.5322,11.5322,456.0,NAD
2023-04-12 13:58:00,11.5223,11.5223,11.5223,11.5223,4947.0,NAD
2023-04-12 13:57:00,11.5173,11.5173,11.5173,11.5173,250.0,NAD
2023-04-12 13:56:00,11.5223,11.5223,11.5223,11.5223,292.0,NAD
2023-04-12 13:54:00,11.5272,11.5272,11.5223,11.5223,11017.0,NAD
2023-04-12 13:53:00,11.5272,11.5322,11.5272,11.5322,1101.0,NAD
2023-04-12 13:51:00,11.5322,11.5322,11.5272,11.5272,400.0,NAD
2023-04-12 13:50:00,11.5303,11.5322,11.5292,11.5292,3225.0,NAD
2023-04-12 13:47:00,11.5223,11.5223,11.5223,11.5223,514.0,NAD
2023-04-12 13:46:00,11.5321,11.5321,11.5321,11.5321,9000.0,NAD
2023-04-12 13:42:00,11.5238,11.5238,11.5238,11.5238,369.0,NAD
2023-04-12 13:41:00,11.5272,11.5422,11.5173,11.5322,59113.0,NAD
2023-04-12 13:40:00,11.5309,11.5309,11.5309,11.5309,200.0,NAD
2023-04-12 13:37:00,11.5322,11.5322,11.5322,11.5322,376.0,NAD
2023-04-12 13:36:00,11.5322,11.5322,11.5223,11.5322,7039.0,NAD
2023-04-12 13:34:00,11.5267,11.5267,11.5267,11.5267,200.0,NAD
2023-04-12 13:33:00,11.5272,11.5272,11.5223,11.5223,306.0,NAD
2023-04-12 13:31:00,11.5272,11.5272,11.5272,11.5272,100.0,NAD
2023-04-12 13:29:00,11.5223,11.5272,11.5222,11.5272,4800.0,NAD
2023-04-12 13:28:00,11.5223,11.5223,11.5223,11.5223,2164.0,NAD
2023-04-12 13:27:00,11.5223,11.5223,11.5223,11.5223,2000.0,NAD
2023-04-12 13:25:00,11.5123,11.5223,11.5123,11.5223,2460.0,NAD
2023-04-12 13:23:00,11.5223,11.5223,11.5209,11.5223,3200.0,NAD
2023-04-12 13:22:00,11.5195,11.5195,11.5123,11.5123,402.0,NAD
2023-04-12 13:21:00,11.5184,11.5223,11.5184,11.5223,5800.0,NAD
2023-04-12 13:17:00,11.5148,11.5148,11.5148,11.5148,471.0,NAD
2023-04-12 13:16:00,11.5144,11.5223,11.5144,11.5223,8939.0,NAD
2023-04-12 13:15:00,11.5178,11.5223,11.5123,11.5123,3501.0,NAD
2023-04-12 13:11:00,11.5178,11.5222,11.5178,11.5222,4100.0,NAD
2023-04-12 13:10:00,11.5179,11.5223,11.5179,11.5223,200.0,NAD
2023-04-12 13:09:00,11.5173,11.5223,11.5173,11.5223,200.0,NAD
2023-04-12 13:08:00,11.5223,11.5224,11.5173,11.5223,8311.0,NAD
2023-04-12 13:07:00,11.5272,11.5322,11.5223,11.5223,9975.0,NAD
2023-04-12 13:05:00,11.5272,11.5272,11.5223,11.5223,4221.0,NAD
2023-04-12 13:03:00,11.5223,11.5272,11.5223,11.523,5926.0,NAD
2023-04-12 13:02:00,11.5223,11.5223,11.5223,11.5223,700.0,NAD
2023-04-12 13:01:00,11.5272,11.5272,11.5223,11.5223,1000.0,NAD
2023-04-12 13:00:00,11.5322,11.5322,11.5322,11.5322,100.0,NAD
2023-04-12 12:58:00,11.5236,11.5322,11.5236,11.5322,779.0,NAD
2023-04-12 12:55:00,11.5272,11.5272,11.5223,11.5223,1205.0,NAD
2023-04-12 12:53:00,11.5272,11.5283,11.5272,11.5283,1100.0,NAD
2023-04-12 12:52:00,11.5224,11.5224,11.5224,11.5224,324.0,NAD
2023-04-12 12:50:00,11.5272,11.5272,11.5272,11.5272,102.0,NAD
2023-04-12 12:49:00,11.5321,11.5321,11.5321,11.5321,800.0,NAD
2023-04-12 12:48:00,11.528,11.5322,11.528,11.5322,2990.0,NAD
2023-04-12 12:47:00,11.5272,11.5272,11.5272,11.5272,100.0,NAD
2023-04-12 12:46:00,11.5272,11.5272,11.5272,11.5272,100.0,NAD
2023-04-12 12:44:00,11.5272,11.5272,11.5272,11.5272,100.0,NAD
2023-04-12 12:42:00,11.5322,11.5322,11.5322,11.5322,100.0,NAD
2023-04-12 12:41:00,11.5322,11.5322,11.5321,11.5322,13052.0,NAD
2023-04-12 12:28:00,11.5235,11.5235,11.5235,11.5235,874.0,NAD
2023-04-12 12:26:00,11.5321,11.5321,11.5321,11.5321,200.0,NAD
2023-04-12 12:19:00,11.5272,11.5272,11.5272,11.5272,176.0,NAD
2023-04-12 12:17:00,11.5223,11.5223,11.5223,11.5223,173.0,NAD
2023-04-12 12:12:00,11.5272,11.5272,11.5272,11.5272,100.0,NAD
2023-04-12 12:10:00,11.5237,11.5237,11.5237,11.5237,328.0,NAD
2023-04-12 12:07:00,11.5237,11.5322,11.5237,11.5322,200.0,NAD
2023-04-12 12:00:00,11.5272,11.5322,11.5272,11.5322,4434.0,NAD
2023-04-12 11:58:00,11.5322,11.5322,11.5272,11.5272,300.0,NAD
2023-04-12 11:53:00,11.5281,11.5281,11.5281,11.5281,200.0,NAD
2023-04-12 11:51:00,11.531,11.531,11.531,11.531,2592.0,NAD
2023-04-12 11:49:00,11.5235,11.5235,11.5235,11.5235,885.0,NAD
2023-04-12 11:47:00,11.5322,11.5322,11.5272,11.5272,320.0,NAD
2023-04-12 11:45:00,11.5224,11.5224,11.5224,11.5224,525.0,NAD
2023-04-12 11:44:00,11.5321,11.5321,11.5321,11.5321,140.0,NAD
2023-04-12 11:42:00,11.5202,11.5223,11.5202,11.5223,3777.0,NAD
2023-04-12 11:41:00,11.5223,11.5224,11.5223,11.5223,8250.0,NAD
2023-04-12 11:40:00,11.5272,11.5322,11.5272,11.5322,200.0,NAD
2023-04-12 11:36:00,11.5321,11.5321,11.5321,11.5321,500.0,NAD
2023-04-12 11:34:00,11.5272,11.5272,11.5272,11.5272,2569.0,NAD
2023-04-12 11:32:00,11.5322,11.5322,11.5322,11.5322,2210.0,NAD
2023-04-12 11:27:00,11.5422,11.5422,11.5412,11.5412,3000.0,NAD
2023-04-12 11:25:00,11.5322,11.5322,11.5317,11.5322,2600.0,NAD
2023-04-12 11:24:00,11.5322,11.5322,11.5322,11.5322,3700.0,NAD
2023-04-12 11:23:00,11.5322,11.5322,11.5272,11.5321,6038.0,NAD
2023-04-12 11:22:00,11.5322,11.5322,11.5322,11.5322,100.0,NAD
2023-04-12 11:21:00,11.5265,11.5265,11.5265,11.5265,1000.0,NAD
2023-04-12 11:20:00,11.5321,11.5321,11.5234,11.5234,632.0,NAD
2023-04-12 11:17:00,11.5234,11.5234,11.5234,11.5234,100.0,NAD
2023-04-12 11:16:00,11.5235,11.5235,11.5235,11.5235,200.0,NAD
2023-04-12 11:10:00,11.5223,11.5232,11.5223,11.5232,781.0,NAD
2023-04-12 11:08:00,11.5235,11.5235,11.5223,11.5223,1400.0,NAD
2023-04-12 11:07:00,11.5272,11.5272,11.5229,11.5229,2319.0,NAD
2023-04-12 11:06:00,11.5173,11.5223,11.5173,11.5223,6500.0,NAD
2023-04-12 11:01:00,11.5173,11.5223,11.5173,11.5222,4260.0,NAD
2023-04-12 11:00:00,11.5123,11.5123,11.5123,11.5123,300.0,NAD
2023-04-12 10:59:00,11.5223,11.5223,11.5223,11.5223,175.0,NAD
2023-04-12 10:58:00,11.5223,11.5223,11.5223,11.5223,128.0,NAD
2023-04-12 10:57:00,11.5123,11.518,11.5123,11.5173,1745.0,NAD
2023-04-12 10:56:00,11.5242,11.5242,11.5123,11.5173,9883.0,NAD
2023-04-12 10:55:00,11.5322,11.5322,11.5322,11.5322,313.0,NAD
2023-04-12 10:54:00,11.5272,11.5272,11.5223,11.5223,3633.0,NAD
2023-04-12 10:52:00,11.5322,11.5322,11.5322,11.5322,800.0,NAD
2023-04-12 10:51:00,11.5321,11.5322,11.5321,11.5322,515.0,NAD
2023-04-12 10:50:00,11.5322,11.5322,11.5296,11.5296,600.0,NAD
2023-04-12 10:49:00,11.5223,11.5223,11.5223,11.5223,3192.0,NAD
2023-04-12 10:47:00,11.5173,11.5223,11.5123,11.5223,914.0,NAD
2023-04-12 10:44:00,11.5173,11.5223,11.5173,11.5223,328.0,NAD
2023-04-12 10:41:00,11.5173,11.5173,11.5173,11.5173,228.0,NAD
2023-04-12 10:40:00,11.5173,11.5222,11.5173,11.5222,1114.0,NAD
2023-04-12 10:39:00,11.5136,11.5173,11.5136,11.5173,420.0,NAD
2023-04-12 10:38:00,11.5224,11.5229,11.5137,11.5137,4516.0,NAD
2023-04-12 10:37:00,11.5223,11.5272,11.5223,11.5224,13527.0,NAD
2023-04-12 10:36:00,11.5223,11.5223,11.5223,11.5223,187.0,NAD
2023-04-12 10:35:00,11.5223,11.5223,11.5223,11.5223,176.0,NAD
2023-04-12 10:34:00,11.5223,11.5223,11.5124,11.5223,3476.0,NAD
2023-04-12 10:33:00,11.5223,11.5223,11.5223,11.5223,1517.0,NAD
2023-04-12 10:30:00,11.5341,11.5341,11.5272,11.5272,2220.0,NAD
2023-04-12 10:29:00,11.5322,11.5422,11.5322,11.5372,10500.0,NAD
2023-04-12 10:28:00,11.5223,11.5272,11.5223,11.5272,3134.0,NAD
2023-04-12 10:27:00,11.5223,11.5223,11.5173,11.5223,1500.0,NAD
2023-04-12 10:26:00,11.5322,11.5322,11.5272,11.5272,616.0,NAD
2023-04-12 10:25:00,11.5322,11.5422,11.5279,11.5372,13871.0,NAD
2023-04-12 10:24:00,11.5272,11.5272,11.5272,11.5272,100.0,NAD
2023-04-12 10:23:00,11.5222,11.5272,11.5173,11.5272,4420.0,NAD
2023-04-12 10:22:00,11.5173,11.5173,11.5123,11.5173,382.0,NAD
2023-04-12 10:21:00,11.5123,11.5173,11.5123,11.5173,200.0,NAD
2023-04-12 10:20:00,11.5173,11.5173,11.5173,11.5173,142.0,NAD
2023-04-12 10:19:00,11.5173,11.5173,11.5173,11.5173,600.0,NAD
2023-04-12 10:18:00,11.5173,11.5173,11.5173,11.5173,161.0,NAD
2023-04-12 10:17:00,11.5173,11.5173,11.5173,11.5173,300.0,NAD
2023-04-12 10:16:00,11.5173,11.5173,11.5123,11.5173,1071.0,NAD
2023-04-12 10:15:00,11.5173,11.5189,11.5173,11.5185,1318.0,NAD
2023-04-12 10:14:00,11.5173,11.518,11.5173,11.518,1349.0,NAD
2023-04-12 10:13:00,11.5173,11.5173,11.5173,11.5173,261.0,NAD
2023-04-12 10:11:00,11.5173,11.5173,11.5123,11.5173,1708.0,NAD
2023-04-12 10:10:00,11.5173,11.5223,11.5123,11.5223,639.0,NAD
2023-04-12 10:09:00,11.5123,11.5173,11.5123,11.5173,1549.0,NAD
2023-04-12 10:08:00,11.5173,11.5173,11.5173,11.5173,814.0,NAD
2023-04-12 10:07:00,11.5138,11.5138,11.5138,11.5138,719.0,NAD
2023-04-12 10:06:00,11.5223,11.5272,11.5137,11.5137,5419.0,NAD
2023-04-12 10:04:00,11.5272,11.5272,11.5272,11.5272,409.0,NAD
2023-04-12 10:03:00,11.5272,11.5272,11.5223,11.5272,9020.0,NAD
2023-04-12 10:02:00,11.5318,11.5318,11.5318,11.5318,300.0,NAD
2023-04-12 10:01:00,11.5272,11.5272,11.5272,11.5272,450.0,NAD
2023-04-12 10:00:00,11.5272,11.5272,11.5272,11.5272,200.0,NAD
2023-04-12 09:59:00,11.5372,11.5372,11.5322,11.5322,432.0,NAD
2023-04-12 09:58:00,11.5372,11.5372,11.5323,11.5372,7463.0,NAD
2023-04-12 09:57:00,11.5372,11.5413,11.5372,11.5413,809.0,NAD
2023-04-12 09:56:00,11.5372,11.5372,11.5372,11.5372,110.0,NAD
2023-04-12 09:55:00,11.5372,11.5412,11.5372,11.5412,1182.0,NAD
2023-04-12 09:54:00,11.5422,11.5422,11.5323,11.5323,802.0,NAD
2023-04-12 09:53:00,11.5422,11.5422,11.5422,11.5422,423.0,NAD
2023-04-12 09:52:00,11.5422,11.5422,11.5372,11.5422,1324.0,NAD
2023-04-12 09:51:00,11.5272,11.5422,11.5272,11.5422,3265.0,NAD
2023-04-12 09:50:00,11.5223,11.5322,11.5223,11.5321,2416.0,NAD
2023-04-12 09:49:00,11.5123,11.5223,11.5123,11.5223,2693.0,NAD
2023-04-12 09:48:00,11.5173,11.5173,11.5123,11.5123,2359.0,NAD
2023-04-12 09:47:00,11.5173,11.5173,11.5123,11.5173,1605.0,NAD
2023-04-12 09:46:00,11.5136,11.5173,11.5123,11.5173,3920.0,NAD
2023-04-12 09:45:00,11.5123,11.5173,11.5123,11.5173,8901.0,NAD
2023-04-12 09:44:00,11.5322,11.5322,11.5123,11.5194,6100.0,NAD
2023-04-12 09:43:00,11.5422,11.5422,11.5272,11.5272,3400.0,NAD
2023-04-12 09:42:00,11.5422,11.5422,11.5322,11.5402,10821.0,NAD
2023-04-12 09:40:00,11.5472,11.5472,11.5422,11.5422,316.0,NAD
2023-04-12 09:39:00,11.5434,11.5434,11.5434,11.5434,306.0,NAD
2023-04-12 09:38:00,11.5422,11.5422,11.5422,11.5422,100.0,NAD
2023-04-12 09:37:00,11.5522,11.5522,11.5422,11.5464,3005.0,NAD
2023-04-12 09:36:00,11.5522,11.5522,11.5472,11.5472,701.0,NAD
2023-04-12 09:33:00,11.5621,11.5621,11.5522,11.5522,3140.0,NAD
2023-04-12 09:32:00,11.5522,11.5522,11.5522,11.5522,100.0,NAD
2023-04-12 09:31:00,11.5621,11.5721,11.5621,11.5721,31332.0,NAD
2023-04-11 16:02:00,11.5023,11.5023,11.5023,11.5023,3000.0,NAD
2023-04-11 16:00:00,11.4834,11.5023,11.4824,11.5023,46009.0,NAD
2023-04-11 15:59:00,11.4874,11.4924,11.4834,11.4899,3547.0,NAD
2023-04-11 15:58:00,11.4834,11.4924,11.4824,11.4834,3156.0,NAD
2023-04-11 15:57:00,11.4924,11.4924,11.4834,11.4834,1700.0,NAD
2023-04-11 15:56:00,11.4824,11.4924,11.4824,11.4825,15505.0,NAD
2023-04-11 15:55:00,11.4734,11.4824,11.4734,11.4824,9000.0,NAD
2023-04-11 15:54:00,11.4774,11.4774,11.4734,11.4734,2200.0,NAD
2023-04-11 15:53:00,11.4734,11.4824,11.4734,11.4734,3500.0,NAD
2023-04-11 15:52:00,11.4774,11.4824,11.4734,11.4824,1700.0,NAD
2023-04-11 15:51:00,11.4774,11.4774,11.4724,11.4734,4451.0,NAD
2023-04-11 15:50:00,11.4734,11.4824,11.4734,11.4774,2589.0,NAD
2023-04-11 15:49:00,11.4786,11.4824,11.4724,11.4774,14380.0,NAD
2023-04-11 15:48:00,11.4774,11.4774,11.4774,11.4774,400.0,NAD
2023-04-11 15:47:00,11.4814,11.4824,11.4774,11.4774,4477.0,NAD
2023-04-11 15:46:00,11.4774,11.4824,11.4774,11.4824,8583.0,NAD
2023-04-11 15:45:00,11.4774,11.4824,11.4734,11.4734,606.0,NAD
2023-04-11 15:44:00,11.4738,11.4738,11.4738,11.4738,503.0,NAD
2023-04-11 15:43:00,11.4774,11.4774,11.4774,11.4774,300.0,NAD
2023-04-11 15:42:00,11.4774,11.4774,11.4774,11.4774,100.0,NAD
2023-04-11 15:41:00,11.4824,11.4824,11.4774,11.4774,400.0,NAD
2023-04-11 15:40:00,11.4774,11.4824,11.4774,11.4824,16138.0,NAD
2023-04-11 15:39:00,11.4824,11.4824,11.4774,11.4774,500.0,NAD
2023-04-11 15:38:00,11.4734,11.4774,11.4724,11.4774,12200.0,NAD
2023-04-11 15:37:00,11.4724,11.4824,11.4724,11.4734,4344.0,NAD
2023-04-11 15:36:00,11.4734,11.4774,11.4724,11.4724,4000.0,NAD
2023-04-11 15:35:00,11.4734,11.4774,11.4734,11.4734,1900.0,NAD
2023-04-11 15:34:00,11.4734,11.4774,11.4734,11.4734,2400.0,NAD
2023-04-11 15:33:00,11.4734,11.4734,11.4734,11.4734,1400.0,NAD
2023-04-11 15:32:00,11.4734,11.4774,11.4724,11.4734,2286.0,NAD
2023-04-11 15:31:00,11.4774,11.4823,11.4734,11.4734,501.0,NAD
2023-04-11 15:30:00,11.4824,11.4824,11.4774,11.4774,3667.0,NAD
2023-04-11 15:29:00,11.4874,11.4874,11.4824,11.4835,15734.0,NAD
2023-04-11 15:28:00,11.4874,11.4874,11.4825,11.4874,700.0,NAD
2023-04-11 15:27:00,11.4874,11.4874,11.4874,11.4874,500.0,NAD
2023-04-11 15:26:00,11.4874,11.4924,11.4874,11.4924,18100.0,NAD
2023-04-11 15:25:00,11.4874,11.4874,11.4874,11.4874,700.0,NAD
2023-04-11 15:24:00,11.4874,11.4924,11.4874,11.4924,1100.0,NAD
2023-04-11 15:23:00,11.4874,11.4874,11.4874,11.4874,1000.0,NAD
2023-04-11 15:22:00,11.4634,11.4924,11.4634,11.4908,30851.0,NAD
2023-04-11 15:21:00,11.4634,11.4679,11.4634,11.4634,1400.0,NAD
2023-04-11 15:20:00,11.4711,11.4724,11.4625,11.4674,13930.0,NAD
2023-04-11 15:19:00,11.4724,11.4733,11.4634,11.4724,12102.0,NAD
2023-04-11 15:18:00,11.4824,11.4824,11.4809,11.4809,700.0,NAD
2023-04-11 15:17:00,11.4798,11.4798,11.4798,11.4798,1200.0,NAD
2023-04-11 15:16:00,11.4724,11.4823,11.4724,11.4823,1120.0,NAD
2023-04-11 15:15:00,11.4724,11.4804,11.4724,11.4724,4369.0,NAD
2023-04-11 15:14:00,11.4724,11.4774,11.4724,11.4774,7891.0,NAD
2023-04-11 15:13:00,11.4822,11.4822,11.4822,11.4822,500.0,NAD
2023-04-11 15:12:00,11.4774,11.4774,11.4734,11.4734,1500.0,NAD
2023-04-11 15:11:00,11.4783,11.4783,11.4724,11.4724,7100.0,NAD
2023-04-11 15:10:00,11.4734,11.4811,11.4725,11.4811,4231.0,NAD
2023-04-11 15:09:00,11.4824,11.4826,11.4734,11.4774,4900.0,NAD
2023-04-11 15:08:00,11.4874,11.4874,11.4874,11.4874,679.0,NAD
2023-04-11 15:07:00,11.4824,11.4874,11.4824,11.4824,8103.0,NAD
2023-04-11 15:06:00,11.4834,11.4874,11.4824,11.4824,10751.0,NAD
2023-04-11 15:05:00,11.4874,11.4874,11.4874,11.4874,4636.0,NAD
2023-04-11 15:04:00,11.4874,11.4874,11.4874,11.4874,100.0,NAD
2023-04-11 15:02:00,11.4834,11.4923,11.4824,11.4923,9468.0,NAD
2023-04-11 15:01:00,11.4834,11.4834,11.4834,11.4834,1000.0,NAD
2023-04-11 15:00:00,11.4933,11.5023,11.4834,11.4834,6065.0,NAD
2023-04-11 14:59:00,11.4933,11.5023,11.4925,11.4933,2625.0,NAD
2023-04-11 14:58:00,11.4933,11.4933,11.4933,11.4933,1100.0,NAD
2023-04-11 14:57:00,11.4933,11.4973,11.4933,11.4933,2314.0,NAD
2023-04-11 14:56:00,11.4933,11.4933,11.4933,11.4933,900.0,NAD
2023-04-11 14:55:00,11.4933,11.5023,11.4933,11.4933,1000.0,NAD
2023-04-11 14:54:00,11.4933,11.4933,11.4933,11.4933,900.0,NAD
2023-04-11 14:53:00,11.4933,11.4933,11.4933,11.4933,900.0,NAD
2023-04-11 14:52:00,11.4933,11.4933,11.4933,11.4933,900.0,NAD
2023-04-11 14:51:00,11.4933,11.4973,11.4924,11.4933,2700.0,NAD
2023-04-11 14:50:00,11.4958,11.4958,11.4925,11.4933,803.0,NAD
2023-04-11 14:49:00,11.4933,11.4933,11.4933,11.4933,600.0,NAD
2023-04-11 14:48:00,11.4933,11.4933,11.4924,11.4933,725.0,NAD
2023-04-11 14:47:00,11.4933,11.4933,11.4924,11.4924,1200.0,NAD
2023-04-11 14:46:00,11.4933,11.4973,11.4924,11.4924,3605.0,NAD
2023-04-11 14:45:00,11.4933,11.4933,11.4924,11.4924,1200.0,NAD
2023-04-11 14:44:00,11.4924,11.4973,11.4924,11.4924,3100.0,NAD
2023-04-11 14:43:00,11.4933,11.5023,11.4924,11.4924,1300.0,NAD
2023-04-11 14:42:00,11.4933,11.5022,11.4924,11.4924,1750.0,NAD
2023-04-11 14:41:00,11.4933,11.4933,11.4924,11.4924,800.0,NAD
2023-04-11 14:40:00,11.4973,11.4973,11.4973,11.4973,200.0,NAD
2023-04-11 14:39:00,11.502,11.502,11.5013,11.5013,4600.0,NAD
2023-04-11 14:38:00,11.494,11.494,11.494,11.494,201.0,NAD
2023-04-11 14:37:00,11.4924,11.5023,11.4924,11.5022,7050.0,NAD
2023-04-11 14:36:00,11.4938,11.4973,11.4924,11.4924,3500.0,NAD
2023-04-11 14:35:00,11.4966,11.5023,11.4966,11.5023,1020.0,NAD
2023-04-11 14:34:00,11.5023,11.5023,11.4924,11.4971,4200.0,NAD
2023-04-11 14:33:00,11.4973,11.4973,11.4973,11.4973,100.0,NAD
2023-04-11 14:32:00,11.4874,11.4924,11.4861,11.4924,16980.0,NAD
2023-04-11 14:31:00,11.4824,11.4924,11.4824,11.4924,3920.0,NAD
2023-04-11 14:30:00,11.4739,11.4739,11.4739,11.4739,200.0,NAD
2023-04-11 14:29:00,11.4774,11.4824,11.4774,11.4824,10810.0,NAD
2023-04-11 14:28:00,11.4774,11.4774,11.4774,11.4774,100.0,NAD
2023-04-11 14:27:00,11.4724,11.4774,11.4724,11.4774,420.0,NAD
2023-04-11 14:26:00,11.4774,11.4774,11.4774,11.4774,100.0,NAD
2023-04-11 14:25:00,11.4783,11.4783,11.4783,11.4783,300.0,NAD
2023-04-11 14:24:00,11.4637,11.4724,11.4637,11.4724,9511.0,NAD
2023-04-11 14:22:00,11.4674,11.4724,11.4674,11.4724,2300.0,NAD
2023-04-11 14:20:00,11.4674,11.4674,11.4674,11.4674,2600.0,NAD
2023-04-11 14:19:00,11.4674,11.4674,11.4674,11.4674,2200.0,NAD
2023-04-11 14:18:00,11.4724,11.4724,11.4724,11.4724,279.0,NAD
2023-04-11 14:17:00,11.4724,11.4724,11.4724,11.4724,100.0,NAD
2023-04-11 14:16:00,11.4674,11.4674,11.4674,11.4674,1900.0,NAD
2023-04-11 14:15:00,11.4634,11.4674,11.4625,11.4674,3900.0,NAD
2023-04-11 14:14:00,11.4634,11.4674,11.4634,11.4634,1100.0,NAD
2023-04-11 14:13:00,11.4634,11.4634,11.4634,11.4634,1000.0,NAD
2023-04-11 14:12:00,11.4634,11.4723,11.4634,11.4723,3905.0,NAD
2023-04-11 14:11:00,11.4634,11.4724,11.4634,11.4634,1200.0,NAD
2023-04-11 14:10:00,11.4674,11.4674,11.4634,11.4634,1400.0,NAD
2023-04-11 14:09:00,11.4634,11.4674,11.4634,11.4634,1200.0,NAD
2023-04-11 14:08:00,11.4634,11.4634,11.4634,11.4634,700.0,NAD
2023-04-11 14:07:00,11.4634,11.4674,11.4625,11.4634,2577.0,NAD
2023-04-11 14:06:00,11.4634,11.4634,11.4634,11.4634,700.0,NAD
2023-04-11 14:05:00,11.4634,11.4634,11.4634,11.4634,700.0,NAD
2023-04-11 14:04:00,11.4634,11.4674,11.4634,11.4634,800.0,NAD
2023-04-11 14:03:00,11.4634,11.4634,11.4634,11.4634,600.0,NAD
2023-04-11 14:02:00,11.4724,11.4724,11.4674,11.4674,315.0,NAD
2023-04-11 14:01:00,11.4634,11.4724,11.4634,11.4721,3764.0,NAD
2023-04-11 14:00:00,11.4634,11.4724,11.4634,11.4724,1287.0,NAD
2023-04-11 13:59:00,11.4634,11.4724,11.4634,11.4674,700.0,NAD
2023-04-11 13:58:00,11.4724,11.4724,11.4724,11.4724,100.0,NAD
2023-04-11 13:57:00,11.4724,11.4724,11.4724,11.4724,200.0,NAD
2023-04-11 13:56:00,11.4724,11.4724,11.4625,11.4674,2205.0,NAD
2023-04-11 13:55:00,11.4674,11.4674,11.4674,11.4674,796.0,NAD
2023-04-11 13:54:00,11.4626,11.4626,11.4626,11.4626,874.0,NAD
2023-04-11 13:53:00,11.4668,11.4674,11.4668,11.4674,400.0,NAD
2023-04-11 13:52:00,11.4674,11.4699,11.4625,11.4674,1600.0,NAD
2023-04-11 13:51:00,11.4724,11.4724,11.4724,11.4724,175.0,NAD
2023-04-11 13:44:00,11.4724,11.4724,11.4724,11.4724,4446.0,NAD
2023-04-11 13:43:00,11.4724,11.4724,11.4674,11.4674,11300.0,NAD
2023-04-11 13:42:00,11.4713,11.4724,11.4674,11.4724,22788.0,NAD
2023-04-11 13:41:00,11.4681,11.4681,11.4681,11.4681,200.0,NAD
2023-04-11 13:38:00,11.4824,11.4824,11.4674,11.4674,7997.0,NAD
2023-04-11 13:37:00,11.4743,11.4824,11.4743,11.4824,12916.0,NAD
2023-04-11 13:36:00,11.4761,11.4824,11.4761,11.4818,5000.0,NAD
2023-04-11 13:35:00,11.4725,11.4725,11.4725,11.4725,300.0,NAD
2023-04-11 13:34:00,11.4736,11.4736,11.4731,11.4731,1100.0,NAD
2023-04-11 13:33:00,11.4774,11.4824,11.4725,11.4725,1630.0,NAD
2023-04-11 13:32:00,11.4774,11.4774,11.4774,11.4774,190.0,NAD
2023-04-11 13:31:00,11.4774,11.4774,11.4774,11.4774,197.0,NAD
2023-04-11 13:29:00,11.4625,11.4724,11.4625,11.4724,3792.0,NAD
2023-04-11 13:25:00,11.4625,11.4625,11.4625,11.4625,200.0,NAD
2023-04-11 13:16:00,11.4624,11.4624,11.4624,11.4624,189.0,NAD
2023-04-11 13:12:00,11.4625,11.4625,11.4525,11.4525,354.0,NAD
2023-04-11 13:04:00,11.4526,11.4575,11.4526,11.4575,5095.0,NAD
2023-04-11 13:00:00,11.4575,11.4625,11.4575,11.4575,629.0,NAD
2023-04-11 12:55:00,11.4625,11.4625,11.4625,11.4625,100.0,NAD
2023-04-11 12:52:00,11.4625,11.4625,11.4625,11.4625,282.0,NAD
2023-04-11 12:51:00,11.4575,11.4575,11.4575,11.4575,182.0,NAD
2023-04-11 12:48:00,11.4625,11.4625,11.4575,11.4625,5613.0,NAD
2023-04-11 12:43:00,11.4526,11.4526,11.4526,11.4526,100.0,NAD
2023-04-11 12:41:00,11.4625,11.4625,11.4625,11.4625,205.0,NAD
2023-04-11 12:40:00,11.4575,11.4575,11.4575,11.4575,608.0,NAD
2023-04-11 12:39:00,11.454,11.454,11.454,11.454,941.0,NAD
2023-04-11 12:36:00,11.4625,11.4625,11.4625,11.4625,215.0,NAD
2023-04-11 12:33:00,11.4584,11.4584,11.4584,11.4584,764.0,NAD
2023-04-11 12:32:00,11.4625,11.4625,11.4625,11.4625,100.0,NAD
2023-04-11 12:31:00,11.4625,11.4625,11.4625,11.4625,1200.0,NAD
2023-04-11 12:30:00,11.4625,11.4625,11.4625,11.4625,100.0,NAD
2023-04-11 12:29:00,11.4575,11.4575,11.4575,11.4575,500.0,NAD
2023-04-11 12:28:00,11.4525,11.4525,11.4525,11.4525,200.0,NAD
2023-04-11 12:27:00,11.4625,11.4625,11.4625,11.4625,200.0,NAD
2023-04-11 12:25:00,11.4575,11.4575,11.4525,11.4575,900.0,NAD
2023-04-11 12:24:00,11.4625,11.4625,11.4625,11.4625,100.0,NAD
2023-04-11 12:23:00,11.4625,11.4625,11.4624,11.4624,2995.0,NAD
2023-04-11 12:22:00,11.4575,11.4575,11.4575,11.4575,3003.0,NAD
2023-04-11 12:21:00,11.4625,11.4625,11.4624,11.4624,2000.0,NAD
2023-04-11 12:20:00,11.4525,11.46,11.4525,11.46,1525.0,NAD
2023-04-11 12:18:00,11.4575,11.4575,11.4575,11.4575,100.0,NAD
2023-04-11 12:17:00,11.4575,11.4575,11.454,11.454,2951.0,NAD
2023-04-11 12:15:00,11.4625,11.4625,11.4577,11.4624,2093.0,NAD
2023-04-11 12:14:00,11.4545,11.4545,11.4545,11.4545,617.0,NAD
2023-04-11 12:13:00,11.4625,11.4625,11.4625,11.4625,100.0,NAD
2023-04-11 12:12:00,11.4575,11.4575,11.4575,11.4575,116.0,NAD
2023-04-11 12:11:00,11.4625,11.4625,11.4625,11.4625,4330.0,NAD
2023-04-11 12:09:00,11.4621,11.4621,11.4621,11.4621,511.0,NAD
2023-04-11 12:06:00,11.4575,11.4621,11.4575,11.4621,252.0,NAD
2023-04-11 12:02:00,11.4575,11.4575,11.4575,11.4575,1001.0,NAD
2023-04-11 12:01:00,11.4625,11.4625,11.4625,11.4625,100.0,NAD
2023-04-11 12:00:00,11.46,11.4625,11.46,11.4625,260.0,NAD
2023-04-11 11:59:00,11.4553,11.46,11.4525,11.4525,1450.0,NAD
2023-04-11 11:58:00,11.4525,11.4526,11.4525,11.4526,500.0,NAD
2023-04-11 11:56:00,11.4525,11.4525,11.4525,11.4525,700.0,NAD
2023-04-11 11:54:00,11.46,11.46,11.46,11.46,100.0,NAD
2023-04-11 11:51:00,11.4575,11.4575,11.4575,11.4575,179.0,NAD
2023-04-11 11:50:00,11.46,11.4625,11.4525,11.4525,500.0,NAD
2023-04-11 11:49:00,11.4625,11.4625,11.4526,11.4526,1937.0,NAD
2023-04-11 11:48:00,11.4525,11.4575,11.4524,11.4573,5650.0,NAD
2023-04-11 11:45:00,11.4435,11.4435,11.4425,11.4425,1100.0,NAD
2023-04-11 11:41:00,11.4525,11.4525,11.4525,11.4525,200.0,NAD
2023-04-11 11:40:00,11.4475,11.4475,11.4425,11.4425,300.0,NAD
2023-04-11 11:37:00,11.4426,11.4525,11.4426,11.4525,1026.0,NAD
2023-04-11 11:36:00,11.4425,11.4425,11.4425,11.4425,600.0,NAD
2023-04-11 11:35:00,11.4475,11.4475,11.4475,11.4475,435.0,NAD
2023-04-11 11:34:00,11.4525,11.4525,11.4525,11.4525,100.0,NAD
2023-04-11 11:30:00,11.4525,11.4525,11.4525,11.4525,778.0,NAD
2023-04-11 11:27:00,11.4475,11.4475,11.4475,11.4475,100.0,NAD
2023-04-11 11:26:00,11.4426,11.4426,11.4426,11.4426,133.0,NAD
2023-04-11 11:24:00,11.4425,11.4425,11.4425,11.4425,300.0,NAD
2023-04-11 11:23:00,11.4425,11.4425,11.4425,11.4425,600.0,NAD
2023-04-11 11:21:00,11.4425,11.4425,11.4425,11.4425,2600.0,NAD
2023-04-11 11:20:00,11.4425,11.4425,11.4425,11.4425,4238.0,NAD
2023-04-11 11:16:00,11.4425,11.4426,11.4425,11.4426,525.0,NAD
2023-04-11 11:15:00,11.4475,11.4525,11.4425,11.4425,1420.0,NAD
2023-04-11 11:14:00,11.4525,11.4525,11.4482,11.4482,1009.0,NAD
2023-04-11 11:13:00,11.4475,11.4625,11.4425,11.4527,5803.0,NAD
2023-04-11 11:12:00,11.4325,11.4525,11.4325,11.4415,454920.0,NAD
2023-04-11 11:11:00,11.4325,11.4325,11.4325,11.4325,24211.0,NAD
2023-04-11 11:10:00,11.4219,11.4375,11.4219,11.4325,14792.0,NAD
2023-04-11 11:09:00,11.4176,11.4176,11.4176,11.4176,416.0,NAD
2023-04-11 11:08:00,11.4126,11.4226,11.4126,11.4226,11233.0,NAD
2023-04-11 11:06:00,11.4176,11.4176,11.4126,11.4128,1500.0,NAD
2023-04-11 11:05:00,11.4137,11.4176,11.4126,11.4138,2652.0,NAD
2023-04-11 11:04:00,11.4176,11.4176,11.4176,11.4176,808.0,NAD
2023-04-11 11:02:00,11.4136,11.4136,11.4136,11.4136,292.0,NAD
2023-04-11 11:00:00,11.4276,11.4276,11.4176,11.4176,5145.0,NAD
2023-04-11 10:59:00,11.4276,11.4276,11.4276,11.4276,181.0,NAD
2023-04-11 10:58:00,11.4276,11.4276,11.4276,11.4276,550.0,NAD
2023-04-11 10:56:00,11.4325,11.4412,11.4325,11.4325,6556.0,NAD
2023-04-11 10:53:00,11.4375,11.4375,11.4375,11.4375,100.0,NAD
2023-04-11 10:52:00,11.4375,11.4375,11.4375,11.4375,600.0,NAD
2023-04-11 10:51:00,11.4425,11.4425,11.4425,11.4425,100.0,NAD
2023-04-11 10:50:00,11.4425,11.4425,11.4425,11.4425,100.0,NAD
2023-04-11 10:49:00,11.4338,11.4338,11.4338,11.4338,315.0,NAD
2023-04-11 10:48:00,11.4375,11.4375,11.4375,11.4375,251.0,NAD
2023-04-11 10:47:00,11.4375,11.4375,11.4325,11.4375,1400.0,NAD
2023-04-11 10:46:00,11.4375,11.4375,11.4375,11.4375,100.0,NAD
2023-04-11 10:44:00,11.4325,11.4375,11.4325,11.4375,2000.0,NAD
2023-04-11 10:43:00,11.4375,11.4375,11.435,11.4375,400.0,NAD
2023-04-11 10:41:00,11.4375,11.4375,11.4375,11.4375,100.0,NAD
2023-04-11 10:39:00,11.435,11.4375,11.435,11.4375,1001.0,NAD
2023-04-11 10:38:00,11.4425,11.4425,11.4425,11.4425,200.0,NAD
2023-04-11 10:37:00,11.4375,11.4375,11.4375,11.4375,225.0,NAD
2023-04-11 10:36:00,11.4375,11.4375,11.4375,11.4375,225.0,NAD
2023-04-11 10:35:00,11.4425,11.4425,11.4375,11.4375,800.0,NAD
2023-04-11 10:34:00,11.4375,11.4425,11.4368,11.4375,15724.0,NAD
2023-04-11 10:33:00,11.4329,11.4375,11.4325,11.4375,6582.0,NAD
2023-04-11 10:32:00,11.4375,11.4375,11.4375,11.4375,100.0,NAD
2023-04-11 10:31:00,11.4425,11.4425,11.4325,11.4325,3447.0,NAD
2023-04-11 10:30:00,11.4375,11.4375,11.4375,11.4375,100.0,NAD
2023-04-11 10:29:00,11.4425,11.4425,11.4425,11.4425,200.0,NAD
2023-04-11 10:27:00,11.4325,11.4325,11.4325,11.4325,2061.0,NAD
2023-04-11 10:26:00,11.4276,11.4318,11.4276,11.4276,3700.0,NAD
2023-04-11 10:25:00,11.4226,11.4325,11.4226,11.4325,204.0,NAD
2023-04-11 10:24:00,11.4226,11.4226,11.4226,11.4226,100.0,NAD
2023-04-11 10:23:00,11.4146,11.4146,11.4146,11.4146,950.0,NAD
2023-04-11 10:19:00,11.4126,11.4126,11.4126,11.4126,100.0,NAD
2023-04-11 10:18:00,11.4216,11.4216,11.4216,11.4216,900.0,NAD
2023-04-11 10:17:00,11.4176,11.4176,11.4176,11.4176,201.0,NAD
2023-04-11 10:16:00,11.4162,11.4162,11.4162,11.4162,2200.0,NAD
2023-04-11 10:14:00,11.4126,11.4176,11.4026,11.4126,8366.0,NAD
2023-04-11 10:13:00,11.4126,11.4126,11.4126,11.4126,1500.0,NAD
2023-04-11 10:12:00,11.4126,11.4126,11.4126,11.4126,600.0,NAD
2023-04-11 10:11:00,11.4176,11.4176,11.4126,11.4137,500.0,NAD
2023-04-11 10:10:00,11.4176,11.4226,11.4126,11.4151,1150.0,NAD
2023-04-11 10:08:00,11.4126,11.4164,11.4126,11.4164,2100.0,NAD
2023-04-11 10:07:00,11.4226,11.4226,11.4126,11.4126,1664.0,NAD
2023-04-11 10:06:00,11.4276,11.4276,11.4276,11.4276,1000.0,NAD
2023-04-11 10:05:00,11.4226,11.4234,11.4226,11.4234,1191.0,NAD
2023-04-11 10:04:00,11.4318,11.4325,11.4226,11.4226,5717.0,NAD
2023-04-11 10:03:00,11.4325,11.4325,11.4226,11.4276,11546.0,NAD
2023-04-11 10:01:00,11.4325,11.4325,11.4325,11.4325,399.0,NAD
2023-04-11 10:00:00,11.4375,11.4425,11.4276,11.4325,24749.0,NAD
2023-04-11 09:59:00,11.4425,11.4425,11.4382,11.4425,756.0,NAD
2023-04-11 09:58:00,11.4425,11.4425,11.4425,11.4425,300.0,NAD
2023-04-11 09:57:00,11.4375,11.4425,11.4375,11.4375,3800.0,NAD
2023-04-11 09:56:00,11.4375,11.4375,11.4375,11.4375,171.0,NAD
2023-04-11 09:55:00,11.4375,11.4412,11.4325,11.4412,500.0,NAD
2023-04-11 09:52:00,11.4413,11.4413,11.4413,11.4413,400.0,NAD
2023-04-11 09:50:00,11.4336,11.4336,11.4336,11.4336,502.0,NAD
2023-04-11 09:49:00,11.4375,11.4375,11.4325,11.4325,600.0,NAD
2023-04-11 09:48:00,11.4395,11.4395,11.4395,11.4395,300.0,NAD
2023-04-11 09:47:00,11.4361,11.4361,11.4361,11.4361,100.0,NAD
2023-04-11 09:46:00,11.4375,11.439,11.4375,11.439,1011.0,NAD
2023-04-11 09:45:00,11.4392,11.4392,11.4392,11.4392,1000.0,NAD
2023-04-11 09:43:00,11.44,11.44,11.44,11.44,400.0,NAD
2023-04-11 09:41:00,11.4406,11.4406,11.4375,11.4375,500.0,NAD
2023-04-11 09:38:00,11.4375,11.4407,11.4375,11.4407,600.0,NAD
2023-04-11 09:37:00,11.4375,11.4375,11.4362,11.4362,1250.0,NAD
2023-04-11 09:36:00,11.4375,11.4375,11.4375,11.4375,1001.0,NAD
2023-04-11 09:35:00,11.4503,11.4503,11.4503,11.4503,521.0,NAD
2023-04-11 09:34:00,11.4425,11.4425,11.4425,11.4425,1600.0,NAD
2023-04-11 09:33:00,11.4375,11.4425,11.4375,11.4425,1200.0,NAD
2023-04-11 09:32:00,11.4425,11.4425,11.4325,11.4325,1600.0,NAD
2023-04-11 09:31:00,11.4026,11.4349,11.4026,11.4349,20022.0,NAD
2023-04-10 16:02:00,11.4226,11.4226,11.4226,11.4226,321.0,NAD
2023-04-10 16:01:00,11.4226,11.4226,11.4226,11.4226,554.0,NAD
2023-04-10 16:00:00,11.4126,11.4126,11.4026,11.4076,10014.0,NAD
2023-04-10 15:59:00,11.4076,11.4126,11.4027,11.4027,3227.0,NAD
2023-04-10 15:58:00,11.4076,11.4076,11.4026,11.4076,9189.0,NAD
2023-04-10 15:57:00,11.4076,11.4076,11.4076,11.4076,301.0,NAD
2023-04-10 15:56:00,11.4076,11.4115,11.4026,11.4076,5977.0,NAD
2023-04-10 15:55:00,11.4076,11.4076,11.4076,11.4076,201.0,NAD
2023-04-10 15:54:00,11.4059,11.4059,11.4059,11.4059,1493.0,NAD
2023-04-10 15:53:00,11.4076,11.4076,11.4026,11.4076,1601.0,NAD
2023-04-10 15:52:00,11.4076,11.4076,11.4076,11.4076,201.0,NAD
2023-04-10 15:51:00,11.4076,11.4115,11.4076,11.4076,2746.0,NAD
2023-04-10 15:50:00,11.4076,11.4088,11.4026,11.4076,2506.0,NAD
2023-04-10 15:49:00,11.4076,11.4076,11.4076,11.4076,200.0,NAD
2023-04-10 15:48:00,11.4076,11.4076,11.4076,11.4076,206.0,NAD
2023-04-10 15:47:00,11.4123,11.4123,11.4026,11.4076,5236.0,NAD
2023-04-10 15:46:00,11.4076,11.4076,11.4076,11.4076,167.0,NAD
2023-04-10 15:45:00,11.4076,11.4076,11.4027,11.4076,6111.0,NAD
2023-04-10 15:44:00,11.4076,11.4076,11.4076,11.4076,100.0,NAD
2023-04-10 15:43:00,11.4076,11.4076,11.4026,11.4076,2150.0,NAD
2023-04-10 15:42:00,11.4076,11.4076,11.4076,11.4076,100.0,NAD
2023-04-10 15:41:00,11.4076,11.4076,11.4076,11.4076,100.0,NAD
2023-04-10 15:40:00,11.4076,11.4076,11.404,11.4076,1545.0,NAD
2023-04-10 15:39:00,11.4102,11.4102,11.4076,11.4076,900.0,NAD
2023-04-10 15:38:00,11.4125,11.4125,11.4076,11.4076,300.0,NAD
2023-04-10 15:37:00,11.4076,11.4076,11.4064,11.4076,2950.0,NAD
2023-04-10 15:36:00,11.4076,11.4126,11.4026,11.4048,4800.0,NAD
2023-04-10 15:35:00,11.4069,11.41,11.4069,11.4076,2573.0,NAD
2023-04-10 15:34:00,11.4126,11.4126,11.4126,11.4126,1275.0,NAD
2023-04-10 15:33:00,11.4176,11.4176,11.4129,11.4176,1526.0,NAD
2023-04-10 15:32:00,11.4126,11.4126,11.4126,11.4126,250.0,NAD
2023-04-10 15:31:00,11.4126,11.4126,11.4126,11.4126,300.0,NAD
2023-04-10 15:30:00,11.4126,11.4126,11.4126,11.4126,350.0,NAD
2023-04-10 15:29:00,11.4126,11.4126,11.4126,11.4126,3323.0,NAD
2023-04-10 15:28:00,11.4126,11.4126,11.4126,11.4126,4000.0,NAD
2023-04-10 15:27:00,11.4126,11.4126,11.4126,11.4126,950.0,NAD
2023-04-10 15:26:00,11.4176,11.4176,11.4126,11.4126,5253.0,NAD
2023-04-10 15:25:00,11.4176,11.4176,11.4142,11.4176,5365.0,NAD
2023-04-10 15:24:00,11.4176,11.4226,11.4176,11.4226,897.0,NAD
2023-04-10 15:23:00,11.4176,11.4176,11.4126,11.4126,7755.0,NAD
2023-04-10 15:22:00,11.4136,11.421,11.4126,11.4126,5600.0,NAD
2023-04-10 15:21:00,11.4176,11.4226,11.4176,11.4225,4350.0,NAD
2023-04-10 15:20:00,11.4126,11.4126,11.4126,11.4126,400.0,NAD
2023-04-10 15:19:00,11.4126,11.4126,11.4126,11.4126,324.0,NAD
2023-04-10 15:17:00,11.4176,11.4176,11.4126,11.4176,2957.0,NAD
2023-04-10 15:16:00,11.4176,11.4176,11.4126,11.4176,6980.0,NAD
2023-04-10 15:14:00,11.4176,11.4176,11.4176,11.4176,754.0,NAD
2023-04-10 15:13:00,11.4126,11.4176,11.4126,11.4126,5610.0,NAD
2023-04-10 15:12:00,11.4226,11.4226,11.4126,11.4126,13399.0,NAD
2023-04-10 15:11:00,11.4226,11.4226,11.4226,11.4226,100.0,NAD
2023-04-10 15:06:00,11.4226,11.4226,11.4226,11.4226,200.0,NAD
2023-04-10 15:05:00,11.4226,11.4226,11.4226,11.4226,171.0,NAD
2023-04-10 15:04:00,11.4226,11.4226,11.4226,11.4226,1900.0,NAD
2023-04-10 15:01:00,11.4276,11.4276,11.4226,11.4226,5375.0,NAD
2023-04-10 15:00:00,11.4276,11.4276,11.4259,11.4259,4600.0,NAD
2023-04-10 14:59:00,11.4226,11.4226,11.4226,11.4226,1103.0,NAD
2023-04-10 14:55:00,11.4246,11.4276,11.4246,11.4276,1182.0,NAD
2023-04-10 14:54:00,11.4226,11.4226,11.4226,11.4226,1200.0,NAD
2023-04-10 14:53:00,11.4276,11.4276,11.4276,11.4276,249.0,NAD
2023-04-10 14:52:00,11.4276,11.4276,11.4226,11.4276,1140.0,NAD
2023-04-10 14:48:00,11.4324,11.4324,11.4276,11.4276,2300.0,NAD
2023-04-10 14:44:00,11.4237,11.4325,11.4226,11.4226,3761.0,NAD
2023-04-10 14:43:00,11.4226,11.4276,11.4226,11.4276,418.0,NAD
2023-04-10 14:42:00,11.4309,11.4309,11.4309,11.4309,4500.0,NAD
2023-04-10 14:41:00,11.4276,11.4325,11.4276,11.4276,4600.0,NAD
2023-04-10 14:39:00,11.4276,11.4276,11.4276,11.4276,3600.0,NAD
2023-04-10 14:37:00,11.4276,11.4276,11.4276,11.4276,610.0,NAD
2023-04-10 14:34:00,11.4276,11.4276,11.4276,11.4276,1096.0,NAD
2023-04-10 14:33:00,11.4276,11.4276,11.4276,11.4276,200.0,NAD
2023-04-10 14:32:00,11.4276,11.4276,11.4276,11.4276,1612.0,NAD
2023-04-10 14:30:00,11.4276,11.4312,11.4276,11.4312,1700.0,NAD
2023-04-10 14:29:00,11.4227,11.4324,11.4226,11.4324,4200.0,NAD
2023-04-10 14:27:00,11.4324,11.4324,11.4266,11.4266,300.0,NAD
2023-04-10 14:23:00,11.4276,11.4276,11.4226,11.4226,900.0,NAD
2023-04-10 14:21:00,11.4276,11.4276,11.4276,11.4276,100.0,NAD
2023-04-10 14:16:00,11.4276,11.4276,11.4276,11.4276,252.0,NAD
2023-04-10 14:15:00,11.4276,11.4276,11.4276,11.4276,100.0,NAD
2023-04-10 14:14:00,11.4241,11.4276,11.4226,11.4276,500.0,NAD
2023-04-10 14:13:00,11.4317,11.4317,11.4317,11.4317,5000.0,NAD
2023-04-10 14:12:00,11.4324,11.4324,11.4276,11.4276,2000.0,NAD
2023-04-10 14:11:00,11.4276,11.4276,11.4226,11.4226,5693.0,NAD
2023-04-10 14:08:00,11.4276,11.4276,11.4276,11.4276,100.0,NAD
2023-04-10 14:06:00,11.4276,11.4276,11.4276,11.4276,745.0,NAD
2023-04-10 14:04:00,11.424,11.424,11.4226,11.4226,200.0,NAD
2023-04-10 14:03:00,11.424,11.4276,11.4226,11.4276,500.0,NAD
2023-04-10 14:02:00,11.4272,11.4272,11.4272,11.4272,400.0,NAD
2023-04-10 14:01:00,11.4226,11.4276,11.4226,11.4276,5675.0,NAD
2023-04-10 13:58:00,11.4176,11.4226,11.4176,11.4226,730.0,NAD
2023-04-10 13:54:00,11.4176,11.4226,11.4126,11.4176,1500.0,NAD
2023-04-10 13:52:00,11.4226,11.4226,11.4226,11.4226,2500.0,NAD
2023-04-10 13:50:00,11.4141,11.4141,11.4141,11.4141,100.0,NAD
2023-04-10 13:45:00,11.4216,11.4216,11.4216,11.4216,129.0,NAD
2023-04-10 13:42:00,11.4126,11.4187,11.4126,11.4187,200.0,NAD
2023-04-10 13:40:00,11.4276,11.4276,11.4226,11.4226,5626.0,NAD
2023-04-10 13:38:00,11.4276,11.4276,11.4276,11.4276,100.0,NAD
2023-04-10 13:37:00,11.4227,11.4227,11.4227,11.4227,452.0,NAD
2023-04-10 13:32:00,11.4276,11.4276,11.4276,11.4276,100.0,NAD
2023-04-10 13:29:00,11.4227,11.4227,11.4227,11.4227,6739.0,NAD
2023-04-10 13:27:00,11.4324,11.4324,11.4324,11.4324,2000.0,NAD
2023-04-10 13:25:00,11.4324,11.4324,11.4324,11.4324,875.0,NAD
2023-04-10 13:20:00,11.4226,11.4226,11.4226,11.4226,101.0,NAD
2023-04-10 13:19:00,11.4324,11.4324,11.4324,11.4324,870.0,NAD
2023-04-10 13:18:00,11.4235,11.4235,11.4235,11.4235,200.0,NAD
2023-04-10 13:17:00,11.4232,11.4232,11.4232,11.4232,300.0,NAD
2023-04-10 13:13:00,11.4276,11.4276,11.4276,11.4276,900.0,NAD
2023-04-10 13:10:00,11.4226,11.4226,11.4226,11.4226,8919.0,NAD
2023-04-10 13:07:00,11.4225,11.4225,11.4225,11.4225,500.0,NAD
2023-04-10 13:05:00,11.4126,11.4126,11.4126,11.4126,100.0,NAD
2023-04-10 13:02:00,11.4226,11.4226,11.4225,11.4226,7590.0,NAD
2023-04-10 12:59:00,11.4176,11.4176,11.4176,11.4176,110.0,NAD
2023-04-10 12:58:00,11.4176,11.4226,11.4146,11.4146,2471.0,NAD
2023-04-10 12:56:00,11.4218,11.4218,11.4218,11.4218,170.0,NAD
2023-04-10 12:55:00,11.4176,11.4226,11.4126,11.4226,900.0,NAD
2023-04-10 12:50:00,11.4215,11.4215,11.4215,11.4215,1072.0,NAD
2023-04-10 12:46:00,11.4213,11.4226,11.4213,11.4226,2728.0,NAD
2023-04-10 12:44:00,11.4176,11.4226,11.4176,11.4226,2542.0,NAD
2023-04-10 12:43:00,11.4175,11.4175,11.4175,11.4175,1000.0,NAD
2023-04-10 12:40:00,11.4176,11.4176,11.4126,11.4126,200.0,NAD
2023-04-10 12:39:00,11.4176,11.4176,11.4176,11.4176,100.0,NAD
2023-04-10 12:36:00,11.4126,11.4126,11.4126,11.4126,100.0,NAD
2023-04-10 12:33:00,11.4135,11.4135,11.4135,11.4135,605.0,NAD
2023-04-10 12:32:00,11.4126,11.4126,11.4126,11.4126,100.0,NAD
2023-04-10 12:31:00,11.4176,11.4176,11.4126,11.4126,200.0,NAD
2023-04-10 12:29:00,11.4126,11.4126,11.4126,11.4126,180.0,NAD
2023-04-10 12:26:00,11.4126,11.4126,11.4126,11.4126,200.0,NAD
2023-04-10 12:24:00,11.4225,11.4225,11.4225,11.4225,150.0,NAD
2023-04-10 12:23:00,11.4226,11.4226,11.4226,11.4226,100.0,NAD
2023-04-10 12:18:00,11.4216,11.4216,11.4216,11.4216,101.0,NAD
2023-04-10 12:17:00,11.4225,11.4226,11.4176,11.4226,15249.0,NAD
2023-04-10 12:15:00,11.4225,11.4225,11.4225,11.4225,600.0,NAD
2023-04-10 12:14:00,11.4191,11.4191,11.4191,11.4191,1000.0,NAD
2023-04-10 12:13:00,11.4126,11.4126,11.4126,11.4126,300.0,NAD
2023-04-10 12:12:00,11.4226,11.4226,11.4126,11.4126,2284.0,NAD
2023-04-10 12:10:00,11.4226,11.4276,11.4226,11.4226,8136.0,NAD
2023-04-10 12:08:00,11.4276,11.4276,11.4276,11.4276,100.0,NAD
2023-04-10 12:00:00,11.4279,11.4279,11.4226,11.4226,1157.0,NAD
2023-04-10 11:58:00,11.4325,11.4325,11.4325,11.4325,2448.0,NAD
2023-04-10 11:57:00,11.4325,11.4325,11.4325,11.4325,100.0,NAD
2023-04-10 11:56:00,11.4276,11.4324,11.4276,11.4324,1757.0,NAD
2023-04-10 11:55:00,11.4325,11.4325,11.4319,11.4325,5300.0,NAD
2023-04-10 11:53:00,11.4325,11.4325,11.4325,11.4325,4500.0,NAD
2023-04-10 11:47:00,11.4325,11.4325,11.4325,11.4325,1000.0,NAD
2023-04-10 11:45:00,11.4227,11.428,11.4226,11.428,8436.0,NAD
2023-04-10 11:44:00,11.4276,11.4276,11.4276,11.4276,100.0,NAD
2023-04-10 11:42:00,11.428,11.428,11.428,11.428,100.0,NAD
2023-04-10 11:41:00,11.4325,11.4325,11.4226,11.4276,3139.0,NAD
2023-04-10 11:39:00,11.4226,11.4226,11.4226,11.4226,1308.0,NAD
2023-04-10 11:38:00,11.4325,11.4325,11.4276,11.4276,1406.0,NAD
2023-04-10 11:37:00,11.4325,11.4325,11.4325,11.4325,1600.0,NAD
2023-04-10 11:36:00,11.4375,11.4375,11.4325,11.4325,18008.0,NAD
2023-04-10 11:34:00,11.4425,11.4425,11.4425,11.4425,2633.0,NAD
2023-04-10 11:31:00,11.4375,11.4375,11.4375,11.4375,1200.0,NAD
2023-04-10 11:30:00,11.4375,11.4375,11.4375,11.4375,320.0,NAD
2023-04-10 11:26:00,11.4375,11.4375,11.4375,11.4375,3551.0,NAD
2023-04-10 11:25:00,11.4375,11.4375,11.4325,11.4325,200.0,NAD
2023-04-10 11:23:00,11.4325,11.4375,11.4325,11.4325,11990.0,NAD
2023-04-10 11:20:00,11.4376,11.4376,11.4376,11.4376,300.0,NAD
2023-04-10 11:19:00,11.4375,11.4375,11.4338,11.4338,866.0,NAD
2023-04-10 11:14:00,11.4375,11.4412,11.4375,11.4412,200.0,NAD
2023-04-10 11:12:00,11.4362,11.4362,11.4362,11.4362,2049.0,NAD
2023-04-10 11:08:00,11.4375,11.4375,11.4375,11.4375,900.0,NAD
2023-04-10 11:07:00,11.4417,11.4417,11.4417,11.4417,2830.0,NAD
2023-04-10 11:04:00,11.4416,11.4416,11.4416,11.4416,2178.0,NAD
2023-04-10 11:02:00,11.4375,11.4375,11.4375,11.4375,1100.0,NAD
2023-04-10 10:59:00,11.4325,11.4325,11.4325,11.4325,1043.0,NAD
2023-04-10 10:58:00,11.4375,11.4425,11.4325,11.4325,1588.0,NAD
2023-04-10 10:57:00,11.4424,11.4424,11.436,11.436,342.0,NAD
2023-04-10 10:55:00,11.4375,11.4375,11.4375,11.4375,1244.0,NAD
2023-04-10 10:54:00,11.4375,11.4414,11.4375,11.4414,1319.0,NAD
2023-04-10 10:53:00,11.4334,11.4375,11.4325,11.4325,3297.0,NAD
2023-04-10 10:52:00,11.4425,11.4425,11.4326,11.4375,2773.0,NAD
2023-04-10 10:48:00,11.4425,11.4425,11.4325,11.4325,6689.0,NAD
2023-04-10 10:46:00,11.4344,11.4344,11.4344,11.4344,2082.0,NAD
2023-04-10 10:44:00,11.4375,11.4425,11.4325,11.4375,1535.0,NAD
2023-04-10 10:43:00,11.4325,11.4325,11.4325,11.4325,600.0,NAD
2023-04-10 10:42:00,11.4425,11.4425,11.4425,11.4425,570.0,NAD
2023-04-10 10:40:00,11.4325,11.4424,11.4325,11.4424,3634.0,NAD
2023-04-10 10:36:00,11.4425,11.4425,11.4425,11.4425,689.0,NAD
2023-04-10 10:34:00,11.4325,11.4325,11.4325,11.4325,146.0,NAD
2023-04-10 10:33:00,11.4325,11.4375,11.4325,11.4325,3326.0,NAD
2023-04-10 10:31:00,11.4325,11.4325,11.4325,11.4325,1300.0,NAD
2023-04-10 10:30:00,11.4325,11.4325,11.4325,11.4325,2972.0,NAD
2023-04-10 10:29:00,11.4325,11.4325,11.4325,11.4325,2100.0,NAD
2023-04-10 10:27:00,11.4375,11.4375,11.4325,11.4325,243.0,NAD
2023-04-10 10:26:00,11.4325,11.4325,11.4325,11.4325,153.0,NAD
2023-04-10 10:25:00,11.4375,11.4375,11.4325,11.4325,300.0,NAD
2023-04-10 10:24:00,11.4325,11.4325,11.4325,11.4325,1622.0,NAD
2023-04-10 10:23:00,11.4327,11.4327,11.4327,11.4327,2083.0,NAD
2023-04-10 10:22:00,11.4375,11.4375,11.4375,11.4375,142.0,NAD
2023-04-10 10:21:00,11.4325,11.44,11.4325,11.4375,2400.0,NAD
2023-04-10 10:20:00,11.4325,11.4325,11.4325,11.4325,142.0,NAD
2023-04-10 10:19:00,11.4364,11.4364,11.4364,11.4364,105.0,NAD
2023-04-10 10:18:00,11.4424,11.4424,11.4424,11.4424,256.0,NAD
2023-04-10 10:16:00,11.4424,11.4424,11.4424,11.4424,300.0,NAD
2023-04-10 10:15:00,11.4475,11.4475,11.4325,11.4325,8126.0,NAD
2023-04-10 10:14:00,11.4425,11.4425,11.4425,11.4425,400.0,NAD
2023-04-10 10:12:00,11.4425,11.4425,11.4425,11.4425,1511.0,NAD
2023-04-10 10:11:00,11.4475,11.4475,11.4475,11.4475,155.0,NAD
2023-04-10 10:10:00,11.4475,11.4475,11.4475,11.4475,100.0,NAD
2023-04-10 10:07:00,11.4426,11.4426,11.4426,11.4426,500.0,NAD
2023-04-10 10:06:00,11.4488,11.4488,11.4488,11.4488,687.0,NAD
2023-04-10 09:58:00,11.4425,11.4575,11.4425,11.4525,9500.0,NAD
2023-04-10 09:57:00,11.4426,11.4426,11.4425,11.4425,2900.0,NAD
2023-04-10 09:56:00,11.4425,11.4525,11.4425,11.4425,1700.0,NAD
2023-04-10 09:55:00,11.4425,11.4512,11.4425,11.4434,3422.0,NAD
2023-04-10 09:54:00,11.4425,11.4425,11.4425,11.4425,141.0,NAD
2023-04-10 09:53:00,11.4425,11.4475,11.4425,11.4475,8132.0,NAD
2023-04-10 09:52:00,11.4425,11.4425,11.4425,11.4425,551.0,NAD
2023-04-10 09:50:00,11.4425,11.4425,11.4425,11.4425,300.0,NAD
2023-04-10 09:49:00,11.4425,11.4425,11.4425,11.4425,450.0,NAD
2023-04-10 09:48:00,11.4447,11.4447,11.4425,11.4425,500.0,NAD
2023-04-10 09:47:00,11.4425,11.4425,11.4425,11.4425,441.0,NAD
2023-04-10 09:46:00,11.4425,11.4475,11.4425,11.4475,1100.0,NAD
2023-04-10 09:45:00,11.451,11.451,11.451,11.451,441.0,NAD
2023-04-10 09:44:00,11.4525,11.4525,11.4437,11.4437,4085.0,NAD
2023-04-10 09:43:00,11.4553,11.4553,11.4553,11.4553,1983.0,NAD
2023-04-10 09:42:00,11.4525,11.4525,11.4525,11.4525,1100.0,NAD
2023-04-10 09:41:00,11.4575,11.4575,11.4575,11.4575,250.0,NAD
2023-04-10 09:39:00,11.4525,11.4575,11.4525,11.4525,1137.0,NAD
2023-04-10 09:38:00,11.4525,11.4525,11.4525,11.4525,1006.0,NAD
2023-04-10 09:37:00,11.4625,11.4625,11.4525,11.4525,2500.0,NAD
2023-04-10 09:36:00,11.4625,11.4625,11.4625,11.4625,800.0,NAD
2023-04-10 09:35:00,11.4667,11.4667,11.4625,11.4625,6065.0,NAD
2023-04-10 09:34:00,11.4723,11.4724,11.4625,11.4625,7700.0,NAD
2023-04-10 09:33:00,11.4824,11.4824,11.4674,11.4674,8770.0,NAD
2023-04-10 09:32:00,11.4774,11.4824,11.4774,11.4804,943.0,NAD
2023-04-10 09:31:00,11.4724,11.4824,11.4723,11.4724,58594.0,NAD
2023-04-06 16:01:00,11.4425,11.4425,11.4425,11.4425,200.0,NAD
2023-04-06 16:00:00,11.4424,11.4424,11.4325,11.4375,11986.0,NAD
2023-04-06 15:59:00,11.4425,11.4475,11.4325,11.4325,12073.0,NAD
2023-04-06 15:58:00,11.4425,11.4425,11.4425,11.4425,1000.0,NAD
2023-04-06 15:57:00,11.4425,11.4425,11.4425,11.4425,260.0,NAD
2023-04-06 15:56:00,11.4475,11.4525,11.4425,11.4425,3100.0,NAD
2023-04-06 15:55:00,11.4475,11.4475,11.4425,11.4425,1087.0,NAD
2023-04-06 15:54:00,11.4425,11.4425,11.4425,11.4425,350.0,NAD
2023-04-06 15:53:00,11.4425,11.4475,11.4425,11.4475,1758.0,NAD
2023-04-06 15:52:00,11.4425,11.4475,11.4425,11.4425,1020.0,NAD
2023-04-06 15:51:00,11.4425,11.4475,11.4425,11.4425,820.0,NAD
2023-04-06 15:50:00,11.4475,11.4475,11.4425,11.4425,420.0,NAD
2023-04-06 15:49:00,11.4425,11.4425,11.4425,11.4425,120.0,NAD
2023-04-06 15:48:00,11.4475,11.4511,11.4425,11.4475,5739.0,NAD
2023-04-06 15:47:00,11.451,11.451,11.4425,11.4429,5501.0,NAD
2023-04-06 15:46:00,11.4425,11.4475,11.4425,11.4425,300.0,NAD
2023-04-06 15:45:00,11.4425,11.4475,11.4425,11.4425,8820.0,NAD
2023-04-06 15:44:00,11.4475,11.4475,11.4425,11.4475,1520.0,NAD
2023-04-06 15:43:00,11.4475,11.4475,11.4425,11.4425,300.0,NAD
2023-04-06 15:42:00,11.4475,11.4475,11.4425,11.4425,3355.0,NAD
2023-04-06 15:41:00,11.4425,11.4425,11.4425,11.4425,120.0,NAD
2023-04-06 15:40:00,11.4425,11.4475,11.4425,11.4475,200.0,NAD
2023-04-06 15:39:00,11.4475,11.4475,11.4475,11.4475,120.0,NAD
2023-04-06 15:38:00,11.4425,11.4425,11.4425,11.4425,230.0,NAD
2023-04-06 15:37:00,11.4525,11.4525,11.4425,11.4425,6364.0,NAD
2023-04-06 15:36:00,11.4475,11.4475,11.4425,11.4425,200.0,NAD
2023-04-06 15:35:00,11.4425,11.4475,11.4425,11.4425,320.0,NAD
2023-04-06 15:34:00,11.4475,11.4475,11.4475,11.4475,120.0,NAD
2023-04-06 15:33:00,11.4425,11.4475,11.4425,11.4475,200.0,NAD
2023-04-06 15:32:00,11.4475,11.4514,11.4425,11.4425,5310.0,NAD
2023-04-06 15:31:00,11.4425,11.4475,11.4425,11.4475,220.0,NAD
2023-04-06 15:30:00,11.4425,11.4475,11.4425,11.4475,4095.0,NAD
2023-04-06 15:29:00,11.4425,11.4475,11.4425,11.4425,320.0,NAD
2023-04-06 15:28:00,11.4425,11.4425,11.4425,11.4425,120.0,NAD
2023-04-06 15:27:00,11.4475,11.4475,11.4425,11.4425,200.0,NAD
2023-04-06 15:26:00,11.4475,11.4481,11.4425,11.4425,520.0,NAD
2023-04-06 15:25:00,11.4425,11.4425,11.4425,11.4425,220.0,NAD
2023-04-06 15:24:00,11.4475,11.4475,11.4475,11.4475,100.0,NAD
2023-04-06 15:23:00,11.449,11.449,11.4425,11.4425,1020.0,NAD
2023-04-06 15:22:00,11.4475,11.4475,11.4425,11.4475,1700.0,NAD
2023-04-06 15:21:00,11.448,11.4512,11.4475,11.4512,3061.0,NAD
2023-04-06 15:20:00,11.4425,11.4425,11.4425,11.4425,120.0,NAD
2023-04-06 15:19:00,11.4425,11.4525,11.4425,11.4425,800.0,NAD
2023-04-06 15:18:00,11.4475,11.4475,11.4475,11.4475,100.0,NAD
2023-04-06 15:17:00,11.4476,11.4476,11.4476,11.4476,440.0,NAD
2023-04-06 15:16:00,11.4475,11.4475,11.4425,11.4425,600.0,NAD
2023-04-06 15:15:00,11.4475,11.4516,11.4475,11.4516,1120.0,NAD
2023-04-06 15:14:00,11.4513,11.4513,11.4513,11.4513,500.0,NAD
2023-04-06 15:13:00,11.4475,11.4475,11.4475,11.4475,140.0,NAD
2023-04-06 15:12:00,11.4475,11.4475,11.4425,11.4425,2800.0,NAD
2023-04-06 15:10:00,11.4475,11.4475,11.4475,11.4475,100.0,NAD
2023-04-06 15:09:00,11.4475,11.4475,11.4475,11.4475,120.0,NAD
2023-04-06 15:07:00,11.4471,11.4475,11.4425,11.4475,1159.0,NAD
2023-04-06 15:06:00,11.4546,11.4575,11.4425,11.4525,4498.0,NAD
2023-04-06 15:05:00,11.4525,11.4525,11.4525,11.4525,300.0,NAD
2023-04-06 15:04:00,11.4611,11.4611,11.4575,11.4575,1250.0,NAD
2023-04-06 15:03:00,11.4525,11.4525,11.4525,11.4525,400.0,NAD
2023-04-06 15:02:00,11.4572,11.4572,11.4572,11.4572,200.0,NAD
2023-04-06 15:01:00,11.4525,11.4525,11.4525,11.4525,2367.0,NAD
2023-04-06 15:00:00,11.4525,11.4525,11.4525,11.4525,1600.0,NAD
2023-04-06 14:59:00,11.4525,11.4525,11.4525,11.4525,100.0,NAD
2023-04-06 14:58:00,11.4575,11.4575,11.4525,11.4525,4869.0,NAD
2023-04-06 14:57:00,11.4525,11.4609,11.4525,11.4609,200.0,NAD
2023-04-06 14:56:00,11.4525,11.4525,11.4525,11.4525,100.0,NAD
2023-04-06 14:55:00,11.4525,11.4525,11.4525,11.4525,100.0,NAD
2023-04-06 14:53:00,11.4525,11.4575,11.4525,11.4575,4609.0,NAD
2023-04-06 14:52:00,11.4525,11.4525,11.4525,11.4525,400.0,NAD
2023-04-06 14:51:00,11.4525,11.4525,11.4525,11.4525,1933.0,NAD
2023-04-06 14:48:00,11.4575,11.4625,11.4525,11.4625,340.0,NAD
2023-04-06 14:47:00,11.4525,11.4525,11.4525,11.4525,100.0,NAD
2023-04-06 14:46:00,11.4525,11.4525,11.4525,11.4525,100.0,NAD
2023-04-06 14:45:00,11.4625,11.4625,11.4625,11.4625,100.0,NAD
2023-04-06 14:44:00,11.4525,11.4525,11.4525,11.4525,342.0,NAD
2023-04-06 14:43:00,11.4575,11.4575,11.4575,11.4575,372.0,NAD
2023-04-06 14:42:00,11.454,11.454,11.4525,11.4525,2145.0,NAD
2023-04-06 14:41:00,11.4525,11.4525,11.4525,11.4525,500.0,NAD
2023-04-06 14:40:00,11.4525,11.4551,11.4525,11.4551,7131.0,NAD
2023-04-06 14:39:00,11.4525,11.4525,11.4525,11.4525,100.0,NAD
2023-04-06 14:38:00,11.4572,11.4572,11.4572,11.4572,204.0,NAD
2023-04-06 14:37:00,11.4525,11.4525,11.4525,11.4525,140.0,NAD
2023-04-06 14:36:00,11.4525,11.4525,11.4525,11.4525,100.0,NAD
2023-04-06 14:35:00,11.4543,11.4543,11.4543,11.4543,125.0,NAD
2023-04-06 14:34:00,11.4575,11.4575,11.4525,11.4525,692.0,NAD
2023-04-06 14:33:00,11.4575,11.4575,11.4557,11.4575,1892.0,NAD
2023-04-06 14:32:00,11.4575,11.4575,11.4575,11.4575,320.0,NAD
2023-04-06 14:31:00,11.4575,11.4575,11.4575,11.4575,200.0,NAD
2023-04-06 14:30:00,11.4536,11.4575,11.4536,11.4575,4394.0,NAD
2023-04-06 14:29:00,11.4575,11.4575,11.4575,11.4575,355.0,NAD
2023-04-06 14:28:00,11.4525,11.4525,11.4525,11.4525,390.0,NAD
2023-04-06 14:26:00,11.4575,11.4575,11.4525,11.4575,1640.0,NAD
2023-04-06 14:24:00,11.4525,11.4525,11.4525,11.4525,260.0,NAD
2023-04-06 14:23:00,11.4525,11.4525,11.4525,11.4525,100.0,NAD
2023-04-06 14:21:00,11.4525,11.4525,11.4525,11.4525,100.0,NAD
2023-04-06 14:20:00,11.4575,11.4575,11.4575,11.4575,297.0,NAD
2023-04-06 14:19:00,11.4525,11.4525,11.4525,11.4525,1340.0,NAD
2023-04-06 14:18:00,11.4624,11.4624,11.4624,11.4624,1580.0,NAD
2023-04-06 14:17:00,11.4525,11.4525,11.4525,11.4525,100.0,NAD
2023-04-06 14:16:00,11.4575,11.4575,11.4575,11.4575,225.0,NAD
2023-04-06 14:14:00,11.4525,11.4525,11.4525,11.4525,100.0,NAD
2023-04-06 14:13:00,11.4525,11.4525,11.4525,11.4525,101.0,NAD
2023-04-06 14:12:00,11.4525,11.4525,11.4525,11.4525,100.0,NAD
2023-04-06 14:10:00,11.4525,11.4525,11.4525,11.4525,151.0,NAD
2023-04-06 14:09:00,11.4525,11.4525,11.4525,11.4525,1500.0,NAD
2023-04-06 14:08:00,11.4525,11.4525,11.4525,11.4525,100.0,NAD
2023-04-06 14:07:00,11.4525,11.4525,11.4525,11.4525,100.0,NAD
2023-04-06 14:06:00,11.4526,11.4526,11.4525,11.4525,3216.0,NAD
2023-04-06 14:05:00,11.4525,11.4525,11.4525,11.4525,200.0,NAD
2023-04-06 14:04:00,11.4525,11.4526,11.4525,11.4525,6642.0,NAD
2023-04-06 14:03:00,11.4525,11.4525,11.4525,11.4525,100.0,NAD
2023-04-06 14:02:00,11.4525,11.4525,11.4525,11.4525,1860.0,NAD
2023-04-06 14:01:00,11.4525,11.4525,11.4525,11.4525,101.0,NAD
2023-04-06 13:59:00,11.4525,11.4525,11.4525,11.4525,1640.0,NAD
2023-04-06 13:58:00,11.4575,11.4575,11.4575,11.4575,140.0,NAD
2023-04-06 13:57:00,11.4575,11.4575,11.4575,11.4575,600.0,NAD
2023-04-06 13:56:00,11.4575,11.4575,11.4558,11.4575,1760.0,NAD
2023-04-06 13:55:00,11.4575,11.4575,11.4575,11.4575,1540.0,NAD
2023-04-06 13:54:00,11.4575,11.4575,11.4575,11.4575,1280.0,NAD
2023-04-06 13:53:00,11.4575,11.4575,11.4525,11.4575,2110.0,NAD
2023-04-06 13:52:00,11.4525,11.4525,11.4525,11.4525,2279.0,NAD
2023-04-06 13:51:00,11.4535,11.4535,11.4525,11.4525,2365.0,NAD
2023-04-06 13:50:00,11.4525,11.4525,11.4525,11.4525,100.0,NAD
2023-04-06 13:49:00,11.4525,11.453,11.4525,11.4525,2513.0,NAD
2023-04-06 13:47:00,11.4525,11.4525,11.4525,11.4525,100.0,NAD
2023-04-06 13:46:00,11.4525,11.4525,11.4525,11.4525,100.0,NAD
2023-04-06 13:44:00,11.4525,11.4525,11.4525,11.4525,403.0,NAD
2023-04-06 13:43:00,11.4525,11.4525,11.4525,11.4525,14243.0,NAD
2023-04-06 13:42:00,11.4525,11.4575,11.4525,11.4525,444.0,NAD
2023-04-06 13:41:00,11.4575,11.4575,11.4525,11.4575,5429.0,NAD
2023-04-06 13:40:00,11.4525,11.4525,11.4525,11.4525,189.0,NAD
2023-04-06 13:39:00,11.4525,11.4525,11.4525,11.4525,100.0,NAD
2023-04-06 13:38:00,11.4526,11.4526,11.4526,11.4526,1500.0,NAD
2023-04-06 13:37:00,11.4525,11.4525,11.4525,11.4525,199.0,NAD
2023-04-06 13:36:00,11.4575,11.4575,11.4525,11.4525,600.0,NAD
2023-04-06 13:35:00,11.4525,11.4575,11.4525,11.4575,310.0,NAD
2023-04-06 13:34:00,11.4614,11.4625,11.4525,11.4525,2814.0,NAD
2023-04-06 13:31:00,11.4525,11.4575,11.4525,11.4538,401.0,NAD
2023-04-06 13:29:00,11.4525,11.4525,11.4525,11.4525,100.0,NAD
2023-04-06 13:28:00,11.4525,11.4525,11.4525,11.4525,100.0,NAD
2023-04-06 13:27:00,11.4525,11.4525,11.4525,11.4525,1000.0,NAD
2023-04-06 13:21:00,11.4611,11.4611,11.4611,11.4611,100.0,NAD
2023-04-06 13:20:00,11.4575,11.4575,11.4575,11.4575,1200.0,NAD
2023-04-06 13:17:00,11.4525,11.4525,11.4525,11.4525,1000.0,NAD
2023-04-06 13:14:00,11.4525,11.4525,11.4525,11.4525,100.0,NAD
2023-04-06 13:07:00,11.4525,11.4525,11.4525,11.4525,800.0,NAD
2023-04-06 13:03:00,11.4525,11.4525,11.4525,11.4525,1000.0,NAD
2023-04-06 13:02:00,11.4525,11.4525,11.4525,11.4525,100.0,NAD
2023-04-06 12:59:00,11.4575,11.4625,11.4525,11.4525,900.0,NAD
2023-04-06 12:54:00,11.4525,11.4625,11.4525,11.4625,4718.0,NAD
2023-04-06 12:52:00,11.4537,11.4537,11.4537,11.4537,1109.0,NAD
2023-04-06 12:51:00,11.4575,11.4575,11.4525,11.4525,1100.0,NAD
2023-04-06 12:50:00,11.4575,11.4575,11.4575,11.4575,300.0,NAD
2023-04-06 12:49:00,11.4548,11.4575,11.4525,11.4575,483.0,NAD
2023-04-06 12:48:00,11.4525,11.456,11.4525,11.4525,7086.0,NAD
2023-04-06 12:47:00,11.4625,11.4625,11.4575,11.4575,3496.0,NAD
2023-04-06 12:42:00,11.4648,11.4648,11.4625,11.4625,1803.0,NAD
2023-04-06 12:37:00,11.4674,11.4674,11.4625,11.4674,1100.0,NAD
2023-04-06 12:36:00,11.4625,11.4625,11.4625,11.4625,100.0,NAD
2023-04-06 12:33:00,11.4674,11.4723,11.4625,11.4723,5700.0,NAD
2023-04-06 12:32:00,11.4674,11.4674,11.4625,11.4674,1110.0,NAD
2023-04-06 12:31:00,11.4674,11.4674,11.4674,11.4674,105.0,NAD
2023-04-06 12:29:00,11.4625,11.4674,11.4625,11.4674,305.0,NAD
2023-04-06 12:28:00,11.4774,11.4774,11.4625,11.4625,5107.0,NAD
2023-04-06 12:22:00,11.4754,11.4754,11.4754,11.4754,655.0,NAD
2023-04-06 12:19:00,11.4774,11.4774,11.4724,11.4724,5805.0,NAD
2023-04-06 12:17:00,11.4823,11.4823,11.4823,11.4823,4000.0,NAD
2023-04-06 12:16:00,11.4811,11.4811,11.4811,11.4811,280.0,NAD
2023-04-06 12:15:00,11.4823,11.4824,11.4724,11.4724,2250.0,NAD
2023-04-06 12:13:00,11.4765,11.4765,11.4765,11.4765,389.0,NAD
2023-04-06 12:12:00,11.4774,11.4774,11.4774,11.4774,300.0,NAD
2023-04-06 12:11:00,11.4774,11.4774,11.4724,11.4724,800.0,NAD
2023-04-06 12:06:00,11.4774,11.4774,11.4724,11.4724,1797.0,NAD
2023-04-06 11:59:00,11.4774,11.4774,11.4774,11.4774,100.0,NAD
2023-04-06 11:58:00,11.4724,11.4774,11.4724,11.4774,1000.0,NAD
2023-04-06 11:57:00,11.4774,11.4774,11.4724,11.4774,1005.0,NAD
2023-04-06 11:55:00,11.4746,11.4746,11.4746,11.4746,2001.0,NAD
2023-04-06 11:51:00,11.4824,11.4824,11.4824,11.4824,261.0,NAD
2023-04-06 11:50:00,11.4774,11.4774,11.4774,11.4774,168.0,NAD
2023-04-06 11:47:00,11.4774,11.4774,11.4752,11.4752,2470.0,NAD
2023-04-06 11:46:00,11.4732,11.4732,11.4732,11.4732,3944.0,NAD
2023-04-06 11:44:00,11.4774,11.4822,11.4774,11.4822,400.0,NAD
2023-04-06 11:36:00,11.4774,11.4774,11.4724,11.4774,900.0,NAD
2023-04-06 11:34:00,11.4774,11.4774,11.4774,11.4774,1064.0,NAD
2023-04-06 11:32:00,11.4774,11.4774,11.4774,11.4774,300.0,NAD
2023-04-06 11:31:00,11.4774,11.4774,11.4774,11.4774,1006.0,NAD
2023-04-06 11:26:00,11.4774,11.4774,11.4724,11.4774,2800.0,NAD
2023-04-06 11:24:00,11.4774,11.4774,11.4774,11.4774,245.0,NAD
2023-04-06 11:23:00,11.4774,11.4774,11.4774,11.4774,100.0,NAD
2023-04-06 11:21:00,11.4774,11.4774,11.4774,11.4774,100.0,NAD
2023-04-06 11:18:00,11.4774,11.4774,11.4724,11.4774,7639.0,NAD
2023-04-06 11:14:00,11.4824,11.4839,11.4754,11.4754,20289.0,NAD
2023-04-06 11:12:00,11.4774,11.4774,11.4774,11.4774,1300.0,NAD
2023-04-06 11:08:00,11.4734,11.4734,11.4734,11.4734,2354.0,NAD
2023-04-06 11:07:00,11.4774,11.4774,11.4725,11.4725,629.0,NAD
2023-04-06 11:06:00,11.4774,11.4824,11.4724,11.4824,1000.0,NAD
2023-04-06 10:59:00,11.4775,11.4775,11.4775,11.4775,645.0,NAD
2023-04-06 10:57:00,11.4774,11.4774,11.4774,11.4774,195.0,NAD
2023-04-06 10:56:00,11.4774,11.4774,11.4724,11.4774,405.0,NAD
2023-04-06 10:51:00,11.4774,11.4774,11.4724,11.4774,605.0,NAD
2023-04-06 10:49:00,11.4774,11.4824,11.4724,11.4724,20989.0,NAD
2023-04-06 10:47:00,11.4774,11.4774,11.4774,11.4774,100.0,NAD
2023-04-06 10:46:00,11.4761,11.4761,11.4724,11.4724,4459.0,NAD
2023-04-06 10:45:00,11.4774,11.4774,11.4774,11.4774,289.0,NAD
2023-04-06 10:44:00,11.4774,11.4774,11.4724,11.4774,14864.0,NAD
2023-04-06 10:43:00,11.4774,11.4774,11.4724,11.4724,5555.0,NAD
2023-04-06 10:41:00,11.4824,11.4824,11.4824,11.4824,300.0,NAD
2023-04-06 10:39:00,11.4774,11.4774,11.4724,11.4774,1400.0,NAD
2023-04-06 10:33:00,11.4824,11.4824,11.4824,11.4824,2100.0,NAD
2023-04-06 10:31:00,11.4815,11.4824,11.4815,11.4824,11190.0,NAD
2023-04-06 10:30:00,11.4774,11.4774,11.4724,11.4724,400.0,NAD
2023-04-06 10:29:00,11.4821,11.4821,11.4774,11.4774,350.0,NAD
2023-04-06 10:28:00,11.4774,11.4774,11.4774,11.4774,2752.0,NAD
2023-04-06 10:26:00,11.4738,11.4738,11.4738,11.4738,200.0,NAD
2023-04-06 10:24:00,11.4771,11.4771,11.4771,11.4771,493.0,NAD
2023-04-06 10:23:00,11.4774,11.4774,11.4774,11.4774,100.0,NAD
2023-04-06 10:22:00,11.4774,11.4774,11.4774,11.4774,200.0,NAD
2023-04-06 10:20:00,11.4774,11.4774,11.4774,11.4774,400.0,NAD
2023-04-06 10:18:00,11.4774,11.4774,11.4724,11.4774,900.0,NAD
2023-04-06 10:17:00,11.4768,11.4768,11.4768,11.4768,1000.0,NAD
2023-04-06 10:14:00,11.4774,11.4774,11.4774,11.4774,401.0,NAD
2023-04-06 10:13:00,11.4724,11.4774,11.4724,11.4774,800.0,NAD
2023-04-06 10:12:00,11.4788,11.4788,11.4788,11.4788,118.0,NAD
2023-04-06 10:11:00,11.4824,11.4824,11.4738,11.4774,1220.0,NAD
2023-04-06 10:10:00,11.4824,11.4824,11.4774,11.4774,600.0,NAD
2023-04-06 10:09:00,11.4805,11.4805,11.4791,11.4791,2572.0,NAD
2023-04-06 10:07:00,11.4824,11.4824,11.4824,11.4824,100.0,NAD
2023-04-06 10:05:00,11.4874,11.4874,11.4824,11.4824,4972.0,NAD
2023-04-06 10:02:00,11.4874,11.4874,11.4874,11.4874,100.0,NAD
2023-04-06 10:00:00,11.4824,11.4824,11.4824,11.4824,124.0,NAD
2023-04-06 09:58:00,11.4874,11.4874,11.4874,11.4874,1000.0,NAD
2023-04-06 09:54:00,11.4824,11.4871,11.4824,11.4871,1225.0,NAD
2023-04-06 09:51:00,11.4774,11.4824,11.4774,11.4824,1336.0,NAD
2023-04-06 09:50:00,11.4793,11.4824,11.4774,11.4774,1800.0,NAD
2023-04-06 09:49:00,11.4817,11.4887,11.4774,11.4774,7074.0,NAD
2023-04-06 09:48:00,11.4924,11.4924,11.4724,11.4724,2400.0,NAD
2023-04-06 09:47:00,11.4952,11.4952,11.4952,11.4952,500.0,NAD
2023-04-06 09:46:00,11.4924,11.4924,11.4924,11.4924,1563.0,NAD
2023-04-06 09:45:00,11.5123,11.5123,11.4935,11.4935,620.0,NAD
2023-04-06 09:43:00,11.5173,11.5173,11.5123,11.5123,410.0,NAD
2023-04-06 09:42:00,11.5223,11.5223,11.5173,11.5173,831.0,NAD
2023-04-06 09:40:00,11.5287,11.5287,11.5223,11.5223,3361.0,NAD
2023-04-06 09:39:00,11.5322,11.5322,11.5224,11.5224,8052.0,NAD
2023-04-06 09:38:00,11.5262,11.5322,11.5262,11.5322,2100.0,NAD
2023-04-06 09:37:00,11.5223,11.5322,11.5173,11.5208,4229.0,NAD
2023-04-06 09:36:00,11.5173,11.5223,11.5173,11.5223,1201.0,NAD
2023-04-06 09:35:00,11.5223,11.5223,11.5173,11.5173,201.0,NAD
2023-04-06 09:34:00,11.5223,11.5223,11.5217,11.5217,1200.0,NAD
2023-04-06 09:33:00,11.5173,11.5223,11.5123,11.5198,1970.0,NAD
2023-04-06 09:32:00,11.5223,11.5322,11.5223,11.5322,1600.0,NAD
2023-04-06 09:31:00,11.5023,11.5023,11.5023,11.5023,23150.0,NAD
2023-04-05 16:01:00,11.4724,11.4724,11.4724,11.4724,1200.0,NAD
2023-04-05 16:00:00,11.4824,11.4824,11.4724,11.4824,7944.0,NAD
2023-04-05 15:59:00,11.4799,11.4799,11.4774,11.4774,331.0,NAD
2023-04-05 15:58:00,11.4824,11.4824,11.4724,11.4724,1000.0,NAD
2023-04-05 15:57:00,11.4824,11.4824,11.4724,11.4774,2134.0,NAD
2023-04-05 15:56:00,11.4774,11.4774,11.4774,11.4774,311.0,NAD
2023-04-05 15:55:00,11.4774,11.4824,11.4774,11.4774,5829.0,NAD
2023-04-05 15:54:00,11.4774,11.4774,11.4774,11.4774,300.0,NAD
2023-04-05 15:52:00,11.4774,11.4774,11.4774,11.4774,200.0,NAD
2023-04-05 15:51:00,11.4874,11.4874,11.4774,11.4774,13225.0,NAD
2023-04-05 15:48:00,11.4874,11.4874,11.4874,11.4874,382.0,NAD
2023-04-05 15:47:00,11.4874,11.4874,11.4874,11.4874,1300.0,NAD
2023-04-05 15:45:00,11.4874,11.4924,11.4874,11.4924,404.0,NAD
2023-04-05 15:43:00,11.4924,11.4924,11.4874,11.4874,709.0,NAD
2023-04-05 15:42:00,11.4874,11.4874,11.4874,11.4874,1550.0,NAD
2023-04-05 15:41:00,11.4874,11.4874,11.4874,11.4874,4361.0,NAD
2023-04-05 15:40:00,11.4924,11.4924,11.4924,11.4924,100.0,NAD
2023-04-05 15:39:00,11.488,11.488,11.4824,11.4874,300.0,NAD
2023-04-05 15:33:00,11.4874,11.4874,11.4874,11.4874,100.0,NAD
2023-04-05 15:31:00,11.4874,11.4874,11.4874,11.4874,100.0,NAD
2023-04-05 15:29:00,11.4899,11.4899,11.4899,11.4899,100.0,NAD
2023-04-05 15:21:00,11.4874,11.4874,11.4824,11.4824,1907.0,NAD
2023-04-05 15:19:00,11.4874,11.4874,11.4874,11.4874,110.0,NAD
2023-04-05 15:18:00,11.4899,11.4899,11.4899,11.4899,100.0,NAD
2023-04-05 15:16:00,11.4874,11.4874,11.4874,11.4874,100.0,NAD
2023-04-05 15:15:00,11.4874,11.4874,11.4874,11.4874,201.0,NAD
2023-04-05 15:13:00,11.4874,11.4914,11.4874,11.4914,2617.0,NAD
2023-04-05 15:11:00,11.4874,11.4874,11.4824,11.4824,1600.0,NAD
2023-04-05 15:10:00,11.4874,11.4874,11.4874,11.4874,200.0,NAD
2023-04-05 15:09:00,11.4874,11.4874,11.4874,11.4874,100.0,NAD
2023-04-05 15:08:00,11.4874,11.4874,11.4874,11.4874,1000.0,NAD
2023-04-05 15:07:00,11.4874,11.4874,11.4874,11.4874,400.0,NAD
2023-04-05 15:06:00,11.4874,11.4874,11.4834,11.4874,1200.0,NAD
2023-04-05 15:05:00,11.4874,11.4874,11.4824,11.4874,900.0,NAD
2023-04-05 15:04:00,11.4874,11.4908,11.4824,11.4908,2500.0,NAD
2023-04-05 15:03:00,11.4824,11.4824,11.4824,11.4824,1600.0,NAD
2023-04-05 15:02:00,11.4824,11.4824,11.4824,11.4824,1200.0,NAD
2023-04-05 15:01:00,11.4874,11.4874,11.4824,11.4824,12751.0,NAD
2023-04-05 15:00:00,11.4924,11.4924,11.4924,11.4924,1590.0,NAD
2023-04-05 14:56:00,11.5023,11.5023,11.4824,11.4874,14410.0,NAD
2023-04-05 14:55:00,11.499,11.499,11.499,11.499,500.0,NAD
2023-04-05 14:52:00,11.4973,11.4973,11.4973,11.4973,1684.0,NAD
2023-04-05 14:51:00,11.4973,11.5023,11.4973,11.5023,2266.0,NAD
2023-04-05 14:50:00,11.4973,11.4973,11.4924,11.4924,1200.0,NAD
2023-04-05 14:47:00,11.5023,11.5023,11.5023,11.5023,100.0,NAD
2023-04-05 14:44:00,11.5023,11.5023,11.5023,11.5023,100.0,NAD
2023-04-05 14:40:00,11.4957,11.5023,11.4957,11.5023,1001.0,NAD
2023-04-05 14:39:00,11.4973,11.5023,11.4973,11.5023,8542.0,NAD
2023-04-05 14:37:00,11.4984,11.4984,11.4984,11.4984,4262.0,NAD
2023-04-05 14:35:00,11.4973,11.5023,11.4924,11.4924,707.0,NAD
2023-04-05 14:34:00,11.4973,11.5023,11.4973,11.4973,10612.0,NAD
2023-04-05 14:32:00,11.4925,11.4925,11.4924,11.4924,2020.0,NAD
2023-04-05 14:31:00,11.4973,11.4973,11.4973,11.4973,100.0,NAD
2023-04-05 14:29:00,11.4924,11.4973,11.4924,11.4973,1101.0,NAD
2023-04-05 14:27:00,11.4973,11.4973,11.4924,11.4973,1108.0,NAD
2023-04-05 14:23:00,11.4929,11.4929,11.4929,11.4929,4100.0,NAD
2023-04-05 14:22:00,11.5028,11.5073,11.4924,11.4973,16808.0,NAD
2023-04-05 14:21:00,11.5083,11.5083,11.5083,11.5083,4000.0,NAD
2023-04-05 14:20:00,11.5073,11.5073,11.5028,11.5028,4200.0,NAD
2023-04-05 14:19:00,11.5097,11.5097,11.5028,11.5073,4500.0,NAD
2023-04-05 14:18:00,11.5073,11.5073,11.5073,11.5073,100.0,NAD
2023-04-05 14:13:00,11.5023,11.5023,11.5023,11.5023,200000.0,NAD
2023-04-05 14:12:00,11.5073,11.5073,11.5073,11.5073,136.0,NAD
2023-04-05 14:10:00,11.5073,11.5073,11.5073,11.5073,200.0,NAD
2023-04-05 14:09:00,11.5073,11.5123,11.5073,11.5123,300.0,NAD
2023-04-05 14:08:00,11.5173,11.5173,11.5023,11.5023,8561.0,NAD
2023-04-05 14:07:00,11.5173,11.5173,11.5173,11.5173,3000.0,NAD
2023-04-05 14:06:00,11.5173,11.5173,11.5173,11.5173,100.0,NAD
2023-04-05 14:05:00,11.5123,11.5217,11.5123,11.5217,5625.0,NAD
2023-04-05 14:00:00,11.5123,11.5123,11.5123,11.5123,270.0,NAD
2023-04-05 13:54:00,11.5073,11.5073,11.5073,11.5073,100.0,NAD
2023-04-05 13:51:00,11.5123,11.5123,11.5123,11.5123,100.0,NAD
2023-04-05 13:46:00,11.5073,11.5073,11.5023,11.5073,805.0,NAD
2023-04-05 13:45:00,11.5071,11.5071,11.5071,11.5071,462.0,NAD
2023-04-05 13:40:00,11.5023,11.5073,11.5023,11.5073,501.0,NAD
2023-04-05 13:38:00,11.5073,11.5073,11.5073,11.5073,966.0,NAD
2023-04-05 13:37:00,11.5123,11.5123,11.5123,11.5123,100.0,NAD
2023-04-05 13:35:00,11.5073,11.5073,11.5073,11.5073,100.0,NAD
2023-04-05 13:34:00,11.5073,11.5073,11.5073,11.5073,166.0,NAD
2023-04-05 13:32:00,11.5073,11.5073,11.5073,11.5073,100.0,NAD
2023-04-05 13:29:00,11.5122,11.5122,11.5112,11.5112,2167.0,NAD
2023-04-05 13:28:00,11.5023,11.5073,11.5023,11.5073,7073.0,NAD
2023-04-05 13:26:00,11.5023,11.5023,11.4973,11.5023,2032.0,NAD
2023-04-05 13:25:00,11.4932,11.4932,11.4932,11.4932,6322.0,NAD
2023-04-05 13:23:00,11.5023,11.5023,11.5023,11.5023,551.0,NAD
2023-04-05 13:21:00,11.5023,11.5023,11.5023,11.5023,100.0,NAD
2023-04-05 13:20:00,11.4973,11.4973,11.4973,11.4973,262.0,NAD
2023-04-05 13:19:00,11.4924,11.4924,11.4924,11.4924,517.0,NAD
2023-04-05 13:18:00,11.4924,11.4924,11.4924,11.4924,1421.0,NAD
2023-04-05 13:17:00,11.4924,11.4973,11.4924,11.4973,500.0,NAD
2023-04-05 13:15:00,11.5022,11.5022,11.4973,11.4973,973.0,NAD
2023-04-05 13:14:00,11.4973,11.4973,11.4924,11.4973,600.0,NAD
2023-04-05 13:11:00,11.4973,11.4973,11.4973,11.4973,200.0,NAD
2023-04-05 13:09:00,11.4931,11.4939,11.4924,11.4924,7441.0,NAD
2023-04-05 13:08:00,11.4924,11.4973,11.4924,11.4924,2945.0,NAD
2023-04-05 13:02:00,11.4973,11.4973,11.4933,11.4933,1100.0,NAD
2023-04-05 13:00:00,11.4973,11.5023,11.4973,11.5023,266.0,NAD
2023-04-05 12:56:00,11.5023,11.5023,11.4973,11.4973,965.0,NAD
2023-04-05 12:55:00,11.4924,11.4924,11.4924,11.4924,400.0,NAD
2023-04-05 12:54:00,11.5012,11.5012,11.5012,11.5012,2000.0,NAD
2023-04-05 12:53:00,11.4924,11.4924,11.4924,11.4924,400.0,NAD
2023-04-05 12:49:00,11.4928,11.4928,11.4928,11.4928,300.0,NAD
2023-04-05 12:48:00,11.4925,11.4925,11.4924,11.4924,5100.0,NAD
2023-04-05 12:46:00,11.4924,11.4924,11.4924,11.4924,500.0,NAD
2023-04-05 12:44:00,11.4924,11.4973,11.4924,11.4973,868.0,NAD
2023-04-05 12:43:00,11.4926,11.4926,11.4926,11.4926,5000.0,NAD
2023-04-05 12:42:00,11.5023,11.5073,11.4924,11.4924,6934.0,NAD
2023-04-05 12:38:00,11.5073,11.5073,11.5073,11.5073,693.0,NAD
2023-04-05 12:37:00,11.5112,11.5112,11.5032,11.5073,3854.0,NAD
2023-04-05 12:36:00,11.5072,11.5072,11.5072,11.5072,550.0,NAD
2023-04-05 12:33:00,11.5073,11.5073,11.5073,11.5073,1150.0,NAD
2023-04-05 12:19:00,11.5123,11.5123,11.5123,11.5123,102.0,NAD
2023-04-05 12:16:00,11.5073,11.5073,11.5073,11.5073,100.0,NAD
2023-04-05 12:13:00,11.5096,11.5096,11.5096,11.5096,4330.0,NAD
2023-04-05 12:11:00,11.5073,11.5073,11.5073,11.5073,200.0,NAD
2023-04-05 12:08:00,11.5073,11.5073,11.5073,11.5073,100.0,NAD
2023-04-05 12:05:00,11.5037,11.5037,11.5037,11.5037,1015.0,NAD
2023-04-05 12:03:00,11.5073,11.5073,11.5023,11.5073,1200.0,NAD
2023-04-05 12:00:00,11.5123,11.5123,11.5123,11.5123,375.0,NAD
2023-04-05 11:59:00,11.5083,11.5083,11.5083,11.5083,998.0,NAD
2023-04-05 11:55:00,11.5073,11.5073,11.5073,11.5073,100.0,NAD
2023-04-05 11:54:00,11.5073,11.5073,11.5073,11.5073,100.0,NAD
2023-04-05 11:53:00,11.5123,11.5123,11.5123,11.5123,100.0,NAD
2023-04-05 11:52:00,11.5122,11.5122,11.5068,11.5068,4084.0,NAD
2023-04-05 11:51:00,11.5073,11.5123,11.5073,11.5123,1600.0,NAD
2023-04-05 11:46:00,11.5123,11.5123,11.5123,11.5123,3500.0,NAD
2023-04-05 11:44:00,11.5023,11.5098,11.5023,11.5073,1855.0,NAD
2023-04-05 11:41:00,11.5068,11.5098,11.5023,11.5098,2439.0,NAD
2023-04-05 11:40:00,11.5107,11.5107,11.5107,11.5107,8000.0,NAD
2023-04-05 11:39:00,11.5032,11.5032,11.5032,11.5032,2250.0,NAD
2023-04-05 11:38:00,11.5024,11.5024,11.5024,11.5024,872.0,NAD
2023-04-05 11:35:00,11.5123,11.5123,11.5123,11.5123,6000.0,NAD
2023-04-05 11:34:00,11.5123,11.5123,11.5123,11.5123,100.0,NAD
2023-04-05 11:31:00,11.5073,11.5223,11.5023,11.5023,18378.0,NAD
2023-04-05 11:29:00,11.5123,11.5123,11.5123,11.5123,100.0,NAD
2023-04-05 11:28:00,11.5033,11.5033,11.5033,11.5033,1800.0,NAD
2023-04-05 11:26:00,11.5053,11.5053,11.5053,11.5053,789.0,NAD
2023-04-05 11:17:00,11.5073,11.5123,11.5073,11.5123,202.0,NAD
2023-04-05 11:15:00,11.5024,11.5024,11.5024,11.5024,1600.0,NAD
2023-04-05 11:14:00,11.5023,11.507,11.5023,11.5037,1615.0,NAD
2023-04-05 11:13:00,11.5071,11.5071,11.5071,11.5071,3115.0,NAD
2023-04-05 11:11:00,11.5073,11.5073,11.5036,11.5036,708.0,NAD
2023-04-05 11:07:00,11.5073,11.5073,11.5023,11.5023,801.0,NAD
2023-04-05 11:05:00,11.5073,11.5073,11.5023,11.5073,1000.0,NAD
2023-04-05 11:04:00,11.5073,11.5073,11.5023,11.5023,1100.0,NAD
2023-04-05 11:01:00,11.5123,11.5123,11.5072,11.5072,1980.0,NAD
2023-04-05 10:59:00,11.5073,11.5122,11.5073,11.5073,5291.0,NAD
2023-04-05 10:58:00,11.4924,11.5123,11.4922,11.5073,31804.0,NAD
2023-04-05 10:57:00,11.4871,11.4871,11.4871,11.4871,326.0,NAD
2023-04-05 10:56:00,11.4874,11.4924,11.4824,11.4824,1465.0,NAD
2023-04-05 10:55:00,11.4973,11.4973,11.4924,11.4924,4634.0,NAD
2023-04-05 10:54:00,11.4933,11.4933,11.4933,11.4933,201.0,NAD
2023-04-05 10:53:00,11.5023,11.5023,11.4924,11.4973,25200.0,NAD
2023-04-05 10:52:00,11.5013,11.5023,11.5013,11.5023,1483.0,NAD
2023-04-05 10:50:00,11.4924,11.4973,11.4924,11.4973,24323.0,NAD
2023-04-05 10:47:00,11.4973,11.4973,11.4924,11.4924,1100.0,NAD
2023-04-05 10:42:00,11.4973,11.4973,11.4924,11.4973,6400.0,NAD
2023-04-05 10:41:00,11.4973,11.4973,11.4973,11.4973,100.0,NAD
2023-04-05 10:40:00,11.4953,11.4953,11.4953,11.4953,125.0,NAD
2023-04-05 10:38:00,11.5023,11.5023,11.4973,11.4973,1100.0,NAD
2023-04-05 10:37:00,11.4924,11.5123,11.4924,11.5073,27448.0,NAD
2023-04-05 10:33:00,11.4924,11.4924,11.4843,11.4843,600.0,NAD
2023-04-05 10:31:00,11.4824,11.4874,11.4824,11.4874,3100.0,NAD
2023-04-05 10:30:00,11.4973,11.4973,11.4924,11.4924,1673.0,NAD
2023-04-05 10:29:00,11.4959,11.4959,11.4959,11.4959,500.0,NAD
2023-04-05 10:27:00,11.5023,11.5023,11.4924,11.4973,1658.0,NAD
2023-04-05 10:26:00,11.4973,11.501,11.4973,11.501,200.0,NAD
2023-04-05 10:25:00,11.4973,11.4973,11.4973,11.4973,200.0,NAD
2023-04-05 10:24:00,11.4973,11.4973,11.497,11.4973,1100.0,NAD
2023-04-05 10:23:00,11.4924,11.4973,11.4924,11.4973,6217.0,NAD
2023-04-05 10:21:00,11.4874,11.4874,11.4874,11.4874,200.0,NAD
2023-04-05 10:20:00,11.4912,11.4912,11.4874,11.4874,3217.0,NAD
2023-04-05 10:19:00,11.4824,11.4874,11.4824,11.4874,1300.0,NAD
2023-04-05 10:18:00,11.4824,11.4824,11.4824,11.4824,1000.0,NAD
2023-04-05 10:17:00,11.4789,11.4874,11.4789,11.4874,4772.0,NAD
2023-04-05 10:16:00,11.4774,11.4774,11.4724,11.4749,600.0,NAD
2023-04-05 10:15:00,11.4796,11.4796,11.4724,11.4749,2208.0,NAD
2023-04-05 10:14:00,11.4778,11.4778,11.4724,11.4774,2309.0,NAD
2023-04-05 10:11:00,11.4824,11.4824,11.4824,11.4824,158.0,NAD
2023-04-05 10:10:00,11.4874,11.4874,11.4824,11.4824,1950.0,NAD
2023-04-05 10:09:00,11.4824,11.4874,11.4824,11.4874,8162.0,NAD
2023-04-05 10:08:00,11.4874,11.4874,11.4874,11.4874,100.0,NAD
2023-04-05 10:07:00,11.4973,11.4973,11.4924,11.4924,1000.0,NAD
2023-04-05 10:05:00,11.4924,11.5073,11.4924,11.5023,16430.0,NAD
2023-04-05 10:04:00,11.4924,11.4973,11.4924,11.4924,2822.0,NAD
2023-04-05 10:03:00,11.4724,11.4824,11.4724,11.4824,1033.0,NAD
2023-04-05 10:01:00,11.4525,11.4674,11.4525,11.4674,2495.0,NAD
2023-04-05 10:00:00,11.4461,11.4461,11.4461,11.4461,800.0,NAD
2023-04-05 09:59:00,11.4425,11.4475,11.4425,11.4475,2360.0,NAD
2023-04-05 09:58:00,11.4425,11.4425,11.4375,11.4375,2112.0,NAD
2023-04-05 09:56:00,11.4325,11.4325,11.4325,11.4325,402.0,NAD
2023-04-05 09:54:00,11.4375,11.4375,11.4325,11.4325,804.0,NAD
2023-04-05 09:52:00,11.4386,11.4386,11.4325,11.4325,6905.0,NAD
2023-04-05 09:50:00,11.4351,11.4425,11.4351,11.4375,1407.0,NAD
2023-04-05 09:49:00,11.4325,11.4375,11.4325,11.4375,5501.0,NAD
2023-04-05 09:48:00,11.4425,11.4425,11.4325,11.4325,2355.0,NAD
2023-04-05 09:47:00,11.4375,11.4475,11.4375,11.4425,5771.0,NAD
2023-04-05 09:46:00,11.4375,11.4425,11.4375,11.4375,9136.0,NAD
2023-04-05 09:45:00,11.4375,11.4375,11.4375,11.4375,100.0,NAD
2023-04-05 09:44:00,11.4326,11.4375,11.4326,11.4375,300.0,NAD
2023-04-05 09:41:00,11.4368,11.4368,11.4368,11.4368,653.0,NAD
2023-04-05 09:40:00,11.4265,11.4375,11.4265,11.4375,1000.0,NAD
2023-04-05 09:39:00,11.4325,11.4325,11.4325,11.4325,132.0,NAD
2023-04-05 09:38:00,11.4325,11.4325,11.4276,11.4276,361.0,NAD
2023-04-05 09:36:00,11.4425,11.4425,11.4226,11.4276,7744.0,NAD
2023-04-05 09:35:00,11.4497,11.4525,11.4497,11.4525,200.0,NAD
2023-04-05 09:34:00,11.4425,11.4429,11.4425,11.4425,4718.0,NAD
2023-04-05 09:33:00,11.4525,11.4525,11.4425,11.4425,4146.0,NAD
2023-04-05 09:32:00,11.4325,11.4525,11.4325,11.4454,4201.0,NAD
2023-04-05 09:31:00,11.4026,11.4525,11.4026,11.438,41142.0,NAD
2023-04-04 16:02:00,11.3927,11.3927,11.3927,11.3927,321.0,NAD
2023-04-04 16:01:00,11.3927,11.3927,11.3827,11.3827,28100.0,NAD
2023-04-04 16:00:00,11.3877,11.3927,11.3827,11.3827,5851.0,NAD
2023-04-04 15:59:00,11.3877,11.3877,11.3827,11.3877,900.0,NAD
2023-04-04 15:58:00,11.3877,11.3925,11.3827,11.3877,6666.0,NAD
2023-04-04 15:57:00,11.3877,11.3927,11.3877,11.3877,3702.0,NAD
2023-04-04 15:56:00,11.3877,11.3927,11.3827,11.3927,14595.0,NAD
2023-04-04 15:55:00,11.3877,11.3877,11.3877,11.3877,1080.0,NAD
2023-04-04 15:54:00,11.3827,11.3877,11.3827,11.3877,2232.0,NAD
2023-04-04 15:53:00,11.3877,11.3877,11.3827,11.3877,2048.0,NAD
2023-04-04 15:52:00,11.3877,11.3927,11.3839,11.3877,1375.0,NAD
2023-04-04 15:51:00,11.3827,11.3827,11.3827,11.3827,160.0,NAD
2023-04-04 15:50:00,11.3877,11.3877,11.3877,11.3877,100.0,NAD
2023-04-04 15:49:00,11.3847,11.3877,11.3847,11.3877,1100.0,NAD
2023-04-04 15:48:00,11.3828,11.3828,11.3828,11.3828,969.0,NAD
2023-04-04 15:47:00,11.3912,11.3912,11.3912,11.3912,150.0,NAD
2023-04-04 15:46:00,11.3827,11.3877,11.3827,11.3866,1151.0,NAD
2023-04-04 15:44:00,11.3877,11.3877,11.3877,11.3877,100.0,NAD
2023-04-04 15:43:00,11.3927,11.3927,11.3927,11.3927,100.0,NAD
2023-04-04 15:41:00,11.3777,11.3927,11.3727,11.3927,19231.0,NAD
2023-04-04 15:39:00,11.3812,11.3812,11.3812,11.3812,248.0,NAD
2023-04-04 15:38:00,11.3728,11.3728,11.3727,11.3727,246.0,NAD
2023-04-04 15:36:00,11.3777,11.3777,11.3777,11.3777,239.0,NAD
2023-04-04 15:35:00,11.3777,11.3777,11.3777,11.3777,500.0,NAD
2023-04-04 15:34:00,11.3728,11.3728,11.3728,11.3728,2772.0,NAD
2023-04-04 15:33:00,11.3777,11.3777,11.3777,11.3777,100.0,NAD
2023-04-04 15:32:00,11.3777,11.3789,11.3777,11.3789,475.0,NAD
2023-04-04 15:31:00,11.3777,11.3777,11.3777,11.3777,515.0,NAD
2023-04-04 15:30:00,11.3777,11.3817,11.3777,11.3777,800.0,NAD
2023-04-04 15:28:00,11.3777,11.3777,11.3777,11.3777,400.0,NAD
2023-04-04 15:27:00,11.3777,11.3777,11.3777,11.3777,600.0,NAD
2023-04-04 15:26:00,11.3777,11.3777,11.3777,11.3777,100.0,NAD
2023-04-04 15:25:00,11.3777,11.3777,11.3777,11.3777,1600.0,NAD
2023-04-04 15:23:00,11.3777,11.3777,11.3777,11.3777,120.0,NAD
2023-04-04 15:22:00,11.3777,11.3777,11.3777,11.3777,400.0,NAD
2023-04-04 15:20:00,11.3777,11.3777,11.3777,11.3777,400.0,NAD
2023-04-04 15:19:00,11.3777,11.3777,11.3777,11.3777,100.0,NAD
2023-04-04 15:18:00,11.3777,11.3777,11.3777,11.3777,191.0,NAD
2023-04-04 15:17:00,11.3738,11.3777,11.3738,11.3777,2806.0,NAD
2023-04-04 15:16:00,11.3777,11.3777,11.3777,11.3777,200.0,NAD
2023-04-04 15:15:00,11.3777,11.3777,11.3777,11.3777,1700.0,NAD
2023-04-04 15:14:00,11.3777,11.3777,11.3777,11.3777,100.0,NAD
2023-04-04 15:13:00,11.3777,11.3826,11.3777,11.3777,400.0,NAD
2023-04-04 15:12:00,11.3777,11.3777,11.3777,11.3777,800.0,NAD
2023-04-04 15:11:00,11.3777,11.3777,11.3727,11.3727,1800.0,NAD
2023-04-04 15:09:00,11.3777,11.3777,11.3777,11.3777,100.0,NAD
2023-04-04 15:08:00,11.3728,11.3777,11.3728,11.3777,1339.0,NAD
2023-04-04 15:06:00,11.3818,11.3827,11.3777,11.3827,3174.0,NAD
2023-04-04 15:05:00,11.3777,11.3777,11.3777,11.3777,120.0,NAD
2023-04-04 15:04:00,11.3777,11.3827,11.3777,11.3827,1910.0,NAD
2023-04-04 15:03:00,11.3777,11.3827,11.3777,11.3777,3110.0,NAD
2023-04-04 15:02:00,11.3777,11.3777,11.373,11.3777,4297.0,NAD
2023-04-04 15:01:00,11.3777,11.3777,11.3777,11.3777,100.0,NAD
2023-04-04 15:00:00,11.3777,11.3777,11.3727,11.3777,5513.0,NAD
2023-04-04 14:59:00,11.3777,11.3827,11.3777,11.3827,1800.0,NAD
2023-04-04 14:58:00,11.3777,11.3777,11.3777,11.3777,100.0,NAD
2023-04-04 14:57:00,11.3777,11.3777,11.3777,11.3777,200.0,NAD
2023-04-04 14:56:00,11.3777,11.3827,11.3777,11.3827,3518.0,NAD
2023-04-04 14:55:00,11.374,11.374,11.374,11.374,470.0,NAD
2023-04-04 14:54:00,11.3777,11.3777,11.3777,11.3777,100.0,NAD
2023-04-04 14:52:00,11.3777,11.3777,11.3777,11.3777,200.0,NAD
2023-04-04 14:51:00,11.3777,11.3777,11.3777,11.3777,909.0,NAD
2023-04-04 14:50:00,11.3826,11.3826,11.3826,11.3826,400.0,NAD
2023-04-04 14:49:00,11.3827,11.3827,11.3777,11.3777,607.0,NAD
2023-04-04 14:48:00,11.3777,11.3827,11.3777,11.3787,904.0,NAD
2023-04-04 14:47:00,11.3827,11.3877,11.3827,11.3827,4237.0,NAD
2023-04-04 14:46:00,11.3827,11.3827,11.3827,11.3827,100.0,NAD
2023-04-04 14:42:00,11.3827,11.3827,11.3827,11.3827,143.0,NAD
2023-04-04 14:41:00,11.3877,11.3927,11.3827,11.3902,1962.0,NAD
2023-04-04 14:38:00,11.3915,11.3915,11.3915,11.3915,367.0,NAD
2023-04-04 14:37:00,11.3879,11.3927,11.3879,11.3927,3278.0,NAD
2023-04-04 14:36:00,11.3885,11.3927,11.3885,11.3927,500.0,NAD
2023-04-04 14:35:00,11.3927,11.4026,11.3827,11.3927,8103.0,NAD
2023-04-04 14:33:00,11.3977,11.3977,11.3977,11.3977,1355.0,NAD
2023-04-04 14:32:00,11.394,11.3977,11.3927,11.3927,1923.0,NAD
2023-04-04 14:25:00,11.3927,11.3977,11.3927,11.3977,5400.0,NAD
2023-04-04 14:24:00,11.3974,11.3974,11.3927,11.3927,600.0,NAD
2023-04-04 14:23:00,11.3927,11.3977,11.3927,11.3977,6725.0,NAD
2023-04-04 14:19:00,11.3927,11.3927,11.3927,11.3927,200.0,NAD
2023-04-04 14:17:00,11.3877,11.3927,11.3877,11.3927,1100.0,NAD
2023-04-04 14:15:00,11.3927,11.3927,11.3827,11.3877,2941.0,NAD
2023-04-04 14:14:00,11.3877,11.3877,11.3827,11.3827,1520.0,NAD
2023-04-04 14:13:00,11.3841,11.3841,11.3841,11.3841,300.0,NAD
2023-04-04 14:08:00,11.3841,11.3841,11.3841,11.3841,100.0,NAD
2023-04-04 14:06:00,11.3828,11.3927,11.3828,11.3927,10658.0,NAD
2023-04-04 14:03:00,11.3827,11.3877,11.3827,11.3827,1900.0,NAD
2023-04-04 14:02:00,11.3827,11.3877,11.3827,11.3877,1200.0,NAD
2023-04-04 14:00:00,11.3827,11.3827,11.3827,11.3827,200.0,NAD
2023-04-04 13:59:00,11.3827,11.3827,11.3827,11.3827,2100.0,NAD
2023-04-04 13:58:00,11.3827,11.3877,11.3827,11.3877,1801.0,NAD
2023-04-04 13:53:00,11.3875,11.3875,11.3831,11.3831,532.0,NAD
2023-04-04 13:49:00,11.384,11.384,11.3839,11.3839,300.0,NAD
2023-04-04 13:48:00,11.3913,11.3913,11.3827,11.3827,276.0,NAD
2023-04-04 13:46:00,11.3877,11.3877,11.3828,11.3828,300.0,NAD
2023-04-04 13:44:00,11.3777,11.3877,11.3777,11.3871,4594.0,NAD
2023-04-04 13:43:00,11.3777,11.3777,11.3777,11.3777,300.0,NAD
2023-04-04 13:42:00,11.3728,11.3777,11.3727,11.3727,2450.0,NAD
2023-04-04 13:40:00,11.3777,11.3777,11.3777,11.3777,600.0,NAD
2023-04-04 13:36:00,11.3827,11.3827,11.3807,11.3827,2000.0,NAD
2023-04-04 13:35:00,11.3777,11.3777,11.3777,11.3777,300.0,NAD
2023-04-04 13:32:00,11.3777,11.3827,11.3777,11.3827,601.0,NAD
2023-04-04 13:29:00,11.3816,11.3816,11.3816,11.3816,450.0,NAD
2023-04-04 13:24:00,11.3777,11.3777,11.3777,11.3777,993.0,NAD
2023-04-04 13:18:00,11.3827,11.3827,11.3827,11.3827,800.0,NAD
2023-04-04 13:17:00,11.3827,11.3827,11.3827,11.3827,101.0,NAD
2023-04-04 13:16:00,11.3817,11.3817,11.3817,11.3817,1050.0,NAD
2023-04-04 13:14:00,11.3777,11.3777,11.3777,11.3777,200.0,NAD
2023-04-04 13:13:00,11.3777,11.3814,11.3777,11.3814,200.0,NAD
2023-04-04 13:12:00,11.3777,11.3777,11.3777,11.3777,1100.0,NAD
2023-04-04 13:11:00,11.3815,11.3827,11.3815,11.3827,658.0,NAD
2023-04-04 13:09:00,11.3777,11.3777,11.3777,11.3777,125.0,NAD
2023-04-04 13:07:00,11.3777,11.3777,11.3777,11.3777,400.0,NAD
2023-04-04 13:03:00,11.3745,11.3745,11.3745,11.3745,503.0,NAD
2023-04-04 13:02:00,11.3818,11.3818,11.3818,11.3818,100.0,NAD
2023-04-04 13:01:00,11.3739,11.3739,11.3739,11.3739,1380.0,NAD
2023-04-04 13:00:00,11.3743,11.3743,11.3743,11.3743,178.0,NAD
2023-04-04 12:58:00,11.3727,11.3727,11.3727,11.3727,609.0,NAD
2023-04-04 12:57:00,11.3727,11.3727,11.3727,11.3727,400.0,NAD
2023-04-04 12:50:00,11.3741,11.3741,11.3727,11.3727,941.0,NAD
2023-04-04 12:43:00,11.3777,11.3777,11.3727,11.3727,800.0,NAD
2023-04-04 12:42:00,11.3804,11.3804,11.3804,11.3804,284.0,NAD
2023-04-04 12:41:00,11.3779,11.3779,11.3779,11.3779,200.0,NAD
2023-04-04 12:40:00,11.3727,11.3727,11.3727,11.3727,500.0,NAD
2023-04-04 12:39:00,11.3777,11.3784,11.3727,11.3777,1606.0,NAD
2023-04-04 12:38:00,11.374,11.374,11.374,11.374,400.0,NAD
2023-04-04 12:36:00,11.3777,11.3777,11.3777,11.3777,473.0,NAD
2023-04-04 12:35:00,11.3827,11.3827,11.3827,11.3827,2790.0,NAD
2023-04-04 12:34:00,11.3926,11.3926,11.3827,11.3827,200.0,NAD
2023-04-04 12:32:00,11.3877,11.3877,11.3827,11.3827,900.0,NAD
2023-04-04 12:31:00,11.3879,11.3879,11.3879,11.3879,300.0,NAD
2023-04-04 12:30:00,11.3965,11.3977,11.3927,11.3927,7363.0,NAD
2023-04-04 12:28:00,11.4217,11.4226,11.4026,11.4076,20033.0,NAD
2023-04-04 12:27:00,11.4176,11.4176,11.4176,11.4176,3611.0,NAD
2023-04-04 12:25:00,11.4176,11.4176,11.4126,11.4126,307.0,NAD
2023-04-04 12:24:00,11.4176,11.4176,11.4176,11.4176,1000.0,NAD
2023-04-04 12:23:00,11.4176,11.4176,11.4126,11.4126,300.0,NAD
2023-04-04 12:21:00,11.4221,11.4221,11.4221,11.4221,1502.0,NAD
2023-04-04 12:20:00,11.4176,11.4176,11.4176,11.4176,1823.0,NAD
2023-04-04 12:19:00,11.4226,11.4226,11.4226,11.4226,420.0,NAD
2023-04-04 12:16:00,11.4315,11.4315,11.4272,11.4272,4267.0,NAD
2023-04-04 12:13:00,11.4235,11.4235,11.4235,11.4235,105.0,NAD
2023-04-04 12:11:00,11.4226,11.4276,11.4226,11.4276,400.0,NAD
2023-04-04 12:09:00,11.4276,11.4276,11.4226,11.4276,600.0,NAD
2023-04-04 12:07:00,11.4276,11.4276,11.4226,11.4226,500.0,NAD
2023-04-04 12:06:00,11.4276,11.4276,11.4227,11.4227,1257.0,NAD
2023-04-04 12:04:00,11.4325,11.4325,11.4292,11.4292,4677.0,NAD
2023-04-04 12:03:00,11.4276,11.4325,11.4226,11.4276,4759.0,NAD
2023-04-04 11:59:00,11.4325,11.4325,11.4325,11.4325,4974.0,NAD
2023-04-04 11:54:00,11.4338,11.4413,11.4335,11.4337,2419.0,NAD
2023-04-04 11:53:00,11.4368,11.4368,11.4368,11.4368,1500.0,NAD
2023-04-04 11:52:00,11.4342,11.4375,11.4342,11.4375,2100.0,NAD
2023-04-04 11:49:00,11.4413,11.4413,11.4413,11.4413,437.0,NAD
2023-04-04 11:45:00,11.4425,11.4425,11.4375,11.4375,2363.0,NAD
2023-04-04 11:43:00,11.4425,11.4475,11.4375,11.4475,9300.0,NAD
2023-04-04 11:41:00,11.4335,11.4335,11.4335,11.4335,884.0,NAD
2023-04-04 11:40:00,11.4333,11.4375,11.4333,11.4375,2160.0,NAD
2023-04-04 11:36:00,11.4375,11.4375,11.4325,11.4325,348.0,NAD
2023-04-04 11:35:00,11.4325,11.4325,11.4325,11.4325,200.0,NAD
2023-04-04 11:34:00,11.4375,11.4375,11.4276,11.4375,10275.0,NAD
2023-04-04 11:33:00,11.4325,11.4375,11.4276,11.4325,15268.0,NAD
2023-04-04 11:32:00,11.4375,11.4375,11.4325,11.4325,1000.0,NAD
2023-04-04 11:31:00,11.4325,11.4325,11.4325,11.4325,308.0,NAD
2023-04-04 11:29:00,11.4325,11.4325,11.4325,11.4325,100.0,NAD
2023-04-04 11:27:00,11.4325,11.4325,11.4325,11.4325,316.0,NAD
2023-04-04 11:26:00,11.4325,11.4375,11.4325,11.4325,6745.0,NAD
2023-04-04 11:25:00,11.4375,11.4375,11.4375,11.4375,435.0,NAD
2023-04-04 11:22:00,11.4325,11.4375,11.4325,11.4375,2600.0,NAD
2023-04-04 11:18:00,11.4325,11.4325,11.4325,11.4325,400.0,NAD
2023-04-04 11:15:00,11.4375,11.4375,11.4375,11.4375,305.0,NAD
2023-04-04 11:13:00,11.4375,11.4375,11.4325,11.4325,501.0,NAD
2023-04-04 11:10:00,11.4325,11.4325,11.4325,11.4325,500.0,NAD
2023-04-04 11:07:00,11.4325,11.4375,11.4325,11.4375,3400.0,NAD
2023-04-04 11:02:00,11.4375,11.4375,11.4375,11.4375,100.0,NAD
2023-04-04 11:01:00,11.4375,11.4375,11.4325,11.4325,878.0,NAD
2023-04-04 11:00:00,11.4435,11.4475,11.4334,11.4334,9397.0,NAD
2023-04-04 10:59:00,11.4475,11.4475,11.4475,11.4475,200.0,NAD
2023-04-04 10:58:00,11.4435,11.4435,11.4435,11.4435,1306.0,NAD
2023-04-04 10:57:00,11.4425,11.4475,11.4425,11.4475,300.0,NAD
2023-04-04 10:55:00,11.4425,11.4475,11.4375,11.4475,6765.0,NAD
2023-04-04 10:54:00,11.4425,11.4425,11.4425,11.4425,1020.0,NAD
2023-04-04 10:53:00,11.4375,11.4425,11.4375,11.4375,5483.0,NAD
2023-04-04 10:52:00,11.4375,11.4405,11.4375,11.4375,1100.0,NAD
2023-04-04 10:50:00,11.4375,11.4375,11.4375,11.4375,1870.0,NAD
2023-04-04 10:46:00,11.4425,11.4425,11.4425,11.4425,102.0,NAD
2023-04-04 10:45:00,11.4325,11.4325,11.4325,11.4325,100.0,NAD
2023-04-04 10:42:00,11.4325,11.4325,11.4325,11.4325,232.0,NAD
2023-04-04 10:39:00,11.4328,11.4328,11.4328,11.4328,942.0,NAD
2023-04-04 10:37:00,11.4325,11.4375,11.4325,11.4375,2982.0,NAD
2023-04-04 10:36:00,11.4276,11.4276,11.4276,11.4276,406.0,NAD
2023-04-04 10:35:00,11.4325,11.4325,11.4276,11.4276,500.0,NAD
2023-04-04 10:34:00,11.4325,11.4325,11.4276,11.4276,400.0,NAD
2023-04-04 10:33:00,11.4325,11.4325,11.4325,11.4325,910.0,NAD
2023-04-04 10:30:00,11.4375,11.4425,11.4325,11.4325,1000.0,NAD
2023-04-04 10:29:00,11.4375,11.4425,11.4375,11.4425,2617.0,NAD
2023-04-04 10:25:00,11.4425,11.4425,11.4422,11.4422,1000.0,NAD
2023-04-04 10:24:00,11.4425,11.4475,11.4425,11.4475,1100.0,NAD
2023-04-04 10:23:00,11.4475,11.4475,11.4475,11.4475,100.0,NAD
2023-04-04 10:22:00,11.4575,11.4575,11.4426,11.4525,18950.0,NAD
2023-04-04 10:19:00,11.4525,11.4525,11.4525,11.4525,110.0,NAD
2023-04-04 10:18:00,11.4624,11.4624,11.4624,11.4624,1730.0,NAD
2023-04-04 10:06:00,11.4625,11.4625,11.4525,11.4625,300.0,NAD
2023-04-04 10:05:00,11.4525,11.4575,11.4525,11.4575,5748.0,NAD
2023-04-04 10:04:00,11.4425,11.4525,11.4425,11.4525,2322.0,NAD
2023-04-04 10:03:00,11.4475,11.4475,11.4425,11.4472,2937.0,NAD
2023-04-04 10:02:00,11.4425,11.4475,11.4425,11.4425,1061.0,NAD
2023-04-04 10:01:00,11.4226,11.4276,11.4223,11.4276,9923.0,NAD
2023-04-04 09:58:00,11.4226,11.4226,11.4226,11.4226,100.0,NAD
2023-04-04 09:55:00,11.4226,11.4226,11.4226,11.4226,160.0,NAD
2023-04-04 09:53:00,11.4226,11.4226,11.4226,11.4226,610.0,NAD
2023-04-04 09:52:00,11.4176,11.4176,11.4176,11.4176,925.0,NAD
2023-04-04 09:51:00,11.4126,11.4126,11.4076,11.4076,610.0,NAD
2023-04-04 09:50:00,11.4026,11.4026,11.4026,11.4026,3744.0,NAD
2023-04-04 09:49:00,11.3877,11.4126,11.3877,11.4026,16776.0,NAD
2023-04-04 09:48:00,11.3877,11.3927,11.3827,11.3827,2600.0,NAD
2023-04-04 09:47:00,11.3914,11.3927,11.3894,11.3894,2100.0,NAD
2023-04-04 09:46:00,11.4026,11.4026,11.3827,11.3927,2960.0,NAD
2023-04-04 09:45:00,11.4126,11.4126,11.4026,11.4026,1170.0,NAD
2023-04-04 09:44:00,11.4126,11.4126,11.4126,11.4126,3510.0,NAD
2023-04-04 09:42:00,11.4226,11.4226,11.4126,11.4126,27737.0,NAD
2023-04-04 09:41:00,11.4375,11.4375,11.4226,11.4226,4550.0,NAD
2023-04-04 09:40:00,11.4389,11.4389,11.4375,11.4375,300.0,NAD
2023-04-04 09:38:00,11.4417,11.4417,11.4337,11.4337,542.0,NAD
2023-04-04 09:37:00,11.447,11.4525,11.4432,11.4432,4160.0,NAD
2023-04-04 09:36:00,11.4475,11.4475,11.4475,11.4475,247.0,NAD
2023-04-04 09:33:00,11.4525,11.4525,11.4525,11.4525,223.0,NAD
2023-04-04 09:32:00,11.4525,11.4525,11.4525,11.4525,1272.0,NAD
2023-04-04 09:31:00,11.4425,11.4625,11.4425,11.4525,15837.0,NAD
2023-04-03 16:01:00,11.4425,11.4425,11.4425,11.4425,1000.0,NAD
2023-04-03 16:00:00,11.4176,11.4226,11.4126,11.4226,7927.0,NAD
2023-04-03 15:59:00,11.4139,11.4176,11.4139,11.4176,1966.0,NAD
2023-04-03 15:58:00,11.4176,11.4176,11.4176,11.4176,639.0,NAD
2023-04-03 15:56:00,11.4176,11.4176,11.4176,11.4176,346.0,NAD
2023-04-03 15:54:00,11.4226,11.4226,11.4176,11.4176,300.0,NAD
2023-04-03 15:53:00,11.4176,11.4226,11.4176,11.4176,4964.0,NAD
2023-04-03 15:52:00,11.4176,11.4176,11.4176,11.4176,154.0,NAD
2023-04-03 15:51:00,11.4226,11.4226,11.4226,11.4226,153.0,NAD
2023-04-03 15:50:00,11.4186,11.4186,11.4186,11.4186,150.0,NAD
2023-04-03 15:47:00,11.4127,11.4127,11.4127,11.4127,1031.0,NAD
2023-04-03 15:43:00,11.4176,11.4176,11.4176,11.4176,198.0,NAD
2023-04-03 15:41:00,11.4176,11.4176,11.4176,11.4176,466.0,NAD
2023-04-03 15:39:00,11.4176,11.4226,11.4176,11.4226,227.0,NAD
2023-04-03 15:37:00,11.4176,11.4176,11.4176,11.4176,7283.0,NAD
2023-04-03 15:36:00,11.4176,11.4176,11.4176,11.4176,400.0,NAD
2023-04-03 15:35:00,11.4124,11.4126,11.4124,11.4126,5537.0,NAD
2023-04-03 15:34:00,11.4125,11.4125,11.4125,11.4125,1000.0,NAD
2023-04-03 15:33:00,11.4126,11.4126,11.4126,11.4126,1500.0,NAD
2023-04-03 15:31:00,11.4126,11.4126,11.4126,11.4126,500.0,NAD
2023-04-03 15:27:00,11.4113,11.4113,11.4108,11.4108,750.0,NAD
2023-04-03 15:25:00,11.4126,11.4126,11.4042,11.4126,1555.0,NAD
2023-04-03 15:23:00,11.4126,11.4126,11.4076,11.4126,2464.0,NAD
2023-04-03 15:19:00,11.4026,11.4126,11.4026,11.4126,3252.0,NAD
2023-04-03 15:18:00,11.3998,11.4026,11.3977,11.3977,5915.0,NAD
2023-04-03 15:16:00,11.3977,11.3977,11.3977,11.3977,700.0,NAD
2023-04-03 15:15:00,11.3927,11.4025,11.3927,11.4025,400.0,NAD
2023-04-03 15:13:00,11.3914,11.4026,11.3877,11.3942,4743.0,NAD
2023-04-03 15:11:00,11.3936,11.3936,11.3877,11.3877,943.0,NAD
2023-04-03 15:10:00,11.3926,11.3927,11.3926,11.3927,4817.0,NAD
2023-04-03 15:08:00,11.3927,11.3927,11.3927,11.3927,612.0,NAD
2023-04-03 15:07:00,11.3877,11.3927,11.3827,11.3837,2000.0,NAD
2023-04-03 15:06:00,11.3927,11.3927,11.3927,11.3927,996.0,NAD
2023-04-03 15:04:00,11.3972,11.3972,11.3972,11.3972,260.0,NAD
2023-04-03 15:02:00,11.4076,11.4076,11.3927,11.3927,4399.0,NAD
2023-04-03 15:01:00,11.4076,11.4076,11.4026,11.4026,5123.0,NAD
2023-04-03 15:00:00,11.4026,11.4026,11.4026,11.4026,394.0,NAD
2023-04-03 14:58:00,11.4026,11.4026,11.4026,11.4026,932.0,NAD
2023-04-03 14:57:00,11.4026,11.4026,11.4026,11.4026,454.0,NAD
2023-04-03 14:56:00,11.4026,11.4026,11.4026,11.4026,422.0,NAD
2023-04-03 14:55:00,11.4226,11.4276,11.4026,11.4026,2508.0,NAD
2023-04-03 14:54:00,11.4226,11.4233,11.4226,11.4233,1557.0,NAD
2023-04-03 14:52:00,11.4226,11.4276,11.4226,11.4276,210.0,NAD
2023-04-03 14:51:00,11.4226,11.4226,11.4226,11.4226,268.0,NAD
2023-04-03 14:50:00,11.4226,11.4226,11.4226,11.4226,232.0,NAD
2023-04-03 14:49:00,11.4226,11.4226,11.4226,11.4226,427.0,NAD
2023-04-03 14:47:00,11.4226,11.4226,11.4226,11.4226,544.0,NAD
2023-04-03 14:46:00,11.4276,11.4276,11.4226,11.4226,511.0,NAD
2023-04-03 14:45:00,11.4276,11.4276,11.4276,11.4276,150.0,NAD
2023-04-03 14:42:00,11.4226,11.4226,11.4226,11.4226,118.0,NAD
2023-04-03 14:40:00,11.4276,11.4276,11.4226,11.4226,216.0,NAD
2023-04-03 14:39:00,11.4276,11.4276,11.4226,11.4226,444.0,NAD
2023-04-03 14:37:00,11.4226,11.4226,11.4226,11.4226,209.0,NAD
2023-04-03 14:36:00,11.4276,11.4276,11.4226,11.4276,1482.0,NAD
2023-04-03 14:34:00,11.4226,11.4276,11.4226,11.4276,910.0,NAD
2023-04-03 14:33:00,11.4226,11.4226,11.4226,11.4226,1108.0,NAD
2023-04-03 14:32:00,11.4276,11.4276,11.4226,11.4259,1095.0,NAD
2023-04-03 14:31:00,11.4307,11.4325,11.4276,11.4276,4651.0,NAD
2023-04-03 14:29:00,11.4276,11.4276,11.4276,11.4276,235.0,NAD
2023-04-03 14:28:00,11.4226,11.4226,11.4226,11.4226,200.0,NAD
2023-04-03 14:27:00,11.4276,11.4276,11.4276,11.4276,100.0,NAD
2023-04-03 14:26:00,11.4276,11.4276,11.4276,11.4276,100.0,NAD
2023-04-03 14:24:00,11.4226,11.4276,11.4226,11.4226,2377.0,NAD
2023-04-03 14:22:00,11.4276,11.4276,11.4226,11.4226,6970.0,NAD
2023-04-03 14:18:00,11.4227,11.4227,11.4227,11.4227,826.0,NAD
2023-04-03 14:11:00,11.4325,11.4325,11.4303,11.4303,220.0,NAD
2023-04-03 14:07:00,11.4226,11.4325,11.4226,11.4325,5845.0,NAD
2023-04-03 14:04:00,11.4226,11.4226,11.4226,11.4226,1050.0,NAD
2023-04-03 14:02:00,11.4276,11.4276,11.4226,11.4276,903.0,NAD
2023-04-03 14:01:00,11.4288,11.4288,11.4288,11.4288,1605.0,NAD
2023-04-03 14:00:00,11.4226,11.4226,11.4226,11.4226,2370.0,NAD
2023-04-03 13:58:00,11.4276,11.4276,11.4276,11.4276,134.0,NAD
2023-04-03 13:57:00,11.4226,11.4226,11.4226,11.4226,5069.0,NAD
2023-04-03 13:53:00,11.4226,11.4226,11.4226,11.4226,1167.0,NAD
2023-04-03 13:51:00,11.4226,11.4226,11.4226,11.4226,23112.0,NAD
2023-04-03 13:49:00,11.4226,11.4226,11.4226,11.4226,313.0,NAD
2023-04-03 13:48:00,11.4226,11.4276,11.4226,11.4276,4200.0,NAD
2023-04-03 13:47:00,11.4375,11.4375,11.4325,11.4325,5865.0,NAD
2023-04-03 13:46:00,11.4475,11.4475,11.4375,11.4375,5584.0,NAD
2023-04-03 13:45:00,11.4525,11.4525,11.4525,11.4525,300.0,NAD
2023-04-03 13:44:00,11.4512,11.4512,11.4512,11.4512,288.0,NAD
2023-04-03 13:43:00,11.4475,11.4525,11.4475,11.4525,4673.0,NAD
2023-04-03 13:41:00,11.4475,11.4525,11.4475,11.4522,3253.0,NAD
2023-04-03 13:37:00,11.4425,11.4425,11.4425,11.4425,200.0,NAD
2023-04-03 13:36:00,11.4525,11.4525,11.4525,11.4525,1300.0,NAD
2023-04-03 13:34:00,11.445,11.4475,11.4425,11.4475,300.0,NAD
2023-04-03 13:33:00,11.4525,11.4525,11.4525,11.4525,1294.0,NAD
2023-04-03 13:32:00,11.4575,11.4575,11.4525,11.4526,5161.0,NAD
2023-04-03 13:30:00,11.4619,11.4619,11.4525,11.4575,3275.0,NAD
2023-04-03 13:28:00,11.4575,11.4575,11.4575,11.4575,100.0,NAD
2023-04-03 13:23:00,11.4525,11.4575,11.4525,11.4575,3528.0,NAD
2023-04-03 13:20:00,11.4425,11.4625,11.4425,11.4625,4555.0,NAD
2023-04-03 13:19:00,11.4475,11.4525,11.4425,11.4425,1200.0,NAD
2023-04-03 13:10:00,11.4425,11.4524,11.4425,11.4524,3300.0,NAD
2023-04-03 13:09:00,11.4475,11.4475,11.4475,11.4475,115.0,NAD
2023-04-03 13:08:00,11.4435,11.4435,11.4435,11.4435,870.0,NAD
2023-04-03 13:07:00,11.4425,11.4475,11.4425,11.4475,300.0,NAD
2023-04-03 13:05:00,11.4475,11.4475,11.4475,11.4475,100.0,NAD
2023-04-03 13:04:00,11.4475,11.4475,11.4425,11.4425,300.0,NAD
2023-04-03 13:01:00,11.4425,11.4425,11.4425,11.4425,216.0,NAD
2023-04-03 12:59:00,11.4425,11.4524,11.4425,11.4524,463.0,NAD
2023-04-03 12:58:00,11.4425,11.4475,11.4425,11.4475,357.0,NAD
2023-04-03 12:57:00,11.4525,11.4525,11.4488,11.4488,6926.0,NAD
2023-04-03 12:55:00,11.4535,11.4535,11.4525,11.4525,3305.0,NAD
2023-04-03 12:54:00,11.4525,11.4525,11.4525,11.4525,256.0,NAD
2023-04-03 12:53:00,11.4575,11.4575,11.4566,11.4575,433.0,NAD
2023-04-03 12:47:00,11.4525,11.4615,11.4525,11.4615,4773.0,NAD
2023-04-03 12:44:00,11.4575,11.4575,11.4575,11.4575,207.0,NAD
2023-04-03 12:38:00,11.4554,11.4554,11.4554,11.4554,324.0,NAD
2023-04-03 12:36:00,11.4624,11.4624,11.4624,11.4624,100.0,NAD
2023-04-03 12:35:00,11.4525,11.4525,11.4525,11.4525,805.0,NAD
2023-04-03 12:27:00,11.4525,11.4525,11.4525,11.4525,700.0,NAD
2023-04-03 12:26:00,11.4575,11.4575,11.4575,11.4575,100.0,NAD
2023-04-03 12:25:00,11.4575,11.4575,11.4525,11.4525,3385.0,NAD
2023-04-03 12:23:00,11.4534,11.4534,11.4525,11.4525,2484.0,NAD
2023-04-03 12:20:00,11.4525,11.4575,11.4525,11.4575,350.0,NAD
2023-04-03 12:19:00,11.4626,11.4626,11.4625,11.4625,2411.0,NAD
2023-04-03 12:16:00,11.4674,11.4674,11.4625,11.4625,3040.0,NAD
2023-04-03 12:13:00,11.4674,11.4674,11.4674,11.4674,200.0,NAD
2023-04-03 12:12:00,11.4625,11.4625,11.4625,11.4625,180.0,NAD
2023-04-03 12:07:00,11.4674,11.4674,11.4674,11.4674,100.0,NAD
2023-04-03 12:06:00,11.4625,11.4714,11.4625,11.4714,999.0,NAD
2023-04-03 12:05:00,11.4625,11.4713,11.4625,11.4625,2484.0,NAD
2023-04-03 12:01:00,11.4674,11.4674,11.4625,11.4625,207.0,NAD
2023-04-03 12:00:00,11.4625,11.4625,11.4625,11.4625,812.0,NAD
2023-04-03 11:58:00,11.4661,11.4661,11.4661,11.4661,727.0,NAD
2023-04-03 11:57:00,11.4674,11.4674,11.4674,11.4674,314.0,NAD
2023-04-03 11:56:00,11.4674,11.4674,11.4625,11.4625,489.0,NAD
2023-04-03 11:53:00,11.4653,11.4653,11.4625,11.4625,1676.0,NAD
2023-04-03 11:52:00,11.4674,11.4674,11.4674,11.4674,138.0,NAD
2023-04-03 11:50:00,11.4674,11.4674,11.4625,11.4625,1422.0,NAD
2023-04-03 11:49:00,11.4625,11.4625,11.4625,11.4625,414.0,NAD
2023-04-03 11:48:00,11.4711,11.4711,11.4674,11.4674,3138.0,NAD
2023-04-03 11:47:00,11.4625,11.4674,11.4575,11.4625,7783.0,NAD
2023-04-03 11:46:00,11.457,11.4575,11.457,11.4575,1375.0,NAD
2023-04-03 11:45:00,11.4625,11.4625,11.4625,11.4625,1065.0,NAD
2023-04-03 11:42:00,11.4705,11.4705,11.4625,11.4674,2200.0,NAD
2023-04-03 11:40:00,11.4674,11.4674,11.4674,11.4674,982.0,NAD
2023-04-03 11:37:00,11.4625,11.4625,11.4625,11.4625,100.0,NAD
2023-04-03 11:35:00,11.4625,11.4723,11.4625,11.4723,550.0,NAD
2023-04-03 11:34:00,11.4625,11.4625,11.4625,11.4625,549.0,NAD
2023-04-03 11:32:00,11.4625,11.4625,11.4625,11.4625,100.0,NAD
2023-04-03 11:31:00,11.4626,11.4674,11.4626,11.4674,600.0,NAD
2023-04-03 11:30:00,11.4631,11.4674,11.4625,11.4625,800.0,NAD
2023-04-03 11:28:00,11.4674,11.4674,11.4674,11.4674,200.0,NAD
2023-04-03 11:27:00,11.4705,11.4705,11.4705,11.4705,715.0,NAD
2023-04-03 11:24:00,11.4674,11.4674,11.4674,11.4674,100.0,NAD
2023-04-03 11:23:00,11.4626,11.4626,11.4626,11.4626,666.0,NAD
2023-04-03 11:22:00,11.4657,11.4657,11.4657,11.4657,1886.0,NAD
2023-04-03 11:20:00,11.4674,11.4719,11.4674,11.4719,313.0,NAD
2023-04-03 11:19:00,11.4674,11.4674,11.4625,11.4625,3369.0,NAD
2023-04-03 11:18:00,11.4674,11.4674,11.4625,11.4625,301.0,NAD
2023-04-03 11:16:00,11.4674,11.4674,11.4674,11.4674,200.0,NAD
2023-04-03 11:15:00,11.4674,11.4674,11.4674,11.4674,300.0,NAD
2023-04-03 11:14:00,11.4674,11.4674,11.4674,11.4674,101.0,NAD
2023-04-03 11:13:00,11.4674,11.4674,11.4674,11.4674,200.0,NAD
2023-04-03 11:12:00,11.4674,11.4674,11.4674,11.4674,100.0,NAD
2023-04-03 11:11:00,11.4625,11.4724,11.4625,11.4724,6123.0,NAD
2023-04-03 11:10:00,11.4591,11.4591,11.4575,11.4575,4150.0,NAD
2023-04-03 11:09:00,11.4575,11.4575,11.4575,11.4575,100.0,NAD
2023-04-03 11:08:00,11.4575,11.4575,11.4575,11.4575,100.0,NAD
2023-04-03 11:06:00,11.4575,11.4575,11.4525,11.4525,200.0,NAD
2023-04-03 11:05:00,11.4625,11.4625,11.4625,11.4625,2000.0,NAD
2023-04-03 11:04:00,11.4625,11.4625,11.4625,11.4625,2950.0,NAD
2023-04-03 11:03:00,11.4674,11.4674,11.4625,11.4625,5000.0,NAD
2023-04-03 11:02:00,11.4674,11.4674,11.4625,11.4625,800.0,NAD
2023-04-03 11:00:00,11.4674,11.4674,11.4625,11.4674,1360.0,NAD
2023-04-03 10:57:00,11.4774,11.4774,11.4724,11.4724,4437.0,NAD
2023-04-03 10:55:00,11.4844,11.4924,11.4774,11.4774,16053.0,NAD
2023-04-03 10:54:00,11.4924,11.4924,11.4924,11.4924,177.0,NAD
2023-04-03 10:53:00,11.4922,11.4924,11.4922,11.4924,317.0,NAD
2023-04-03 10:52:00,11.4924,11.4924,11.4924,11.4924,200.0,NAD
2023-04-03 10:49:00,11.4924,11.4924,11.4924,11.4924,400.0,NAD
2023-04-03 10:48:00,11.4825,11.4924,11.4824,11.4924,2000.0,NAD
2023-04-03 10:47:00,11.4908,11.4924,11.4874,11.4924,7055.0,NAD
2023-04-03 10:44:00,11.4924,11.4924,11.4874,11.4874,2073.0,NAD
2023-04-03 10:42:00,11.5022,11.5022,11.4924,11.4924,4001.0,NAD
2023-04-03 10:40:00,11.4973,11.4973,11.4924,11.4924,1018.0,NAD
2023-04-03 10:39:00,11.4973,11.4973,11.4924,11.4924,962.0,NAD
2023-04-03 10:38:00,11.4973,11.4973,11.4924,11.4973,1212.0,NAD
2023-04-03 10:37:00,11.4973,11.4973,11.4973,11.4973,300.0,NAD
2023-04-03 10:36:00,11.4925,11.4925,11.4925,11.4925,170.0,NAD
2023-04-03 10:35:00,11.4924,11.4924,11.4924,11.4924,948.0,NAD
2023-04-03 10:34:00,11.5173,11.5173,11.4924,11.4973,40135.0,NAD
2023-04-03 10:33:00,11.521,11.521,11.521,11.521,154.0,NAD
2023-04-03 10:32:00,11.5173,11.5183,11.5173,11.5183,795.0,NAD
2023-04-03 10:31:00,11.5272,11.5272,11.5173,11.5173,3227.0,NAD
2023-04-03 10:30:00,11.5223,11.5223,11.5223,11.5223,1080.0,NAD
2023-04-03 10:28:00,11.5272,11.5272,11.5272,11.5272,211.0,NAD
2023-04-03 10:27:00,11.5272,11.5272,11.5223,11.5223,1500.0,NAD
2023-04-03 10:26:00,11.5272,11.5272,11.5272,11.5272,438.0,NAD
2023-04-03 10:24:00,11.5223,11.5272,11.5223,11.5272,2098.0,NAD
2023-04-03 10:23:00,11.5272,11.5272,11.5272,11.5272,258.0,NAD
2023-04-03 10:22:00,11.5272,11.5272,11.5223,11.5223,645.0,NAD
2023-04-03 10:20:00,11.5322,11.5322,11.5274,11.5322,2483.0,NAD
2023-04-03 10:18:00,11.5322,11.5322,11.5272,11.5272,1700.0,NAD
2023-04-03 10:16:00,11.536,11.5372,11.5322,11.5322,1115.0,NAD
2023-04-03 10:15:00,11.5322,11.5322,11.5322,11.5322,500.0,NAD
2023-04-03 10:14:00,11.5322,11.5322,11.5322,11.5322,311.0,NAD
2023-04-03 10:13:00,11.5372,11.5372,11.5322,11.5322,500.0,NAD
2023-04-03 10:12:00,11.5422,11.5422,11.5372,11.5372,2436.0,NAD
2023-04-03 10:10:00,11.5472,11.5472,11.5472,11.5472,100.0,NAD
2023-04-03 10:09:00,11.5522,11.5522,11.5422,11.5422,9029.0,NAD
2023-04-03 10:08:00,11.5621,11.5621,11.5522,11.5537,3399.0,NAD
2023-04-03 10:07:00,11.5663,11.5663,11.5663,11.5663,1000.0,NAD
2023-04-03 10:06:00,11.5621,11.5671,11.5621,11.5671,861.0,NAD
2023-04-03 10:05:00,11.5621,11.5671,11.5621,11.5671,400.0,NAD
2023-04-03 10:02:00,11.5621,11.5682,11.5621,11.5682,7531.0,NAD
2023-04-03 10:01:00,11.5422,11.5621,11.5422,11.5621,1500.0,NAD
2023-04-03 10:00:00,11.5372,11.5372,11.5322,11.5322,200.0,NAD
2023-04-03 09:58:00,11.5322,11.5372,11.5322,11.5372,1579.0,NAD
2023-04-03 09:56:00,11.5372,11.5372,11.5372,11.5372,1000.0,NAD
2023-04-03 09:55:00,11.5422,11.5422,11.5372,11.5372,300.0,NAD
2023-04-03 09:54:00,11.5422,11.5422,11.5422,11.5422,428.0,NAD
2023-04-03 09:53:00,11.5422,11.5422,11.5422,11.5422,100.0,NAD
2023-04-03 09:52:00,11.5422,11.5422,11.5421,11.5421,600.0,NAD
2023-04-03 09:51:00,11.5321,11.5322,11.5321,11.5322,2160.0,NAD
2023-04-03 09:49:00,11.5223,11.5272,11.5223,11.5272,240.0,NAD
2023-04-03 09:48:00,11.5223,11.5223,11.5223,11.5223,500.0,NAD
2023-04-03 09:47:00,11.5223,11.5223,11.5223,11.5223,2010.0,NAD
2023-04-03 09:46:00,11.5173,11.5173,11.5173,11.5173,394.0,NAD
2023-04-03 09:45:00,11.5146,11.5223,11.5146,11.5223,3400.0,NAD
2023-04-03 09:44:00,11.5123,11.5173,11.5123,11.5173,550.0,NAD
2023-04-03 09:43:00,11.5143,11.5143,11.5143,11.5143,100.0,NAD
2023-04-03 09:41:00,11.5173,11.5173,11.5123,11.5123,300.0,NAD
2023-04-03 09:40:00,11.5322,11.5322,11.5223,11.5223,2130.0,NAD
2023-04-03 09:39:00,11.5314,11.5314,11.5314,11.5314,1000.0,NAD
2023-04-03 09:38:00,11.5272,11.5272,11.5223,11.5223,800.0,NAD
2023-04-03 09:36:00,11.5264,11.5322,11.5264,11.5322,1430.0,NAD
2023-04-03 09:34:00,11.5516,11.5516,11.5223,11.5322,7401.0,NAD
2023-04-03 09:33:00,11.5231,11.5322,11.5223,11.5322,6083.0,NAD
2023-04-03 09:32:00,11.5023,11.5322,11.4973,11.5322,4593.0,NAD
2023-04-03 09:31:00,11.4724,11.4967,11.4724,11.4967,34284.0,NAD
