date,1. open,2. high,3. low,4. close,5. volume,Ticker
2023-03-17 16:16:00,2.97,2.97,2.97,2.97,2000.0,NRO
2023-03-17 16:00:00,2.975,2.975,2.975,2.975,467.0,NRO
2023-03-17 15:59:00,2.975,2.9798,2.975,2.975,3750.0,NRO
2023-03-17 15:58:00,2.9799,2.9799,2.97,2.97,535.0,NRO
2023-03-17 15:56:00,2.975,2.975,2.975,2.975,251.0,NRO
2023-03-17 15:55:00,2.9735,2.9735,2.97,2.97,300.0,NRO
2023-03-17 15:47:00,2.98,2.98,2.98,2.98,2427.0,NRO
2023-03-17 15:43:00,2.98,2.98,2.98,2.98,800.0,NRO
2023-03-17 15:27:00,2.9848,2.9848,2.9848,2.9848,125.0,NRO
2023-03-17 15:18:00,2.99,2.99,2.99,2.99,100.0,NRO
2023-03-17 15:07:00,2.98,2.98,2.98,2.98,289.0,NRO
2023-03-17 15:05:00,2.98,2.98,2.98,2.98,8118.0,NRO
2023-03-17 15:00:00,2.98,2.98,2.97,2.97,6711.0,NRO
2023-03-17 14:56:00,2.97,2.97,2.97,2.97,300.0,NRO
2023-03-17 14:55:00,2.97,2.97,2.97,2.97,222.0,NRO
2023-03-17 14:54:00,2.9649,2.9649,2.9649,2.9649,306.0,NRO
2023-03-17 14:50:00,2.9699,2.9699,2.9699,2.9699,516.0,NRO
2023-03-17 14:42:00,2.9691,2.9691,2.9691,2.9691,250.0,NRO
2023-03-17 14:40:00,2.9685,2.9685,2.9685,2.9685,100.0,NRO
2023-03-17 14:34:00,2.97,2.97,2.97,2.97,400.0,NRO
2023-03-17 14:33:00,2.97,2.97,2.9692,2.9692,673.0,NRO
2023-03-17 14:32:00,2.97,2.9701,2.97,2.9701,2538.0,NRO
2023-03-17 14:27:00,2.9782,2.9782,2.9782,2.9782,192.0,NRO
2023-03-17 14:25:00,2.98,2.98,2.98,2.98,500.0,NRO
2023-03-17 14:23:00,2.975,2.975,2.975,2.975,100.0,NRO
2023-03-17 14:17:00,2.98,2.98,2.98,2.98,900.0,NRO
2023-03-17 14:16:00,2.985,2.985,2.98,2.98,500.0,NRO
2023-03-17 14:14:00,2.98,2.98,2.9777,2.98,1387.0,NRO
2023-03-17 14:13:00,2.975,2.98,2.975,2.98,2018.0,NRO
2023-03-17 14:12:00,2.98,2.98,2.98,2.98,2176.0,NRO
2023-03-17 14:11:00,2.98,2.98,2.98,2.98,2224.0,NRO
2023-03-17 14:10:00,2.98,2.98,2.98,2.98,1500.0,NRO
2023-03-17 14:09:00,2.98,2.98,2.98,2.98,2873.0,NRO
2023-03-17 14:05:00,2.9899,2.9899,2.9899,2.9899,100.0,NRO
2023-03-17 13:58:00,2.9874,2.9874,2.9874,2.9874,503.0,NRO
2023-03-17 13:38:00,2.985,2.985,2.985,2.985,100.0,NRO
2023-03-17 13:37:00,2.98,2.98,2.98,2.98,1400.0,NRO
2023-03-17 13:36:00,2.98,2.98,2.98,2.98,327.0,NRO
2023-03-17 13:34:00,2.98,2.98,2.98,2.98,1700.0,NRO
2023-03-17 13:31:00,2.9743,2.9743,2.9743,2.9743,3000.0,NRO
2023-03-17 13:29:00,2.9799,2.9799,2.9799,2.9799,165.0,NRO
2023-03-17 13:28:00,2.98,2.98,2.98,2.98,100.0,NRO
2023-03-17 13:26:00,2.975,2.975,2.9701,2.9701,1300.0,NRO
2023-03-17 13:25:00,2.98,2.98,2.98,2.98,100.0,NRO
2023-03-17 13:23:00,2.98,2.98,2.98,2.98,427.0,NRO
2023-03-17 13:15:00,2.975,2.975,2.975,2.975,335.0,NRO
2023-03-17 13:04:00,2.98,2.98,2.98,2.98,1108.0,NRO
2023-03-17 12:57:00,2.98,2.9899,2.98,2.9899,701.0,NRO
2023-03-17 12:55:00,2.99,2.99,2.98,2.98,5484.0,NRO
2023-03-17 12:42:00,2.99,2.99,2.99,2.99,300.0,NRO
2023-03-17 12:40:00,2.9984,2.9984,2.9984,2.9984,100.0,NRO
2023-03-17 12:38:00,2.9999,3.0,2.9999,3.0,330.0,NRO
2023-03-17 12:36:00,3.0,3.0,3.0,3.0,200.0,NRO
2023-03-17 12:18:00,2.995,3.0,2.995,3.0,1600.0,NRO
2023-03-17 12:16:00,2.9991,3.0,2.995,3.0,3200.0,NRO
2023-03-17 12:11:00,2.997,2.997,2.993,2.993,5000.0,NRO
2023-03-17 12:08:00,2.9961,3.0,2.9961,3.0,600.0,NRO
2023-03-17 11:55:00,2.9986,2.9986,2.9986,2.9986,516.0,NRO
2023-03-17 11:47:00,2.995,2.995,2.995,2.995,201.0,NRO
2023-03-17 11:34:00,2.995,2.995,2.995,2.995,127.0,NRO
2023-03-17 11:17:00,3.0,3.0,3.0,3.0,600.0,NRO
2023-03-17 11:14:00,2.99,2.99,2.99,2.99,300.0,NRO
2023-03-17 11:13:00,2.9999,2.9999,2.9999,2.9999,7000.0,NRO
2023-03-17 11:12:00,2.9904,2.9904,2.9904,2.9904,700.0,NRO
2023-03-17 11:11:00,2.9969,2.9969,2.9969,2.9969,2031.0,NRO
2023-03-17 11:01:00,2.99,2.99,2.99,2.99,1261.0,NRO
2023-03-17 10:48:00,2.99,2.99,2.99,2.99,100.0,NRO
2023-03-17 10:46:00,2.99,2.99,2.99,2.99,410.0,NRO
2023-03-17 10:45:00,2.99,2.99,2.99,2.99,400.0,NRO
2023-03-17 10:43:00,3.0,3.0,2.99,2.99,10776.0,NRO
2023-03-17 10:42:00,2.9799,3.0,2.975,2.9999,45200.0,NRO
2023-03-17 10:41:00,2.98,2.98,2.98,2.98,100.0,NRO
2023-03-17 10:34:00,2.9884,2.9884,2.9884,2.9884,103.0,NRO
2023-03-17 10:32:00,2.98,2.98,2.98,2.98,877.0,NRO
2023-03-17 10:30:00,2.9799,2.9799,2.9799,2.9799,250.0,NRO
2023-03-17 10:25:00,2.9888,2.9888,2.9888,2.9888,1191.0,NRO
2023-03-17 10:24:00,2.99,2.99,2.985,2.985,4006.0,NRO
2023-03-17 10:22:00,3.0,3.0,2.9933,2.995,651.0,NRO
2023-03-17 10:20:00,2.9983,2.9983,2.9983,2.9983,113.0,NRO
2023-03-17 10:19:00,2.9963,2.9963,2.9963,2.9963,500.0,NRO
2023-03-17 10:17:00,2.9968,2.9968,2.9968,2.9968,510.0,NRO
2023-03-17 10:15:00,3.0,3.0,3.0,3.0,1385.0,NRO
2023-03-17 10:13:00,3.005,3.005,3.005,3.005,100.0,NRO
2023-03-17 10:12:00,3.005,3.005,3.005,3.005,167.0,NRO
2023-03-17 10:11:00,3.0013,3.0013,3.0013,3.0013,540.0,NRO
2023-03-17 10:10:00,3.01,3.01,3.005,3.005,237.0,NRO
2023-03-17 10:08:00,3.02,3.02,3.015,3.015,200.0,NRO
2023-03-17 10:06:00,3.02,3.02,3.02,3.02,200.0,NRO
2023-03-17 10:01:00,3.015,3.015,3.015,3.015,222.0,NRO
2023-03-17 10:00:00,3.0092,3.0092,3.0092,3.0092,2020.0,NRO
2023-03-17 09:56:00,3.0148,3.0148,3.005,3.005,2372.0,NRO
2023-03-17 09:50:00,3.015,3.015,3.015,3.015,130.0,NRO
2023-03-17 09:47:00,3.0293,3.0293,3.02,3.02,2100.0,NRO
2023-03-17 09:42:00,3.0201,3.0201,3.0201,3.0201,1529.0,NRO
2023-03-17 09:41:00,3.0288,3.03,3.0288,3.03,1504.0,NRO
2023-03-17 09:40:00,3.025,3.025,3.025,3.025,100.0,NRO
2023-03-17 09:39:00,3.04,3.04,3.025,3.025,319.0,NRO
2023-03-17 09:38:00,3.045,3.045,3.03,3.04,1501.0,NRO
2023-03-17 09:35:00,3.05,3.06,3.03,3.03,3877.0,NRO
2023-03-17 09:34:00,3.06,3.06,3.06,3.06,300.0,NRO
2023-03-17 09:33:00,3.06,3.06,3.06,3.06,100.0,NRO
2023-03-17 09:32:00,3.05,3.05,3.04,3.04,366.0,NRO
2023-03-17 09:31:00,3.07,3.07,3.07,3.07,10085.0,NRO
2023-03-16 16:00:00,3.055,3.055,3.05,3.05,1016.0,NRO
2023-03-16 15:59:00,3.055,3.06,3.055,3.06,1601.0,NRO
2023-03-16 15:57:00,3.055,3.055,3.055,3.055,582.0,NRO
2023-03-16 15:56:00,3.06,3.06,3.055,3.06,1200.0,NRO
2023-03-16 15:54:00,3.0692,3.0692,3.065,3.0653,4139.0,NRO
2023-03-16 15:38:00,3.065,3.065,3.065,3.065,200.0,NRO
2023-03-16 15:37:00,3.065,3.065,3.065,3.065,200.0,NRO
2023-03-16 15:36:00,3.06,3.065,3.0501,3.065,14300.0,NRO
2023-03-16 15:33:00,3.066,3.066,3.066,3.066,1000.0,NRO
2023-03-16 15:22:00,3.06,3.06,3.06,3.06,4505.0,NRO
2023-03-16 15:21:00,3.06,3.065,3.06,3.065,5442.0,NRO
2023-03-16 15:06:00,3.04,3.05,3.04,3.05,1742.0,NRO
2023-03-16 15:05:00,3.0486,3.0486,3.0486,3.0486,1000.0,NRO
2023-03-16 15:01:00,3.045,3.05,3.045,3.05,4604.0,NRO
2023-03-16 15:00:00,3.05,3.05,3.045,3.05,1401.0,NRO
2023-03-16 14:53:00,3.04,3.04,3.04,3.04,800.0,NRO
2023-03-16 14:47:00,3.0482,3.05,3.0482,3.05,400.0,NRO
2023-03-16 14:43:00,3.04,3.04,3.04,3.04,100.0,NRO
2023-03-16 14:42:00,3.04,3.045,3.035,3.045,964.0,NRO
2023-03-16 14:41:00,3.04,3.04,3.04,3.04,165.0,NRO
2023-03-16 14:39:00,3.03,3.03,3.03,3.03,200.0,NRO
2023-03-16 14:36:00,3.04,3.04,3.04,3.04,488.0,NRO
2023-03-16 14:29:00,3.05,3.05,3.05,3.05,239.0,NRO
2023-03-16 14:27:00,3.06,3.06,3.06,3.06,6643.0,NRO
2023-03-16 14:22:00,3.055,3.055,3.055,3.055,100.0,NRO
2023-03-16 14:17:00,3.055,3.055,3.055,3.055,300.0,NRO
2023-03-16 14:16:00,3.055,3.055,3.053,3.053,518.0,NRO
2023-03-16 14:15:00,3.055,3.055,3.05,3.055,2800.0,NRO
2023-03-16 14:14:00,3.055,3.055,3.05,3.055,2500.0,NRO
2023-03-16 14:11:00,3.055,3.055,3.055,3.055,200.0,NRO
2023-03-16 14:07:00,3.055,3.055,3.055,3.055,2739.0,NRO
2023-03-16 13:49:00,3.055,3.055,3.055,3.055,104.0,NRO
2023-03-16 13:43:00,3.055,3.055,3.055,3.055,300.0,NRO
2023-03-16 13:39:00,3.06,3.06,3.055,3.055,2333.0,NRO
2023-03-16 13:29:00,3.07,3.07,3.07,3.07,1201.0,NRO
2023-03-16 13:27:00,3.07,3.07,3.07,3.07,699.0,NRO
2023-03-16 13:26:00,3.0661,3.0661,3.0661,3.0661,1600.0,NRO
2023-03-16 13:24:00,3.07,3.07,3.07,3.07,1000.0,NRO
2023-03-16 13:22:00,3.06,3.06,3.06,3.06,1749.0,NRO
2023-03-16 13:20:00,3.06,3.06,3.055,3.055,900.0,NRO
2023-03-16 13:17:00,3.06,3.0606,3.06,3.06,6100.0,NRO
2023-03-16 13:16:00,3.075,3.075,3.07,3.07,3458.0,NRO
2023-03-16 13:15:00,3.0773,3.0773,3.0773,3.0773,1000.0,NRO
2023-03-16 13:12:00,3.08,3.08,3.08,3.08,400.0,NRO
2023-03-16 13:10:00,3.08,3.08,3.08,3.08,100.0,NRO
2023-03-16 13:09:00,3.08,3.0847,3.08,3.0847,600.0,NRO
2023-03-16 13:08:00,3.08,3.08,3.08,3.08,600.0,NRO
2023-03-16 13:06:00,3.07,3.07,3.07,3.07,5099.0,NRO
2023-03-16 13:05:00,3.06,3.07,3.06,3.07,2851.0,NRO
2023-03-16 13:02:00,3.0688,3.0688,3.0688,3.0688,1000.0,NRO
2023-03-16 13:01:00,3.06,3.06,3.06,3.06,2912.0,NRO
2023-03-16 12:59:00,3.055,3.06,3.055,3.06,1100.0,NRO
2023-03-16 12:58:00,3.055,3.06,3.055,3.06,4889.0,NRO
2023-03-16 12:57:00,3.06,3.06,3.06,3.06,500.0,NRO
2023-03-16 12:54:00,3.06,3.06,3.06,3.06,500.0,NRO
2023-03-16 12:53:00,3.0588,3.0588,3.0588,3.0588,1000.0,NRO
2023-03-16 12:52:00,3.05,3.055,3.05,3.055,677.0,NRO
2023-03-16 12:50:00,3.045,3.045,3.045,3.045,200.0,NRO
2023-03-16 12:49:00,3.045,3.045,3.045,3.045,100.0,NRO
2023-03-16 12:48:00,3.045,3.045,3.045,3.045,100.0,NRO
2023-03-16 12:47:00,3.045,3.045,3.045,3.045,200.0,NRO
2023-03-16 12:40:00,3.045,3.045,3.045,3.045,1300.0,NRO
2023-03-16 12:39:00,3.045,3.045,3.045,3.045,600.0,NRO
2023-03-16 12:38:00,3.045,3.045,3.045,3.045,400.0,NRO
2023-03-16 12:37:00,3.045,3.045,3.045,3.045,900.0,NRO
2023-03-16 12:36:00,3.045,3.045,3.04,3.045,600.0,NRO
2023-03-16 12:35:00,3.045,3.045,3.045,3.045,600.0,NRO
2023-03-16 12:34:00,3.045,3.045,3.045,3.045,600.0,NRO
2023-03-16 12:33:00,3.045,3.045,3.045,3.045,1000.0,NRO
2023-03-16 12:32:00,3.045,3.045,3.045,3.045,500.0,NRO
2023-03-16 12:31:00,3.045,3.0499,3.045,3.0499,610.0,NRO
2023-03-16 12:30:00,3.045,3.045,3.045,3.045,600.0,NRO
2023-03-16 12:29:00,3.045,3.045,3.045,3.045,1000.0,NRO
2023-03-16 12:28:00,3.045,3.045,3.0417,3.045,1540.0,NRO
2023-03-16 12:27:00,3.045,3.045,3.045,3.045,500.0,NRO
2023-03-16 12:26:00,3.045,3.045,3.045,3.045,900.0,NRO
2023-03-16 12:25:00,3.045,3.045,3.045,3.045,600.0,NRO
2023-03-16 12:24:00,3.045,3.045,3.045,3.045,600.0,NRO
2023-03-16 12:23:00,3.045,3.0489,3.045,3.045,1390.0,NRO
2023-03-16 12:22:00,3.045,3.045,3.045,3.045,400.0,NRO
2023-03-16 12:21:00,3.045,3.045,3.045,3.045,600.0,NRO
2023-03-16 12:20:00,3.045,3.045,3.045,3.045,4679.0,NRO
2023-03-16 12:19:00,3.045,3.045,3.045,3.045,700.0,NRO
2023-03-16 12:18:00,3.045,3.045,3.045,3.045,600.0,NRO
2023-03-16 12:17:00,3.045,3.045,3.045,3.045,600.0,NRO
2023-03-16 12:16:00,3.04,3.045,3.04,3.045,600.0,NRO
2023-03-16 12:13:00,3.05,3.05,3.05,3.05,298.0,NRO
2023-03-16 12:04:00,3.055,3.055,3.055,3.055,100.0,NRO
2023-03-16 12:03:00,3.06,3.06,3.06,3.06,200.0,NRO
2023-03-16 12:00:00,3.06,3.06,3.06,3.06,100.0,NRO
2023-03-16 11:58:00,3.06,3.06,3.06,3.06,917.0,NRO
2023-03-16 11:55:00,3.055,3.06,3.055,3.06,500.0,NRO
2023-03-16 11:51:00,3.06,3.06,3.055,3.06,600.0,NRO
2023-03-16 11:50:00,3.06,3.06,3.06,3.06,200.0,NRO
2023-03-16 11:47:00,3.06,3.06,3.05,3.0577,5202.0,NRO
2023-03-16 11:39:00,3.06,3.06,3.06,3.06,400.0,NRO
2023-03-16 11:30:00,3.065,3.065,3.065,3.065,100.0,NRO
2023-03-16 11:28:00,3.0615,3.0615,3.0615,3.0615,420.0,NRO
2023-03-16 11:26:00,3.06,3.06,3.0577,3.0577,1098.0,NRO
2023-03-16 11:19:00,3.06,3.06,3.06,3.06,438.0,NRO
2023-03-16 11:10:00,3.06,3.06,3.06,3.06,300.0,NRO
2023-03-16 11:01:00,3.055,3.055,3.055,3.055,100.0,NRO
2023-03-16 10:57:00,3.07,3.07,3.06,3.06,1900.0,NRO
2023-03-16 10:56:00,3.0608,3.0748,3.0608,3.0748,852.0,NRO
2023-03-16 10:55:00,3.05,3.06,3.05,3.06,2933.0,NRO
2023-03-16 10:53:00,3.04,3.045,3.04,3.045,700.0,NRO
2023-03-16 10:51:00,3.03,3.03,3.03,3.03,6354.0,NRO
2023-03-16 10:48:00,3.025,3.03,3.025,3.025,600.0,NRO
2023-03-16 10:44:00,3.03,3.03,3.03,3.03,101.0,NRO
2023-03-16 10:42:00,3.0255,3.0255,3.0255,3.0255,334.0,NRO
2023-03-16 10:40:00,3.0201,3.0201,3.0201,3.0201,300.0,NRO
2023-03-16 10:38:00,3.02,3.02,3.02,3.02,400.0,NRO
2023-03-16 10:24:00,3.01,3.01,3.01,3.01,1720.0,NRO
2023-03-16 10:16:00,3.0099,3.0099,3.0099,3.0099,200.0,NRO
2023-03-16 10:10:00,3.02,3.02,3.01,3.01,12210.0,NRO
2023-03-16 10:08:00,3.0299,3.0299,3.0299,3.0299,500.0,NRO
2023-03-16 10:05:00,3.03,3.03,3.028,3.03,2975.0,NRO
2023-03-16 09:59:00,3.03,3.03,3.03,3.03,200.0,NRO
2023-03-16 09:55:00,3.035,3.035,3.03,3.0302,3501.0,NRO
2023-03-16 09:54:00,3.03,3.04,3.03,3.0323,2400.0,NRO
2023-03-16 09:52:00,3.04,3.04,3.04,3.04,215.0,NRO
2023-03-16 09:48:00,3.04,3.04,3.04,3.04,900.0,NRO
2023-03-16 09:47:00,3.03,3.03,3.03,3.03,200.0,NRO
2023-03-16 09:44:00,3.0478,3.0478,3.0478,3.0478,1529.0,NRO
2023-03-16 09:43:00,3.038,3.045,3.038,3.045,1008.0,NRO
2023-03-16 09:42:00,3.04,3.04,3.04,3.04,200.0,NRO
2023-03-16 09:37:00,3.03,3.031,3.03,3.031,780.0,NRO
2023-03-16 09:33:00,3.045,3.045,3.045,3.045,500.0,NRO
2023-03-16 09:31:00,3.04,3.04,3.01,3.01,6549.0,NRO
2023-03-15 16:00:00,3.045,3.05,3.04,3.05,2612.0,NRO
2023-03-15 15:59:00,3.045,3.045,3.045,3.045,100.0,NRO
2023-03-15 15:57:00,3.045,3.045,3.045,3.045,138.0,NRO
2023-03-15 15:56:00,3.05,3.05,3.04,3.04,597.0,NRO
2023-03-15 15:51:00,3.04,3.04,3.04,3.04,427.0,NRO
2023-03-15 15:45:00,3.045,3.05,3.045,3.05,3600.0,NRO
2023-03-15 15:44:00,3.0484,3.0484,3.0484,3.0484,300.0,NRO
2023-03-15 15:42:00,3.05,3.05,3.05,3.05,1413.0,NRO
2023-03-15 15:32:00,3.06,3.06,3.06,3.06,900.0,NRO
2023-03-15 15:31:00,3.04,3.07,3.04,3.065,11217.0,NRO
2023-03-15 15:30:00,3.0399,3.0399,3.0399,3.0399,100.0,NRO
2023-03-15 15:24:00,3.04,3.04,3.04,3.04,400.0,NRO
2023-03-15 15:17:00,3.04,3.04,3.0394,3.04,2000.0,NRO
2023-03-15 15:13:00,3.035,3.035,3.035,3.035,300.0,NRO
2023-03-15 15:08:00,3.03,3.03,3.03,3.03,1200.0,NRO
2023-03-15 15:05:00,3.03,3.03,3.03,3.03,101.0,NRO
2023-03-15 15:04:00,3.0346,3.0346,3.0346,3.0346,400.0,NRO
2023-03-15 15:02:00,3.025,3.03,3.025,3.03,1128.0,NRO
2023-03-15 14:52:00,3.02,3.025,3.02,3.025,701.0,NRO
2023-03-15 14:51:00,3.035,3.035,3.025,3.025,500.0,NRO
2023-03-15 14:31:00,3.035,3.0393,3.035,3.0393,5500.0,NRO
2023-03-15 14:28:00,3.03,3.03,3.03,3.03,866.0,NRO
2023-03-15 14:25:00,3.02,3.02,3.02,3.02,1600.0,NRO
2023-03-15 14:24:00,3.0199,3.0199,3.0199,3.0199,100.0,NRO
2023-03-15 14:22:00,3.017,3.017,3.017,3.017,1500.0,NRO
2023-03-15 14:14:00,3.0107,3.012,3.01,3.01,2000.0,NRO
2023-03-15 14:08:00,3.0185,3.0185,3.0185,3.0185,100.0,NRO
2023-03-15 13:59:00,3.0191,3.0191,3.0191,3.0191,2150.0,NRO
2023-03-15 13:57:00,3.015,3.015,3.015,3.015,1656.0,NRO
2023-03-15 13:56:00,3.01,3.01,3.005,3.01,2864.0,NRO
2023-03-15 13:51:00,3.0,3.005,3.0,3.005,1805.0,NRO
2023-03-15 13:50:00,3.005,3.005,2.99,2.995,20217.0,NRO
2023-03-15 13:48:00,3.01,3.01,3.01,3.01,5902.0,NRO
2023-03-15 13:46:00,3.01,3.01,3.01,3.01,200.0,NRO
2023-03-15 13:45:00,3.02,3.025,3.01,3.01,13291.0,NRO
2023-03-15 13:42:00,3.025,3.025,3.025,3.025,100.0,NRO
2023-03-15 13:24:00,3.03,3.03,3.03,3.03,300.0,NRO
2023-03-15 13:17:00,3.025,3.025,3.025,3.025,100.0,NRO
2023-03-15 13:07:00,3.0251,3.0251,3.0251,3.0251,220.0,NRO
2023-03-15 13:06:00,3.02,3.02,3.02,3.02,100.0,NRO
2023-03-15 13:04:00,3.02,3.02,3.02,3.02,1161.0,NRO
2023-03-15 13:02:00,3.025,3.025,3.025,3.025,165.0,NRO
2023-03-15 12:57:00,3.03,3.03,3.03,3.03,2224.0,NRO
2023-03-15 12:56:00,3.03,3.03,3.03,3.03,188.0,NRO
2023-03-15 12:54:00,3.035,3.035,3.035,3.035,250.0,NRO
2023-03-15 12:53:00,3.03,3.03,3.03,3.03,645.0,NRO
2023-03-15 12:47:00,3.035,3.035,3.035,3.035,100.0,NRO
2023-03-15 12:43:00,3.0325,3.0325,3.03,3.03,300.0,NRO
2023-03-15 12:41:00,3.03,3.03,3.03,3.03,631.0,NRO
2023-03-15 12:34:00,3.04,3.04,3.04,3.04,100.0,NRO
2023-03-15 12:33:00,3.035,3.035,3.035,3.035,300.0,NRO
2023-03-15 12:19:00,3.0365,3.0365,3.0365,3.0365,250.0,NRO
2023-03-15 12:18:00,3.0365,3.0365,3.0365,3.0365,250.0,NRO
2023-03-15 12:16:00,3.04,3.04,3.04,3.04,2393.0,NRO
2023-03-15 12:05:00,3.0448,3.0448,3.04,3.04,4766.0,NRO
2023-03-15 11:58:00,3.0499,3.0499,3.0499,3.0499,100.0,NRO
2023-03-15 11:52:00,3.04,3.04,3.04,3.04,100.0,NRO
2023-03-15 11:49:00,3.045,3.045,3.045,3.045,500.0,NRO
2023-03-15 11:48:00,3.0469,3.0469,3.0469,3.0469,1000.0,NRO
2023-03-15 11:34:00,3.045,3.045,3.045,3.045,1000.0,NRO
2023-03-15 11:32:00,3.05,3.05,3.05,3.05,200.0,NRO
2023-03-15 11:26:00,3.04,3.04,3.04,3.04,400.0,NRO
2023-03-15 11:23:00,3.04,3.045,3.04,3.045,511.0,NRO
2023-03-15 11:22:00,3.05,3.05,3.045,3.045,300.0,NRO
2023-03-15 11:20:00,3.06,3.06,3.06,3.06,506.0,NRO
2023-03-15 11:19:00,3.055,3.055,3.055,3.055,2025.0,NRO
2023-03-15 11:10:00,3.0585,3.0585,3.0585,3.0585,152.0,NRO
2023-03-15 11:06:00,3.045,3.05,3.045,3.05,491.0,NRO
2023-03-15 10:59:00,3.04,3.04,3.04,3.04,835.0,NRO
2023-03-15 10:55:00,3.035,3.035,3.035,3.035,888.0,NRO
2023-03-15 10:44:00,3.05,3.05,3.05,3.05,768.0,NRO
2023-03-15 10:43:00,3.05,3.05,3.05,3.05,280.0,NRO
2023-03-15 10:32:00,3.05,3.05,3.05,3.05,100.0,NRO
2023-03-15 10:23:00,3.0491,3.0491,3.0491,3.0491,297.0,NRO
2023-03-15 10:22:00,3.0513,3.0513,3.05,3.05,1198.0,NRO
2023-03-15 10:20:00,3.05,3.0505,3.05,3.0505,600.0,NRO
2023-03-15 10:19:00,3.045,3.045,3.045,3.045,500.0,NRO
2023-03-15 10:16:00,3.05,3.05,3.05,3.05,666.0,NRO
2023-03-15 10:15:00,3.05,3.05,3.05,3.05,200.0,NRO
2023-03-15 10:14:00,3.06,3.06,3.06,3.06,500.0,NRO
2023-03-15 10:11:00,3.04,3.04,3.04,3.04,1000.0,NRO
2023-03-15 10:09:00,3.04,3.04,3.04,3.04,1800.0,NRO
2023-03-15 10:07:00,3.04,3.04,3.04,3.04,1470.0,NRO
2023-03-15 10:04:00,3.0326,3.0326,3.0326,3.0326,508.0,NRO
2023-03-15 10:02:00,3.0354,3.0354,3.0354,3.0354,199.0,NRO
2023-03-15 10:01:00,3.03,3.03,3.0285,3.03,1217.0,NRO
2023-03-15 10:00:00,3.025,3.03,3.0201,3.0201,820.0,NRO
2023-03-15 09:57:00,3.04,3.045,3.04,3.045,1088.0,NRO
2023-03-15 09:56:00,3.05,3.05,3.05,3.05,150.0,NRO
2023-03-15 09:53:00,3.0485,3.0485,3.0485,3.0485,151.0,NRO
2023-03-15 09:50:00,3.0489,3.0489,3.0489,3.0489,108.0,NRO
2023-03-15 09:47:00,3.0483,3.0483,3.0483,3.0483,154.0,NRO
2023-03-15 09:45:00,3.06,3.06,3.06,3.06,200.0,NRO
2023-03-15 09:43:00,3.06,3.06,3.06,3.06,100.0,NRO
2023-03-15 09:42:00,3.04,3.042,3.04,3.042,1215.0,NRO
2023-03-15 09:41:00,3.06,3.06,3.06,3.06,407.0,NRO
2023-03-15 09:40:00,3.05,3.06,3.05,3.06,8101.0,NRO
2023-03-15 09:37:00,3.05,3.05,3.05,3.05,100.0,NRO
2023-03-15 09:36:00,3.06,3.06,3.06,3.06,107.0,NRO
2023-03-15 09:33:00,3.05,3.05,3.04,3.04,1800.0,NRO
2023-03-15 09:31:00,3.06,3.12,3.05,3.05,7307.0,NRO
2023-03-15 07:57:00,3.09,3.09,3.09,3.09,1947.0,NRO
2023-03-15 07:15:00,3.09,3.09,3.09,3.09,600.0,NRO
2023-03-15 07:08:00,3.1,3.1,3.1,3.1,100.0,NRO
2023-03-15 07:01:00,3.05,3.05,3.05,3.05,241.0,NRO
2023-03-14 16:00:00,3.1,3.1,3.09,3.095,7496.0,NRO
2023-03-14 15:59:00,3.095,3.1,3.095,3.1,2401.0,NRO
2023-03-14 15:58:00,3.1,3.1,3.09,3.09,9501.0,NRO
2023-03-14 15:55:00,3.1,3.1,3.1,3.1,400.0,NRO
2023-03-14 15:53:00,3.0995,3.0995,3.0995,3.0995,101.0,NRO
2023-03-14 15:50:00,3.09,3.1,3.09,3.1,1520.0,NRO
2023-03-14 15:49:00,3.09,3.09,3.09,3.09,2500.0,NRO
2023-03-14 15:47:00,3.095,3.095,3.09,3.0901,2479.0,NRO
2023-03-14 15:44:00,3.1,3.1,3.1,3.1,1800.0,NRO
2023-03-14 15:40:00,3.095,3.095,3.095,3.095,1000.0,NRO
2023-03-14 15:36:00,3.09,3.09,3.09,3.09,1149.0,NRO
2023-03-14 15:26:00,3.0837,3.0837,3.0837,3.0837,9000.0,NRO
2023-03-14 15:25:00,3.0859,3.0859,3.0859,3.0859,300.0,NRO
2023-03-14 15:22:00,3.085,3.085,3.0845,3.0845,9001.0,NRO
2023-03-14 15:21:00,3.09,3.09,3.09,3.09,100.0,NRO
2023-03-14 15:19:00,3.085,3.085,3.0847,3.0847,9079.0,NRO
2023-03-14 15:16:00,3.075,3.08,3.075,3.0797,6500.0,NRO
2023-03-14 15:14:00,3.08,3.0801,3.08,3.08,12068.0,NRO
2023-03-14 15:11:00,3.09,3.0901,3.08,3.08,8700.0,NRO
2023-03-14 15:09:00,3.0931,3.095,3.0931,3.095,7600.0,NRO
2023-03-14 15:07:00,3.095,3.095,3.095,3.095,200.0,NRO
2023-03-14 15:06:00,3.0969,3.0969,3.0946,3.095,4801.0,NRO
2023-03-14 14:54:00,3.0985,3.0985,3.0985,3.0985,230.0,NRO
2023-03-14 14:39:00,3.095,3.095,3.095,3.095,200.0,NRO
2023-03-14 14:33:00,3.095,3.095,3.095,3.095,100.0,NRO
2023-03-14 14:32:00,3.095,3.095,3.095,3.095,100.0,NRO
2023-03-14 14:30:00,3.09,3.09,3.09,3.09,601.0,NRO
2023-03-14 14:29:00,3.095,3.095,3.09,3.0901,3053.0,NRO
2023-03-14 14:28:00,3.085,3.09,3.085,3.09,1210.0,NRO
2023-03-14 14:24:00,3.085,3.085,3.0835,3.0835,7200.0,NRO
2023-03-14 14:21:00,3.09,3.09,3.09,3.09,101.0,NRO
2023-03-14 14:18:00,3.09,3.09,3.09,3.09,336.0,NRO
2023-03-14 14:17:00,3.09,3.09,3.09,3.09,1000.0,NRO
2023-03-14 14:02:00,3.095,3.095,3.095,3.095,506.0,NRO
2023-03-14 13:51:00,3.095,3.095,3.095,3.095,1000.0,NRO
2023-03-14 13:45:00,3.1,3.1,3.1,3.1,103.0,NRO
2023-03-14 13:39:00,3.115,3.115,3.11,3.11,7272.0,NRO
2023-03-14 13:31:00,3.115,3.115,3.115,3.115,151.0,NRO
2023-03-14 13:30:00,3.117,3.117,3.117,3.117,101.0,NRO
2023-03-14 13:27:00,3.115,3.115,3.115,3.115,300.0,NRO
2023-03-14 13:18:00,3.115,3.115,3.1,3.11,9403.0,NRO
2023-03-14 13:17:00,3.13,3.13,3.13,3.13,500.0,NRO
2023-03-14 13:12:00,3.1401,3.1401,3.14,3.14,7901.0,NRO
2023-03-14 13:08:00,3.145,3.145,3.145,3.145,100.0,NRO
2023-03-14 13:07:00,3.15,3.15,3.145,3.145,1326.0,NRO
2023-03-14 12:42:00,3.15,3.15,3.15,3.15,100.0,NRO
2023-03-14 12:40:00,3.155,3.155,3.155,3.155,200.0,NRO
2023-03-14 12:37:00,3.1537,3.1537,3.1537,3.1537,145.0,NRO
2023-03-14 12:36:00,3.1501,3.1501,3.1501,3.1501,5512.0,NRO
2023-03-14 12:35:00,3.1554,3.1554,3.1554,3.1554,1000.0,NRO
2023-03-14 12:25:00,3.155,3.16,3.155,3.155,400.0,NRO
2023-03-14 12:24:00,3.16,3.16,3.16,3.16,200.0,NRO
2023-03-14 12:13:00,3.165,3.165,3.165,3.165,874.0,NRO
2023-03-14 12:11:00,3.1664,3.1664,3.1664,3.1664,149.0,NRO
2023-03-14 12:07:00,3.1682,3.1682,3.1682,3.1682,382.0,NRO
2023-03-14 12:04:00,3.17,3.17,3.16,3.16,10855.0,NRO
2023-03-14 12:00:00,3.1755,3.1755,3.1755,3.1755,750.0,NRO
2023-03-14 11:59:00,3.17,3.17,3.17,3.17,116.0,NRO
2023-03-14 11:47:00,3.1756,3.1799,3.1756,3.1799,1220.0,NRO
2023-03-14 11:41:00,3.1885,3.1885,3.1885,3.1885,200.0,NRO
2023-03-14 11:40:00,3.19,3.19,3.19,3.19,1935.0,NRO
2023-03-14 11:21:00,3.18,3.185,3.1799,3.185,1198.0,NRO
2023-03-14 11:20:00,3.175,3.175,3.175,3.175,3007.0,NRO
2023-03-14 11:15:00,3.175,3.175,3.1701,3.175,4365.0,NRO
2023-03-14 11:12:00,3.1768,3.1799,3.1768,3.1799,1550.0,NRO
2023-03-14 10:58:00,3.175,3.175,3.175,3.175,101.0,NRO
2023-03-14 10:16:00,3.16,3.16,3.16,3.16,700.0,NRO
2023-03-14 10:13:00,3.15,3.15,3.15,3.15,600.0,NRO
2023-03-14 10:06:00,3.15,3.155,3.15,3.155,800.0,NRO
2023-03-14 10:03:00,3.14,3.14,3.14,3.14,250.0,NRO
2023-03-14 09:59:00,3.14,3.14,3.14,3.14,100.0,NRO
2023-03-14 09:58:00,3.14,3.14,3.14,3.14,521.0,NRO
2023-03-14 09:57:00,3.1316,3.1316,3.1316,3.1316,1000.0,NRO
2023-03-14 09:55:00,3.14,3.14,3.14,3.14,100.0,NRO
2023-03-14 09:52:00,3.14,3.14,3.14,3.14,100.0,NRO
2023-03-14 09:48:00,3.13,3.135,3.13,3.135,1100.0,NRO
2023-03-14 09:45:00,3.135,3.14,3.135,3.14,687.0,NRO
2023-03-14 09:44:00,3.15,3.15,3.14,3.14,1700.0,NRO
2023-03-14 09:43:00,3.16,3.16,3.16,3.16,100.0,NRO
2023-03-14 09:42:00,3.1666,3.1666,3.1666,3.1666,100.0,NRO
2023-03-14 09:41:00,3.16,3.16,3.16,3.16,500.0,NRO
2023-03-14 09:39:00,3.15,3.16,3.15,3.16,1301.0,NRO
2023-03-14 09:37:00,3.15,3.16,3.15,3.16,210.0,NRO
2023-03-14 09:35:00,3.15,3.15,3.15,3.15,288.0,NRO
2023-03-14 09:33:00,3.125,3.125,3.125,3.125,4265.0,NRO
2023-03-14 09:31:00,3.07,3.1,3.07,3.1,3264.0,NRO
2023-03-14 09:27:00,3.05,3.05,3.05,3.05,100.0,NRO
2023-03-14 07:01:00,3.0,3.0,3.0,3.0,200.0,NRO
2023-03-13 17:25:00,3.1185,3.1185,3.1185,3.1185,100.0,NRO
2023-03-13 16:00:00,3.0542,3.0542,3.0492,3.0542,1944.0,NRO
2023-03-13 15:56:00,3.0591,3.0591,3.0542,3.0542,2591.0,NRO
2023-03-13 15:54:00,3.0591,3.0591,3.0591,3.0591,154.0,NRO
2023-03-13 15:47:00,3.0671,3.0671,3.0671,3.0671,500.0,NRO
2023-03-13 15:44:00,3.0591,3.0591,3.0591,3.0591,1029.0,NRO
2023-03-13 15:43:00,3.0591,3.0591,3.0591,3.0591,100.0,NRO
2023-03-13 15:42:00,3.059,3.059,3.0542,3.0542,1300.0,NRO
2023-03-13 15:34:00,3.0542,3.0542,3.0542,3.0542,100.0,NRO
2023-03-13 15:31:00,3.0542,3.0542,3.0542,3.0542,100.0,NRO
2023-03-13 15:25:00,3.0542,3.0542,3.0542,3.0542,100.0,NRO
2023-03-13 15:22:00,3.069,3.069,3.0591,3.0591,1390.0,NRO
2023-03-13 15:14:00,3.074,3.074,3.074,3.074,100.0,NRO
2023-03-13 14:55:00,3.0788,3.0788,3.0788,3.0788,251.0,NRO
2023-03-13 14:54:00,3.069,3.069,3.069,3.069,4227.0,NRO
2023-03-13 14:52:00,3.0691,3.0691,3.069,3.069,7463.0,NRO
2023-03-13 14:50:00,3.074,3.074,3.074,3.074,100.0,NRO
2023-03-13 14:49:00,3.0692,3.074,3.069,3.069,3600.0,NRO
2023-03-13 14:45:00,3.0757,3.0757,3.0757,3.0757,100.0,NRO
2023-03-13 14:40:00,3.069,3.069,3.069,3.069,100.0,NRO
2023-03-13 14:36:00,3.069,3.074,3.0689,3.069,1600.0,NRO
2023-03-13 14:34:00,3.0641,3.0641,3.0641,3.0641,200.0,NRO
2023-03-13 14:33:00,3.0641,3.0641,3.0641,3.0641,105.0,NRO
2023-03-13 14:32:00,3.0641,3.0641,3.0641,3.0641,200.0,NRO
2023-03-13 14:31:00,3.0641,3.0641,3.0641,3.0641,100.0,NRO
2023-03-13 14:30:00,3.069,3.069,3.0689,3.0689,500.0,NRO
2023-03-13 14:29:00,3.0641,3.069,3.0641,3.069,300.0,NRO
2023-03-13 14:28:00,3.0641,3.0641,3.0641,3.0641,100.0,NRO
2023-03-13 14:27:00,3.0641,3.0641,3.0641,3.0641,100.0,NRO
2023-03-13 14:26:00,3.0641,3.0641,3.0641,3.0641,100.0,NRO
2023-03-13 14:25:00,3.069,3.069,3.069,3.069,103.0,NRO
2023-03-13 14:23:00,3.069,3.069,3.069,3.069,200.0,NRO
2023-03-13 14:22:00,3.069,3.069,3.069,3.069,100.0,NRO
2023-03-13 14:21:00,3.069,3.069,3.069,3.069,167.0,NRO
2023-03-13 14:20:00,3.069,3.069,3.069,3.069,200.0,NRO
2023-03-13 14:19:00,3.069,3.069,3.069,3.069,100.0,NRO
2023-03-13 14:18:00,3.069,3.069,3.069,3.069,200.0,NRO
2023-03-13 14:17:00,3.069,3.069,3.069,3.069,100.0,NRO
2023-03-13 14:16:00,3.069,3.069,3.069,3.069,220.0,NRO
2023-03-13 14:15:00,3.069,3.069,3.069,3.069,200.0,NRO
2023-03-13 14:14:00,3.0641,3.069,3.0641,3.069,300.0,NRO
2023-03-13 14:13:00,3.0641,3.0641,3.0641,3.0641,100.0,NRO
2023-03-13 14:12:00,3.069,3.069,3.069,3.069,168.0,NRO
2023-03-13 14:11:00,3.069,3.074,3.069,3.069,300.0,NRO
2023-03-13 14:10:00,3.069,3.0726,3.069,3.0726,2661.0,NRO
2023-03-13 14:09:00,3.074,3.074,3.0727,3.074,2100.0,NRO
2023-03-13 14:08:00,3.074,3.074,3.074,3.074,101.0,NRO
2023-03-13 14:07:00,3.074,3.074,3.074,3.074,200.0,NRO
2023-03-13 14:05:00,3.0789,3.0789,3.0789,3.0789,200.0,NRO
2023-03-13 14:04:00,3.0789,3.0789,3.074,3.0789,7043.0,NRO
2023-03-13 14:02:00,3.074,3.0789,3.074,3.0789,7220.0,NRO
2023-03-13 14:01:00,3.0591,3.0789,3.0591,3.0789,7368.0,NRO
2023-03-13 13:49:00,3.0542,3.0542,3.0542,3.0542,300.0,NRO
2023-03-13 13:45:00,3.0591,3.0591,3.0591,3.0591,100.0,NRO
2023-03-13 13:39:00,3.059,3.059,3.0585,3.0585,646.0,NRO
2023-03-13 13:38:00,3.0542,3.0591,3.0542,3.0542,2004.0,NRO
2023-03-13 13:36:00,3.0542,3.0542,3.0542,3.0542,100.0,NRO
2023-03-13 13:20:00,3.0542,3.0542,3.0542,3.0542,200.0,NRO
2023-03-13 13:15:00,3.0554,3.0554,3.0554,3.0554,1000.0,NRO
2023-03-13 13:13:00,3.0542,3.0542,3.0542,3.0542,100.0,NRO
2023-03-13 12:58:00,3.0492,3.0492,3.0492,3.0492,3936.0,NRO
2023-03-13 12:50:00,3.0492,3.0492,3.0492,3.0492,3404.0,NRO
2023-03-13 12:49:00,3.0542,3.0542,3.0542,3.0542,100.0,NRO
2023-03-13 12:48:00,3.0587,3.0587,3.0587,3.0587,250.0,NRO
2023-03-13 12:44:00,3.0591,3.0591,3.0591,3.0591,111.0,NRO
2023-03-13 12:29:00,3.0492,3.0492,3.0492,3.0492,2320.0,NRO
2023-03-13 12:25:00,3.0591,3.0591,3.0443,3.0492,5046.0,NRO
2023-03-13 12:16:00,3.0679,3.0679,3.0679,3.0679,100.0,NRO
2023-03-13 12:01:00,3.0591,3.069,3.0591,3.069,820.0,NRO
2023-03-13 11:58:00,3.0537,3.0537,3.0537,3.0537,2500.0,NRO
2023-03-13 11:57:00,3.0591,3.0591,3.0591,3.0591,103.0,NRO
2023-03-13 11:56:00,3.069,3.069,3.069,3.069,335.0,NRO
2023-03-13 11:55:00,3.069,3.069,3.0591,3.0591,4275.0,NRO
2023-03-13 11:52:00,3.0789,3.0789,3.0789,3.0789,916.0,NRO
2023-03-13 11:50:00,3.0789,3.0888,3.0789,3.0888,500.0,NRO
2023-03-13 11:49:00,3.0789,3.0789,3.0789,3.0789,100.0,NRO
2023-03-13 11:47:00,3.0789,3.0789,3.0789,3.0789,900.0,NRO
2023-03-13 11:43:00,3.0789,3.0789,3.0789,3.0789,1900.0,NRO
2023-03-13 11:40:00,3.0789,3.0789,3.0789,3.0789,842.0,NRO
2023-03-13 11:35:00,3.0888,3.0888,3.0888,3.0888,1939.0,NRO
2023-03-13 11:34:00,3.0888,3.0888,3.0846,3.0846,1221.0,NRO
2023-03-13 11:33:00,3.0888,3.0888,3.0883,3.0888,2001.0,NRO
2023-03-13 11:32:00,3.0938,3.0938,3.0888,3.0888,4300.0,NRO
2023-03-13 11:29:00,3.0888,3.0888,3.0888,3.0888,815.0,NRO
2023-03-13 11:21:00,3.079,3.079,3.079,3.079,2700.0,NRO
2023-03-13 11:09:00,3.074,3.074,3.074,3.074,100.0,NRO
2023-03-13 11:08:00,3.0789,3.0789,3.0789,3.0789,400.0,NRO
2023-03-13 11:02:00,3.0699,3.0699,3.0699,3.0699,106.0,NRO
2023-03-13 11:00:00,3.069,3.069,3.069,3.069,760.0,NRO
2023-03-13 10:56:00,3.0492,3.0492,3.0492,3.0492,760.0,NRO
2023-03-13 10:53:00,3.0344,3.0344,3.0344,3.0344,179.0,NRO
2023-03-13 10:50:00,3.0394,3.0394,3.0394,3.0394,1160.0,NRO
2023-03-13 10:48:00,3.0393,3.0393,3.0393,3.0393,1000.0,NRO
2023-03-13 10:45:00,3.0294,3.0294,3.0294,3.0294,102.0,NRO
2023-03-13 10:43:00,3.0294,3.0294,3.0294,3.0294,100.0,NRO
2023-03-13 10:42:00,3.0377,3.0377,3.0377,3.0377,329.0,NRO
2023-03-13 10:40:00,3.0294,3.0294,3.0294,3.0294,143.0,NRO
2023-03-13 10:39:00,3.0294,3.0294,3.0294,3.0294,161.0,NRO
2023-03-13 10:38:00,3.0375,3.0375,3.0375,3.0375,116.0,NRO
2023-03-13 10:34:00,3.0294,3.0393,3.0294,3.0376,342.0,NRO
2023-03-13 10:24:00,3.0211,3.0294,3.0211,3.0245,625.0,NRO
2023-03-13 10:21:00,3.0195,3.0195,3.0195,3.0195,196.0,NRO
2023-03-13 10:15:00,3.0393,3.0465,3.0393,3.0465,1144.0,NRO
2023-03-13 10:09:00,3.0393,3.0393,3.0393,3.0393,500.0,NRO
2023-03-13 10:02:00,3.0492,3.0492,3.0492,3.0492,1300.0,NRO
2023-03-13 10:01:00,3.0492,3.0492,3.0443,3.0443,3185.0,NRO
2023-03-13 10:00:00,3.0502,3.0591,3.0502,3.0574,1555.0,NRO
2023-03-13 09:59:00,3.0443,3.0492,3.0443,3.0492,1200.0,NRO
2023-03-13 09:58:00,3.0542,3.0542,3.0393,3.0393,10320.0,NRO
2023-03-13 09:53:00,3.0443,3.0492,3.0443,3.0492,5000.0,NRO
2023-03-13 09:49:00,3.0242,3.0242,3.0222,3.0222,2620.0,NRO
2023-03-13 09:48:00,3.0195,3.0294,3.0195,3.0294,214.0,NRO
2023-03-13 09:46:00,3.0009,3.0009,3.0009,3.0009,1020.0,NRO
2023-03-13 09:44:00,3.0194,3.0194,3.0159,3.0159,5125.0,NRO
2023-03-13 09:42:00,3.0096,3.0096,3.0096,3.0096,155.0,NRO
2023-03-13 09:41:00,3.011,3.011,3.011,3.011,100.0,NRO
2023-03-13 09:40:00,3.0279,3.0279,3.0096,3.0096,3036.0,NRO
2023-03-13 09:37:00,3.0492,3.0492,3.0195,3.0294,2776.0,NRO
2023-03-13 09:35:00,3.0499,3.0542,3.0499,3.0542,2000.0,NRO
2023-03-13 09:33:00,3.069,3.069,3.0591,3.0591,1420.0,NRO
2023-03-13 09:31:00,3.0492,3.0492,3.0492,3.0492,4603.0,NRO
2023-03-10 16:00:00,3.0888,3.0888,3.0888,3.0888,1000.0,NRO
2023-03-10 15:58:00,3.0888,3.0888,3.0888,3.0888,100.0,NRO
2023-03-10 15:54:00,3.0987,3.0987,3.0987,3.0987,350.0,NRO
2023-03-10 15:53:00,3.0888,3.0888,3.0888,3.0888,100.0,NRO
2023-03-10 15:52:00,3.0888,3.0888,3.0888,3.0888,183.0,NRO
2023-03-10 15:51:00,3.0987,3.0987,3.0888,3.0888,1717.0,NRO
2023-03-10 15:49:00,3.0789,3.0789,3.0789,3.0789,200.0,NRO
2023-03-10 15:48:00,3.0839,3.0839,3.0789,3.0789,3050.0,NRO
2023-03-10 15:47:00,3.0789,3.0789,3.0789,3.0789,181.0,NRO
2023-03-10 15:46:00,3.0789,3.0789,3.0789,3.0789,3601.0,NRO
2023-03-10 15:44:00,3.0789,3.0789,3.0789,3.0789,100.0,NRO
2023-03-10 15:43:00,3.0789,3.0789,3.0789,3.0789,800.0,NRO
2023-03-10 15:42:00,3.0888,3.0888,3.0789,3.0789,1678.0,NRO
2023-03-10 15:41:00,3.0888,3.0888,3.0888,3.0888,242.0,NRO
2023-03-10 15:40:00,3.0888,3.0888,3.0888,3.0888,100.0,NRO
2023-03-10 15:36:00,3.0908,3.0908,3.0908,3.0908,1030.0,NRO
2023-03-10 15:30:00,3.0888,3.0888,3.0888,3.0888,100.0,NRO
2023-03-10 15:25:00,3.0888,3.0888,3.0888,3.0888,100.0,NRO
2023-03-10 15:23:00,3.1051,3.1051,3.1051,3.1051,190.0,NRO
2023-03-10 15:22:00,3.0987,3.0987,3.0987,3.0987,486.0,NRO
2023-03-10 15:21:00,3.1037,3.1037,3.1037,3.1037,105.0,NRO
2023-03-10 15:20:00,3.0987,3.0987,3.0987,3.0987,181.0,NRO
2023-03-10 15:17:00,3.1086,3.1086,3.1086,3.1086,2000.0,NRO
2023-03-10 15:15:00,3.0987,3.0987,3.0987,3.0987,100.0,NRO
2023-03-10 15:08:00,3.0987,3.0987,3.0987,3.0987,527.0,NRO
2023-03-10 15:06:00,3.0987,3.1007,3.0987,3.1007,1300.0,NRO
2023-03-10 15:04:00,3.1185,3.1185,3.1086,3.1086,499.0,NRO
2023-03-10 15:01:00,3.1136,3.1136,3.1136,3.1136,100.0,NRO
2023-03-10 14:59:00,3.1185,3.1216,3.1136,3.1216,1500.0,NRO
2023-03-10 14:52:00,3.1383,3.1383,3.1383,3.1383,215.0,NRO
2023-03-10 14:51:00,3.1086,3.1086,3.1086,3.1086,200.0,NRO
2023-03-10 14:43:00,3.1037,3.1037,3.1037,3.1037,1000.0,NRO
2023-03-10 14:40:00,3.0987,3.0987,3.0987,3.0987,1000.0,NRO
2023-03-10 14:38:00,3.0888,3.1086,3.0888,3.1086,7300.0,NRO
2023-03-10 14:37:00,3.0888,3.0888,3.0839,3.0888,400.0,NRO
2023-03-10 14:35:00,3.0789,3.0789,3.0789,3.0789,1062.0,NRO
2023-03-10 14:33:00,3.0887,3.0887,3.0887,3.0887,102.0,NRO
2023-03-10 14:32:00,3.0888,3.0888,3.0888,3.0888,250.0,NRO
2023-03-10 14:31:00,3.0987,3.0987,3.0987,3.0987,100.0,NRO
2023-03-10 14:21:00,3.0865,3.0865,3.0865,3.0865,3653.0,NRO
2023-03-10 14:19:00,3.0888,3.0888,3.0888,3.0888,100.0,NRO
2023-03-10 14:08:00,3.0779,3.0888,3.0779,3.0839,2201.0,NRO
2023-03-10 14:01:00,3.0789,3.0789,3.0789,3.0789,101.0,NRO
2023-03-10 13:58:00,3.0789,3.0789,3.074,3.074,2006.0,NRO
2023-03-10 13:55:00,3.0839,3.0839,3.0839,3.0839,100.0,NRO
2023-03-10 13:53:00,3.0822,3.0822,3.0822,3.0822,178.0,NRO
2023-03-10 13:50:00,3.0839,3.088,3.0839,3.088,4450.0,NRO
2023-03-10 13:48:00,3.0839,3.0839,3.0839,3.0839,255.0,NRO
2023-03-10 13:47:00,3.0839,3.0839,3.0839,3.0839,1200.0,NRO
2023-03-10 13:45:00,3.0888,3.0888,3.0888,3.0888,612.0,NRO
2023-03-10 13:44:00,3.0889,3.0889,3.0889,3.0889,122.0,NRO
2023-03-10 13:43:00,3.0938,3.0938,3.0938,3.0938,220.0,NRO
2023-03-10 13:42:00,3.0975,3.0975,3.0975,3.0975,1000.0,NRO
2023-03-10 13:27:00,3.0987,3.0987,3.0888,3.0904,985.0,NRO
2023-03-10 13:22:00,3.0987,3.0987,3.0987,3.0987,174.0,NRO
2023-03-10 13:16:00,3.1185,3.1185,3.1086,3.1102,3727.0,NRO
2023-03-10 13:15:00,3.1185,3.1185,3.1185,3.1185,1035.0,NRO
2023-03-10 13:14:00,3.1185,3.1185,3.1185,3.1185,1052.0,NRO
2023-03-10 13:13:00,3.1185,3.1185,3.1185,3.1185,2003.0,NRO
2023-03-10 13:09:00,3.1224,3.1224,3.1224,3.1224,483.0,NRO
2023-03-10 13:06:00,3.1235,3.1253,3.1235,3.1253,2391.0,NRO
2023-03-10 13:00:00,3.1185,3.1185,3.1185,3.1185,1102.0,NRO
2023-03-10 12:59:00,3.1185,3.1188,3.1185,3.1188,2902.0,NRO
2023-03-10 12:58:00,3.1185,3.1185,3.1185,3.1185,1501.0,NRO
2023-03-10 12:51:00,3.1235,3.1235,3.1235,3.1235,100.0,NRO
2023-03-10 12:50:00,3.1284,3.1284,3.1284,3.1284,3400.0,NRO
2023-03-10 12:48:00,3.1284,3.1284,3.1284,3.1284,2002.0,NRO
2023-03-10 12:44:00,3.1284,3.1284,3.1284,3.1284,2003.0,NRO
2023-03-10 12:42:00,3.1235,3.1284,3.1235,3.1284,4704.0,NRO
2023-03-10 12:40:00,3.1283,3.1283,3.1283,3.1283,257.0,NRO
2023-03-10 12:39:00,3.1235,3.1246,3.1235,3.1246,415.0,NRO
2023-03-10 12:34:00,3.1235,3.1284,3.1235,3.1235,303.0,NRO
2023-03-10 12:27:00,3.1284,3.1284,3.1185,3.1186,5740.0,NRO
2023-03-10 12:09:00,3.1284,3.1284,3.1284,3.1284,4405.0,NRO
2023-03-10 12:07:00,3.1284,3.1383,3.1284,3.1383,2001.0,NRO
2023-03-10 12:02:00,3.1481,3.1481,3.1481,3.1481,3370.0,NRO
2023-03-10 11:59:00,3.1383,3.1383,3.1383,3.1383,4401.0,NRO
2023-03-10 11:51:00,3.1482,3.1482,3.1482,3.1482,1599.0,NRO
2023-03-10 11:50:00,3.1433,3.1482,3.1383,3.1482,6569.0,NRO
2023-03-10 11:49:00,3.1444,3.1444,3.1444,3.1444,183.0,NRO
2023-03-10 11:47:00,3.1546,3.1581,3.1532,3.1581,518.0,NRO
2023-03-10 11:36:00,3.1648,3.1648,3.1648,3.1648,162.0,NRO
2023-03-10 11:34:00,3.1679,3.1679,3.1679,3.1679,1250.0,NRO
2023-03-10 11:31:00,3.1409,3.1409,3.1409,3.1409,729.0,NRO
2023-03-10 11:20:00,3.1424,3.1424,3.1424,3.1424,300.0,NRO
2023-03-10 10:58:00,3.1433,3.1433,3.1433,3.1433,100.0,NRO
2023-03-10 10:56:00,3.1383,3.1383,3.1383,3.1383,101.0,NRO
2023-03-10 10:54:00,3.1285,3.1285,3.1285,3.1285,250.0,NRO
2023-03-10 10:53:00,3.1301,3.1334,3.1301,3.1334,273.0,NRO
2023-03-10 10:49:00,3.1349,3.1349,3.1349,3.1349,155.0,NRO
2023-03-10 10:48:00,3.1185,3.1185,3.1185,3.1185,600.0,NRO
2023-03-10 10:47:00,3.1284,3.1284,3.1284,3.1284,600.0,NRO
2023-03-10 10:43:00,3.1383,3.1383,3.1383,3.1383,300.0,NRO
2023-03-10 10:40:00,3.1394,3.1394,3.1394,3.1394,299.0,NRO
2023-03-10 10:39:00,3.138,3.1383,3.138,3.1382,6000.0,NRO
2023-03-10 10:35:00,3.1382,3.1382,3.1382,3.1382,150.0,NRO
2023-03-10 10:34:00,3.1363,3.1383,3.1363,3.1383,2929.0,NRO
2023-03-10 10:31:00,3.1284,3.1284,3.1284,3.1284,153.0,NRO
2023-03-10 10:30:00,3.1383,3.1383,3.1185,3.1185,3804.0,NRO
2023-03-10 10:22:00,3.1383,3.1383,3.1383,3.1383,100.0,NRO
2023-03-10 10:12:00,3.1482,3.1482,3.1383,3.1383,10313.0,NRO
2023-03-10 10:08:00,3.1383,3.1383,3.1383,3.1383,100.0,NRO
2023-03-10 10:07:00,3.1433,3.1433,3.1433,3.1433,5000.0,NRO
2023-03-10 10:02:00,3.1407,3.1407,3.1407,3.1407,400.0,NRO
2023-03-10 09:59:00,3.1383,3.1383,3.1383,3.1383,205.0,NRO
2023-03-10 09:57:00,3.1383,3.1383,3.1383,3.1383,372.0,NRO
2023-03-10 09:54:00,3.1284,3.1383,3.1284,3.1383,951.0,NRO
2023-03-10 09:53:00,3.122,3.1284,3.122,3.1284,10100.0,NRO
2023-03-10 09:50:00,3.1235,3.1284,3.1235,3.1235,445.0,NRO
2023-03-10 09:49:00,3.1235,3.1235,3.1235,3.1235,245.0,NRO
2023-03-10 09:48:00,3.1284,3.1284,3.1185,3.1185,524.0,NRO
2023-03-10 09:47:00,3.1334,3.1334,3.1334,3.1334,222.0,NRO
2023-03-10 09:46:00,3.1321,3.1321,3.1321,3.1321,1135.0,NRO
2023-03-10 09:45:00,3.1482,3.1482,3.1482,3.1482,591.0,NRO
2023-03-10 09:44:00,3.1467,3.1482,3.1467,3.1482,600.0,NRO
2023-03-10 09:43:00,3.1433,3.1433,3.1433,3.1433,650.0,NRO
2023-03-10 09:41:00,3.1581,3.1581,3.1581,3.1581,100.0,NRO
2023-03-10 09:40:00,3.168,3.1779,3.168,3.168,3241.0,NRO
2023-03-10 09:38:00,3.1878,3.1878,3.1779,3.1779,2334.0,NRO
2023-03-10 09:36:00,3.2126,3.2126,3.1977,3.1977,812.0,NRO
2023-03-10 09:33:00,3.2175,3.2175,3.2175,3.2175,100.0,NRO
2023-03-10 09:32:00,3.2175,3.2175,3.2076,3.2076,1782.0,NRO
2023-03-10 09:31:00,3.2175,3.2208,3.2175,3.2208,14683.0,NRO
2023-03-10 09:10:00,3.2175,3.2175,3.2175,3.2175,1000.0,NRO
2023-03-09 16:17:00,3.2821,3.2821,3.2821,3.2821,25697.0,NRO
2023-03-09 16:00:00,3.2225,3.2274,3.2225,3.2274,513.0,NRO
2023-03-09 15:59:00,3.2225,3.2225,3.2175,3.2175,3007.0,NRO
2023-03-09 15:58:00,3.2175,3.2225,3.2175,3.2225,2832.0,NRO
2023-03-09 15:57:00,3.2225,3.2225,3.2225,3.2225,100.0,NRO
2023-03-09 15:56:00,3.2225,3.2225,3.2225,3.2225,100.0,NRO
2023-03-09 15:54:00,3.2225,3.2225,3.2225,3.2225,103.0,NRO
2023-03-09 15:53:00,3.2225,3.2225,3.2175,3.2225,610.0,NRO
2023-03-09 15:47:00,3.2225,3.2225,3.2225,3.2225,100.0,NRO
2023-03-09 15:46:00,3.2225,3.2225,3.2225,3.2225,440.0,NRO
2023-03-09 15:44:00,3.2225,3.2225,3.2225,3.2225,100.0,NRO
2023-03-09 15:41:00,3.2225,3.2225,3.2225,3.2225,100.0,NRO
2023-03-09 15:39:00,3.2225,3.2225,3.2225,3.2225,100.0,NRO
2023-03-09 15:37:00,3.2225,3.2225,3.2225,3.2225,215.0,NRO
2023-03-09 15:36:00,3.2257,3.2257,3.2257,3.2257,183.0,NRO
2023-03-09 15:33:00,3.2225,3.2225,3.2225,3.2225,193.0,NRO
2023-03-09 15:31:00,3.2175,3.2225,3.2175,3.2175,4478.0,NRO
2023-03-09 15:30:00,3.2225,3.2225,3.2225,3.2225,100.0,NRO
2023-03-09 15:29:00,3.2225,3.2225,3.2225,3.2225,500.0,NRO
2023-03-09 15:27:00,3.2225,3.2225,3.2225,3.2225,200.0,NRO
2023-03-09 15:26:00,3.2225,3.2225,3.2175,3.2175,5601.0,NRO
2023-03-09 15:25:00,3.2175,3.2225,3.2175,3.2225,4491.0,NRO
2023-03-09 15:24:00,3.2175,3.2225,3.2175,3.2225,2400.0,NRO
2023-03-09 15:20:00,3.2225,3.2274,3.2175,3.2175,10802.0,NRO
2023-03-09 15:19:00,3.2324,3.2324,3.2175,3.2274,6541.0,NRO
2023-03-09 15:17:00,3.2324,3.2324,3.2274,3.2324,5026.0,NRO
2023-03-09 15:16:00,3.2349,3.2373,3.2349,3.2373,232.0,NRO
2023-03-09 15:15:00,3.2324,3.2324,3.2324,3.2324,2519.0,NRO
2023-03-09 15:13:00,3.2373,3.2373,3.2373,3.2373,100.0,NRO
2023-03-09 15:08:00,3.2423,3.2423,3.2373,3.2373,1101.0,NRO
2023-03-09 15:07:00,3.2423,3.2423,3.2423,3.2423,200.0,NRO
2023-03-09 15:06:00,3.2373,3.2423,3.2373,3.2423,8104.0,NRO
2023-03-09 15:05:00,3.2423,3.2423,3.2423,3.2423,490.0,NRO
2023-03-09 15:04:00,3.2423,3.2423,3.2423,3.2423,100.0,NRO
2023-03-09 15:03:00,3.2423,3.2423,3.2423,3.2423,400.0,NRO
2023-03-09 15:00:00,3.2423,3.2423,3.2373,3.2423,1201.0,NRO
2023-03-09 14:59:00,3.2423,3.2423,3.2373,3.2423,1102.0,NRO
2023-03-09 14:58:00,3.2373,3.2423,3.2373,3.2423,2386.0,NRO
2023-03-09 14:52:00,3.2472,3.2472,3.2373,3.2373,2470.0,NRO
2023-03-09 14:50:00,3.2421,3.2421,3.2421,3.2421,158.0,NRO
2023-03-09 14:39:00,3.2455,3.2455,3.2455,3.2455,100.0,NRO
2023-03-09 14:36:00,3.2373,3.2423,3.2373,3.2423,1400.0,NRO
2023-03-09 14:34:00,3.2373,3.2373,3.2274,3.2373,7364.0,NRO
2023-03-09 14:31:00,3.2472,3.2522,3.2472,3.2472,8600.0,NRO
2023-03-09 14:30:00,3.2571,3.2571,3.2571,3.2571,100.0,NRO
2023-03-09 14:27:00,3.2423,3.2571,3.2423,3.2571,3100.0,NRO
2023-03-09 14:22:00,3.2423,3.2423,3.2373,3.2423,3300.0,NRO
2023-03-09 14:19:00,3.2423,3.2472,3.2423,3.2472,600.0,NRO
2023-03-09 14:17:00,3.2423,3.2423,3.2423,3.2423,160.0,NRO
2023-03-09 14:15:00,3.2472,3.2522,3.2423,3.2423,5622.0,NRO
2023-03-09 14:13:00,3.2571,3.2571,3.2473,3.2571,716.0,NRO
2023-03-09 14:12:00,3.2571,3.2571,3.2571,3.2571,200.0,NRO
2023-03-09 14:10:00,3.2571,3.2571,3.2571,3.2571,500.0,NRO
2023-03-09 14:09:00,3.2522,3.2571,3.2522,3.2571,200.0,NRO
2023-03-09 14:07:00,3.2522,3.2522,3.2522,3.2522,100.0,NRO
2023-03-09 14:06:00,3.2522,3.2522,3.2522,3.2522,100.0,NRO
2023-03-09 14:05:00,3.2522,3.2571,3.2522,3.2571,600.0,NRO
2023-03-09 14:04:00,3.2571,3.2571,3.2571,3.2571,1600.0,NRO
2023-03-09 14:02:00,3.2522,3.2522,3.2472,3.2472,1000.0,NRO
2023-03-09 14:01:00,3.2571,3.2571,3.2571,3.2571,100.0,NRO
2023-03-09 13:52:00,3.2522,3.2522,3.2522,3.2522,102.0,NRO
2023-03-09 13:50:00,3.2571,3.2571,3.2571,3.2571,9948.0,NRO
2023-03-09 13:47:00,3.267,3.267,3.267,3.267,100.0,NRO
2023-03-09 13:26:00,3.272,3.272,3.267,3.267,14616.0,NRO
2023-03-09 13:17:00,3.2769,3.2769,3.2769,3.2769,100.0,NRO
2023-03-09 13:11:00,3.2769,3.2769,3.2769,3.2769,100.0,NRO
2023-03-09 13:10:00,3.2769,3.2769,3.2769,3.2769,200.0,NRO
2023-03-09 13:06:00,3.2769,3.2769,3.2769,3.2769,200.0,NRO
2023-03-09 13:04:00,3.272,3.272,3.272,3.272,100.0,NRO
2023-03-09 13:03:00,3.2769,3.2769,3.272,3.272,200.0,NRO
2023-03-09 13:02:00,3.267,3.2695,3.267,3.267,800.0,NRO
2023-03-09 12:53:00,3.2769,3.2769,3.2769,3.2769,100.0,NRO
2023-03-09 12:50:00,3.2769,3.2819,3.2769,3.2769,1600.0,NRO
2023-03-09 12:49:00,3.2769,3.2769,3.2769,3.2769,350.0,NRO
2023-03-09 12:48:00,3.2785,3.2785,3.2785,3.2785,100.0,NRO
2023-03-09 12:32:00,3.2853,3.2868,3.2853,3.2868,500.0,NRO
2023-03-09 12:27:00,3.2831,3.2868,3.2831,3.2868,725.0,NRO
2023-03-09 12:19:00,3.2769,3.2819,3.2769,3.2819,1600.0,NRO
2023-03-09 12:08:00,3.2769,3.2769,3.2769,3.2769,101.0,NRO
2023-03-09 12:05:00,3.2769,3.2769,3.2769,3.2769,1766.0,NRO
2023-03-09 12:04:00,3.2769,3.2769,3.2769,3.2769,500.0,NRO
2023-03-09 12:03:00,3.2819,3.2868,3.2819,3.2868,8659.0,NRO
2023-03-09 12:02:00,3.2867,3.2868,3.2867,3.2868,4600.0,NRO
2023-03-09 11:53:00,3.2868,3.2869,3.2868,3.2868,1412.0,NRO
2023-03-09 11:52:00,3.2897,3.2918,3.2868,3.2918,1700.0,NRO
2023-03-09 11:51:00,3.2868,3.2918,3.2868,3.2918,1200.0,NRO
2023-03-09 11:49:00,3.2868,3.2918,3.2868,3.2868,2300.0,NRO
2023-03-09 11:48:00,3.2918,3.2918,3.2918,3.2918,101.0,NRO
2023-03-09 11:44:00,3.2867,3.2967,3.2867,3.2967,900.0,NRO
2023-03-09 11:41:00,3.2868,3.2868,3.2868,3.2868,100.0,NRO
2023-03-09 11:39:00,3.2868,3.2868,3.2868,3.2868,100.0,NRO
2023-03-09 11:35:00,3.2868,3.2868,3.2868,3.2868,100.0,NRO
2023-03-09 11:32:00,3.2868,3.2868,3.2868,3.2868,100.0,NRO
2023-03-09 11:31:00,3.2867,3.2868,3.2867,3.2868,200.0,NRO
2023-03-09 11:29:00,3.2918,3.2918,3.2769,3.2868,9801.0,NRO
2023-03-09 11:27:00,3.2952,3.2952,3.2952,3.2952,400.0,NRO
2023-03-09 11:26:00,3.2967,3.2967,3.2967,3.2967,100.0,NRO
2023-03-09 11:24:00,3.2967,3.2967,3.2967,3.2967,100.0,NRO
2023-03-09 11:21:00,3.2967,3.2967,3.2967,3.2967,100.0,NRO
2023-03-09 11:19:00,3.2967,3.2967,3.2967,3.2967,103.0,NRO
2023-03-09 11:16:00,3.2967,3.2967,3.2967,3.2967,100.0,NRO
2023-03-09 11:15:00,3.2967,3.3017,3.2967,3.2967,8900.0,NRO
2023-03-09 11:11:00,3.2918,3.2967,3.2868,3.2967,1801.0,NRO
2023-03-09 11:10:00,3.29,3.29,3.29,3.29,133.0,NRO
2023-03-09 11:09:00,3.2967,3.2967,3.2967,3.2967,100.0,NRO
2023-03-09 11:08:00,3.2967,3.2967,3.2868,3.2868,212.0,NRO
2023-03-09 11:06:00,3.2952,3.2952,3.2952,3.2952,379.0,NRO
2023-03-09 11:04:00,3.2967,3.2967,3.2955,3.2955,1381.0,NRO
2023-03-09 11:03:00,3.2966,3.2967,3.2869,3.2967,5947.0,NRO
2023-03-09 11:02:00,3.2918,3.2918,3.2918,3.2918,101.0,NRO
2023-03-09 11:00:00,3.2918,3.2918,3.2918,3.2918,320.0,NRO
2023-03-09 10:57:00,3.2967,3.2967,3.2967,3.2967,598.0,NRO
2023-03-09 10:56:00,3.2967,3.3017,3.2967,3.2967,1402.0,NRO
2023-03-09 10:48:00,3.3066,3.3066,3.3066,3.3066,100.0,NRO
2023-03-09 10:46:00,3.2868,3.3066,3.2868,3.3066,13409.0,NRO
2023-03-09 10:33:00,3.2868,3.2868,3.2867,3.2867,300.0,NRO
2023-03-09 10:31:00,3.2848,3.2848,3.2848,3.2848,100.0,NRO
2023-03-09 10:17:00,3.2868,3.2868,3.2868,3.2868,2100.0,NRO
2023-03-09 10:01:00,3.2868,3.2918,3.2868,3.2868,601.0,NRO
2023-03-09 09:57:00,3.2868,3.2918,3.2868,3.2918,1100.0,NRO
2023-03-09 09:56:00,3.287,3.2918,3.2868,3.2918,2407.0,NRO
2023-03-09 09:49:00,3.2967,3.2967,3.2918,3.2918,300.0,NRO
2023-03-09 09:48:00,3.2918,3.2967,3.2918,3.2967,600.0,NRO
2023-03-09 09:46:00,3.2918,3.2918,3.2918,3.2918,100.0,NRO
2023-03-09 09:45:00,3.2868,3.2918,3.2868,3.2918,9201.0,NRO
2023-03-09 09:40:00,3.2868,3.2918,3.2868,3.2868,5000.0,NRO
2023-03-09 09:31:00,3.2868,3.2868,3.2868,3.2868,7671.0,NRO
2023-03-08 16:00:00,3.2621,3.2621,3.2621,3.2621,2900.0,NRO
2023-03-08 15:52:00,3.267,3.267,3.2621,3.2621,966.0,NRO
2023-03-08 15:51:00,3.272,3.272,3.267,3.267,2442.0,NRO
2023-03-08 15:50:00,3.272,3.272,3.272,3.272,100.0,NRO
2023-03-08 15:49:00,3.272,3.272,3.272,3.272,100.0,NRO
2023-03-08 15:47:00,3.272,3.272,3.272,3.272,200.0,NRO
2023-03-08 15:46:00,3.272,3.272,3.272,3.272,400.0,NRO
2023-03-08 15:45:00,3.272,3.272,3.272,3.272,300.0,NRO
2023-03-08 15:44:00,3.267,3.267,3.267,3.267,1026.0,NRO
2023-03-08 15:41:00,3.267,3.267,3.267,3.267,1816.0,NRO
2023-03-08 15:40:00,3.267,3.267,3.267,3.267,2100.0,NRO
2023-03-08 15:39:00,3.267,3.267,3.267,3.267,500.0,NRO
2023-03-08 15:38:00,3.267,3.267,3.2667,3.267,7380.0,NRO
2023-03-08 15:35:00,3.2769,3.2769,3.2571,3.272,12826.0,NRO
2023-03-08 15:31:00,3.2857,3.2857,3.2857,3.2857,1302.0,NRO
2023-03-08 14:55:00,3.2834,3.2834,3.2834,3.2834,261.0,NRO
2023-03-08 14:13:00,3.2827,3.2827,3.2827,3.2827,1343.0,NRO
2023-03-08 14:11:00,3.2868,3.2868,3.2868,3.2868,100.0,NRO
2023-03-08 14:10:00,3.2819,3.2819,3.2819,3.2819,100.0,NRO
2023-03-08 14:09:00,3.2819,3.2819,3.2819,3.2819,1374.0,NRO
2023-03-08 14:08:00,3.277,3.2819,3.2769,3.2769,4600.0,NRO
2023-03-08 13:48:00,3.2854,3.2854,3.2854,3.2854,260.0,NRO
2023-03-08 13:47:00,3.2861,3.2861,3.2861,3.2861,2000.0,NRO
2023-03-08 13:25:00,3.2819,3.2819,3.2819,3.2819,2000.0,NRO
2023-03-08 13:13:00,3.2854,3.2854,3.2854,3.2854,100.0,NRO
2023-03-08 13:09:00,3.2819,3.2843,3.2819,3.2843,1100.0,NRO
2023-03-08 12:44:00,3.2868,3.2868,3.2819,3.2819,400.0,NRO
2023-03-08 12:41:00,3.2966,3.2966,3.2966,3.2966,400.0,NRO
2023-03-08 12:39:00,3.2918,3.2918,3.2918,3.2918,200.0,NRO
2023-03-08 12:27:00,3.2868,3.2868,3.2868,3.2868,100.0,NRO
2023-03-08 12:22:00,3.2868,3.2868,3.2868,3.2868,100.0,NRO
2023-03-08 12:18:00,3.2868,3.2868,3.2868,3.2868,100.0,NRO
2023-03-08 12:14:00,3.2868,3.2868,3.2868,3.2868,100.0,NRO
2023-03-08 12:08:00,3.2918,3.2918,3.2918,3.2918,100.0,NRO
2023-03-08 12:05:00,3.2918,3.2938,3.2918,3.2938,1600.0,NRO
2023-03-08 12:01:00,3.2967,3.2967,3.2872,3.2872,2269.0,NRO
2023-03-08 12:00:00,3.2966,3.2966,3.2966,3.2966,1000.0,NRO
2023-03-08 11:59:00,3.2966,3.2966,3.2966,3.2966,300.0,NRO
2023-03-08 11:42:00,3.2868,3.2868,3.2868,3.2868,100.0,NRO
2023-03-08 11:40:00,3.2884,3.2884,3.2819,3.286,3597.0,NRO
2023-03-08 11:36:00,3.2868,3.2918,3.2868,3.2868,2102.0,NRO
2023-03-08 11:34:00,3.2868,3.2868,3.2868,3.2868,500.0,NRO
2023-03-08 11:32:00,3.2868,3.2868,3.2868,3.2868,500.0,NRO
2023-03-08 11:06:00,3.2868,3.2868,3.2868,3.2868,4697.0,NRO
2023-03-08 10:59:00,3.2868,3.2868,3.2868,3.2868,3003.0,NRO
2023-03-08 10:57:00,3.2868,3.2868,3.2868,3.2868,1002.0,NRO
2023-03-08 10:49:00,3.2785,3.2785,3.2785,3.2785,3217.0,NRO
2023-03-08 10:37:00,3.2868,3.2868,3.2868,3.2868,100.0,NRO
2023-03-08 10:36:00,3.2769,3.2769,3.2769,3.2769,5167.0,NRO
2023-03-08 10:26:00,3.2868,3.2868,3.2868,3.2868,100.0,NRO
2023-03-08 10:25:00,3.2868,3.2868,3.2868,3.2868,661.0,NRO
2023-03-08 10:24:00,3.2868,3.2868,3.2868,3.2868,166.0,NRO
2023-03-08 10:21:00,3.2819,3.2819,3.2819,3.2819,100.0,NRO
2023-03-08 10:17:00,3.2861,3.2861,3.2861,3.2861,650.0,NRO
2023-03-08 10:15:00,3.2868,3.2868,3.2868,3.2868,100.0,NRO
2023-03-08 10:08:00,3.267,3.267,3.267,3.267,500.0,NRO
2023-03-08 10:05:00,3.267,3.267,3.267,3.267,600.0,NRO
2023-03-08 10:04:00,3.267,3.267,3.267,3.267,200.0,NRO
2023-03-08 10:02:00,3.267,3.267,3.267,3.267,100.0,NRO
2023-03-08 10:01:00,3.267,3.267,3.267,3.267,701.0,NRO
2023-03-08 10:00:00,3.267,3.2769,3.267,3.2769,2030.0,NRO
2023-03-08 09:51:00,3.267,3.272,3.267,3.267,13171.0,NRO
2023-03-08 09:48:00,3.2663,3.2663,3.2663,3.2663,127.0,NRO
2023-03-08 09:46:00,3.267,3.267,3.267,3.267,100.0,NRO
2023-03-08 09:35:00,3.267,3.272,3.267,3.267,300.0,NRO
2023-03-08 09:31:00,3.267,3.3066,3.267,3.3066,9386.0,NRO
2023-03-07 16:00:00,3.2571,3.2571,3.2571,3.2571,499.0,NRO
2023-03-07 15:57:00,3.2621,3.2621,3.2571,3.2571,300.0,NRO
2023-03-07 15:54:00,3.267,3.267,3.267,3.267,3800.0,NRO
2023-03-07 15:52:00,3.267,3.267,3.267,3.267,301.0,NRO
2023-03-07 15:51:00,3.2712,3.2712,3.2712,3.2712,907.0,NRO
2023-03-07 15:45:00,3.2768,3.2768,3.2768,3.2768,100.0,NRO
2023-03-07 15:43:00,3.2769,3.2769,3.2769,3.2769,300.0,NRO
2023-03-07 15:41:00,3.2769,3.2769,3.2769,3.2769,200.0,NRO
2023-03-07 15:40:00,3.2769,3.2769,3.2769,3.2769,1100.0,NRO
2023-03-07 15:36:00,3.267,3.2761,3.267,3.2761,400.0,NRO
2023-03-07 15:30:00,3.267,3.267,3.267,3.267,100.0,NRO
2023-03-07 15:26:00,3.2707,3.2707,3.2707,3.2707,281.0,NRO
2023-03-07 15:21:00,3.2755,3.2755,3.2755,3.2755,100.0,NRO
2023-03-07 15:14:00,3.267,3.271,3.267,3.271,3113.0,NRO
2023-03-07 15:13:00,3.267,3.267,3.267,3.267,2700.0,NRO
2023-03-07 15:12:00,3.267,3.267,3.267,3.267,300.0,NRO
2023-03-07 15:11:00,3.267,3.267,3.267,3.267,800.0,NRO
2023-03-07 15:02:00,3.2588,3.2588,3.2588,3.2588,280.0,NRO
2023-03-07 14:59:00,3.2661,3.2661,3.2661,3.2661,901.0,NRO
2023-03-07 14:52:00,3.267,3.267,3.267,3.267,2289.0,NRO
2023-03-07 14:51:00,3.2715,3.2715,3.2715,3.2715,100.0,NRO
2023-03-07 14:49:00,3.2679,3.2679,3.2679,3.2679,1210.0,NRO
2023-03-07 14:48:00,3.2679,3.2679,3.2679,3.2679,1255.0,NRO
2023-03-07 14:47:00,3.2675,3.2675,3.2675,3.2675,1204.0,NRO
2023-03-07 14:46:00,3.2671,3.2671,3.2671,3.2671,3331.0,NRO
2023-03-07 14:41:00,3.272,3.272,3.267,3.2692,9316.0,NRO
2023-03-07 14:39:00,3.272,3.272,3.272,3.272,100.0,NRO
2023-03-07 14:25:00,3.272,3.272,3.272,3.272,100.0,NRO
2023-03-07 14:20:00,3.2768,3.2768,3.2768,3.2768,1010.0,NRO
2023-03-07 14:11:00,3.2769,3.2769,3.2769,3.2769,454.0,NRO
2023-03-07 13:58:00,3.267,3.267,3.267,3.267,1000.0,NRO
2023-03-07 13:53:00,3.2682,3.2682,3.2682,3.2682,500.0,NRO
2023-03-07 13:46:00,3.277,3.277,3.2769,3.2769,7091.0,NRO
2023-03-07 13:42:00,3.2837,3.2867,3.2837,3.2867,3400.0,NRO
2023-03-07 13:32:00,3.2819,3.2819,3.2819,3.2819,150.0,NRO
2023-03-07 13:28:00,3.2769,3.2769,3.2769,3.2769,207.0,NRO
2023-03-07 13:26:00,3.2868,3.2868,3.2868,3.2868,199.0,NRO
2023-03-07 13:08:00,3.2867,3.2867,3.2867,3.2867,1000.0,NRO
2023-03-07 12:55:00,3.2868,3.2868,3.2868,3.2868,1586.0,NRO
2023-03-07 12:47:00,3.2868,3.2868,3.2868,3.2868,109.0,NRO
2023-03-07 12:43:00,3.287,3.287,3.2868,3.2868,900.0,NRO
2023-03-07 12:23:00,3.2967,3.2967,3.2967,3.2967,100.0,NRO
2023-03-07 12:22:00,3.3052,3.3052,3.3052,3.3052,200.0,NRO
2023-03-07 12:21:00,3.2868,3.2868,3.2868,3.2868,800.0,NRO
2023-03-07 12:15:00,3.2819,3.2819,3.2819,3.2819,175.0,NRO
2023-03-07 12:13:00,3.2868,3.2868,3.2868,3.2868,400.0,NRO
2023-03-07 12:12:00,3.2867,3.2868,3.2867,3.2867,11578.0,NRO
2023-03-07 11:58:00,3.2785,3.2785,3.2785,3.2785,373.0,NRO
2023-03-07 11:48:00,3.2865,3.2865,3.2865,3.2865,143.0,NRO
2023-03-07 11:47:00,3.2857,3.2857,3.2857,3.2857,1000.0,NRO
2023-03-07 11:42:00,3.2866,3.2866,3.2866,3.2866,250.0,NRO
2023-03-07 11:41:00,3.2769,3.2769,3.2769,3.2769,102.0,NRO
2023-03-07 11:40:00,3.2769,3.2769,3.2769,3.2769,100.0,NRO
2023-03-07 11:38:00,3.2769,3.2769,3.2769,3.2769,100.0,NRO
2023-03-07 11:37:00,3.2769,3.2769,3.2769,3.2769,100.0,NRO
2023-03-07 11:36:00,3.2769,3.2769,3.2769,3.2769,100.0,NRO
2023-03-07 11:35:00,3.2769,3.2769,3.2769,3.2769,100.0,NRO
2023-03-07 11:33:00,3.2769,3.2769,3.2769,3.2769,100.0,NRO
2023-03-07 11:32:00,3.2769,3.2769,3.2769,3.2769,100.0,NRO
2023-03-07 11:31:00,3.2769,3.2769,3.2769,3.2769,100.0,NRO
2023-03-07 11:30:00,3.2769,3.2769,3.2769,3.2769,241.0,NRO
2023-03-07 11:17:00,3.2868,3.2868,3.2868,3.2868,100.0,NRO
2023-03-07 11:16:00,3.2868,3.2868,3.2868,3.2868,100.0,NRO
2023-03-07 11:14:00,3.2868,3.2868,3.2868,3.2868,101.0,NRO
2023-03-07 11:13:00,3.2868,3.2868,3.2868,3.2868,100.0,NRO
2023-03-07 11:12:00,3.2868,3.2868,3.2868,3.2868,100.0,NRO
2023-03-07 11:11:00,3.2868,3.2868,3.2868,3.2868,100.0,NRO
2023-03-07 11:09:00,3.2868,3.2868,3.2868,3.2868,100.0,NRO
2023-03-07 11:07:00,3.2868,3.2868,3.2868,3.2868,100.0,NRO
2023-03-07 11:06:00,3.2868,3.2868,3.2868,3.2868,100.0,NRO
2023-03-07 11:04:00,3.292,3.292,3.292,3.292,600.0,NRO
2023-03-07 11:03:00,3.2868,3.2868,3.2868,3.2868,100.0,NRO
2023-03-07 11:01:00,3.2967,3.2967,3.2967,3.2967,128.0,NRO
2023-03-07 10:58:00,3.2967,3.2967,3.2967,3.2967,110.0,NRO
2023-03-07 10:57:00,3.2967,3.2967,3.2967,3.2967,100.0,NRO
2023-03-07 10:56:00,3.2967,3.2967,3.2967,3.2967,100.0,NRO
2023-03-07 10:54:00,3.2967,3.2967,3.2967,3.2967,100.0,NRO
2023-03-07 10:53:00,3.2967,3.2967,3.2967,3.2967,100.0,NRO
2023-03-07 10:52:00,3.2967,3.2967,3.2967,3.2967,100.0,NRO
2023-03-07 10:51:00,3.2967,3.2975,3.2967,3.2975,200.0,NRO
2023-03-07 10:49:00,3.3017,3.3017,3.2967,3.2967,251.0,NRO
2023-03-07 10:48:00,3.2967,3.2967,3.2967,3.2967,100.0,NRO
2023-03-07 10:47:00,3.2967,3.3066,3.2967,3.3066,300.0,NRO
2023-03-07 10:46:00,3.2967,3.2967,3.2967,3.2967,100.0,NRO
2023-03-07 10:44:00,3.3066,3.3165,3.3066,3.3066,4367.0,NRO
2023-03-07 10:43:00,3.3066,3.3066,3.3066,3.3066,100.0,NRO
2023-03-07 10:42:00,3.3066,3.3066,3.3066,3.3066,100.0,NRO
2023-03-07 10:41:00,3.3066,3.3066,3.3066,3.3066,100.0,NRO
2023-03-07 10:39:00,3.3165,3.3165,3.3116,3.3116,500.0,NRO
2023-03-07 10:38:00,3.3165,3.3165,3.3165,3.3165,100.0,NRO
2023-03-07 10:37:00,3.3165,3.3165,3.3165,3.3165,100.0,NRO
2023-03-07 10:36:00,3.3165,3.3195,3.3165,3.3195,14234.0,NRO
2023-03-07 10:34:00,3.3165,3.3165,3.3165,3.3165,100.0,NRO
2023-03-07 10:32:00,3.3173,3.3186,3.3173,3.3186,1422.0,NRO
2023-03-07 10:30:00,3.3253,3.3253,3.3253,3.3253,603.0,NRO
2023-03-07 10:23:00,3.3165,3.3165,3.3165,3.3165,100.0,NRO
2023-03-07 10:15:00,3.3215,3.3215,3.3215,3.3215,1006.0,NRO
2023-03-07 10:13:00,3.3168,3.3168,3.3168,3.3168,536.0,NRO
2023-03-07 10:12:00,3.3192,3.3192,3.3192,3.3192,297.0,NRO
2023-03-07 10:06:00,3.3264,3.3264,3.3264,3.3264,1901.0,NRO
2023-03-07 10:00:00,3.3413,3.3413,3.3413,3.3413,3000.0,NRO
2023-03-07 09:54:00,3.3413,3.3413,3.3413,3.3413,1046.0,NRO
2023-03-07 09:50:00,3.3265,3.3265,3.3265,3.3265,4000.0,NRO
2023-03-07 09:44:00,3.3407,3.3407,3.3407,3.3407,100.0,NRO
2023-03-07 09:42:00,3.3363,3.3363,3.3363,3.3363,2682.0,NRO
2023-03-07 09:39:00,3.3363,3.3363,3.3363,3.3363,1200.0,NRO
2023-03-07 09:38:00,3.3398,3.3398,3.3398,3.3398,768.0,NRO
2023-03-07 09:37:00,3.3363,3.3363,3.3363,3.3363,100.0,NRO
2023-03-07 09:36:00,3.3363,3.3363,3.3363,3.3363,100.0,NRO
2023-03-07 09:34:00,3.3314,3.3314,3.3314,3.3314,100.0,NRO
2023-03-07 09:33:00,3.3165,3.3165,3.3165,3.3165,269.0,NRO
2023-03-07 09:32:00,3.3462,3.3629,3.3264,3.3629,1747.0,NRO
2023-03-07 09:31:00,3.3165,3.3858,3.3165,3.3858,27474.0,NRO
2023-03-07 09:30:00,3.3363,3.3363,3.3363,3.3363,200.0,NRO
2023-03-07 09:27:00,3.2868,3.2967,3.2868,3.2967,500.0,NRO
2023-03-06 16:00:00,3.3215,3.3264,3.3165,3.3264,2920.0,NRO
2023-03-06 15:59:00,3.3165,3.3264,3.3165,3.3165,2400.0,NRO
2023-03-06 15:58:00,3.3165,3.3264,3.3165,3.3215,2201.0,NRO
2023-03-06 15:57:00,3.3264,3.3264,3.3165,3.3165,2000.0,NRO
2023-03-06 15:56:00,3.3363,3.3363,3.3264,3.3264,2100.0,NRO
2023-03-06 15:55:00,3.3363,3.3363,3.3363,3.3363,900.0,NRO
2023-03-06 15:54:00,3.3363,3.3363,3.3363,3.3363,300.0,NRO
2023-03-06 15:53:00,3.3264,3.3363,3.3165,3.3363,4701.0,NRO
2023-03-06 15:52:00,3.3165,3.3264,3.3165,3.3264,1800.0,NRO
2023-03-06 15:51:00,3.3264,3.3264,3.3165,3.3264,1600.0,NRO
2023-03-06 15:50:00,3.3264,3.3264,3.3264,3.3264,400.0,NRO
2023-03-06 15:49:00,3.3264,3.3264,3.3264,3.3264,500.0,NRO
2023-03-06 15:48:00,3.3264,3.3264,3.3264,3.3264,600.0,NRO
2023-03-06 15:47:00,3.3264,3.3264,3.3264,3.3264,1000.0,NRO
2023-03-06 15:46:00,3.3264,3.3363,3.3264,3.3264,1000.0,NRO
2023-03-06 15:45:00,3.3264,3.3462,3.3264,3.3462,2570.0,NRO
2023-03-06 15:43:00,3.3264,3.3264,3.3264,3.3264,400.0,NRO
2023-03-06 15:42:00,3.3215,3.3264,3.3215,3.3264,200.0,NRO
2023-03-06 15:41:00,3.3264,3.3264,3.3215,3.3264,300.0,NRO
2023-03-06 15:40:00,3.3215,3.3264,3.3215,3.3264,600.0,NRO
2023-03-06 15:39:00,3.3215,3.3264,3.3215,3.3215,600.0,NRO
2023-03-06 15:38:00,3.3264,3.3264,3.3215,3.3264,400.0,NRO
2023-03-06 15:37:00,3.3215,3.3215,3.3215,3.3215,500.0,NRO
2023-03-06 15:36:00,3.3215,3.3264,3.3215,3.3264,900.0,NRO
2023-03-06 15:35:00,3.3264,3.3264,3.3264,3.3264,4702.0,NRO
2023-03-06 15:33:00,3.3362,3.3362,3.3362,3.3362,285.0,NRO
2023-03-06 15:31:00,3.3264,3.3264,3.3264,3.3264,700.0,NRO
2023-03-06 15:28:00,3.3304,3.3304,3.3304,3.3304,100.0,NRO
2023-03-06 15:26:00,3.3264,3.3264,3.3264,3.3264,700.0,NRO
2023-03-06 15:20:00,3.3264,3.3264,3.3264,3.3264,700.0,NRO
2023-03-06 15:15:00,3.3264,3.3264,3.3264,3.3264,700.0,NRO
2023-03-06 15:12:00,3.3314,3.3314,3.3314,3.3314,100.0,NRO
2023-03-06 15:10:00,3.3314,3.3314,3.3314,3.3314,100.0,NRO
2023-03-06 15:07:00,3.3264,3.3264,3.3264,3.3264,700.0,NRO
2023-03-06 15:01:00,3.3264,3.3264,3.3264,3.3264,700.0,NRO
2023-03-06 14:54:00,3.3264,3.3264,3.3264,3.3264,856.0,NRO
2023-03-06 14:47:00,3.3264,3.3264,3.3264,3.3264,100.0,NRO
2023-03-06 14:45:00,3.3314,3.3314,3.3314,3.3314,100.0,NRO
2023-03-06 14:41:00,3.3314,3.3314,3.3314,3.3314,566.0,NRO
2023-03-06 14:39:00,3.3314,3.3314,3.3314,3.3314,101.0,NRO
2023-03-06 14:37:00,3.3314,3.3314,3.3264,3.3264,700.0,NRO
2023-03-06 14:34:00,3.3314,3.3314,3.3314,3.3314,100.0,NRO
2023-03-06 14:31:00,3.3314,3.3314,3.3314,3.3314,100.0,NRO
2023-03-06 14:27:00,3.3264,3.3264,3.3264,3.3264,100.0,NRO
2023-03-06 14:25:00,3.3314,3.3314,3.3264,3.3264,700.0,NRO
2023-03-06 14:24:00,3.3363,3.3363,3.3363,3.3363,100.0,NRO
2023-03-06 14:23:00,3.3314,3.3314,3.3314,3.3314,100.0,NRO
2023-03-06 14:21:00,3.3314,3.3362,3.3314,3.3362,4602.0,NRO
2023-03-06 14:20:00,3.3314,3.3314,3.3314,3.3314,250.0,NRO
2023-03-06 14:19:00,3.3264,3.3264,3.3264,3.3264,100.0,NRO
2023-03-06 14:17:00,3.3264,3.3264,3.3264,3.3264,100.0,NRO
2023-03-06 14:15:00,3.3264,3.3264,3.3264,3.3264,100.0,NRO
2023-03-06 14:13:00,3.3264,3.3264,3.3264,3.3264,100.0,NRO
2023-03-06 14:11:00,3.3363,3.3363,3.3363,3.3363,723.0,NRO
2023-03-06 14:10:00,3.3363,3.3363,3.3363,3.3363,100.0,NRO
2023-03-06 14:07:00,3.3363,3.3363,3.3363,3.3363,100.0,NRO
2023-03-06 14:05:00,3.3363,3.3363,3.3363,3.3363,100.0,NRO
2023-03-06 14:03:00,3.3363,3.3363,3.3363,3.3363,100.0,NRO
2023-03-06 13:58:00,3.3363,3.3363,3.3363,3.3363,100.0,NRO
2023-03-06 13:56:00,3.3363,3.3363,3.3363,3.3363,1842.0,NRO
2023-03-06 13:53:00,3.3363,3.3363,3.3363,3.3363,100.0,NRO
2023-03-06 13:50:00,3.3363,3.3363,3.3363,3.3363,100.0,NRO
2023-03-06 13:47:00,3.3363,3.3363,3.3363,3.3363,100.0,NRO
2023-03-06 13:44:00,3.3413,3.3413,3.3413,3.3413,412.0,NRO
2023-03-06 13:43:00,3.3363,3.3363,3.3363,3.3363,712.0,NRO
2023-03-06 13:41:00,3.3363,3.3363,3.3363,3.3363,100.0,NRO
2023-03-06 13:39:00,3.3413,3.3413,3.3413,3.3413,215.0,NRO
2023-03-06 13:36:00,3.3413,3.3413,3.3413,3.3413,100.0,NRO
2023-03-06 13:34:00,3.3413,3.3413,3.3413,3.3413,100.0,NRO
2023-03-06 13:31:00,3.3363,3.3363,3.3363,3.3363,100.0,NRO
2023-03-06 13:29:00,3.3363,3.3363,3.3363,3.3363,700.0,NRO
2023-03-06 13:26:00,3.3413,3.3413,3.3413,3.3413,100.0,NRO
2023-03-06 13:23:00,3.3413,3.3413,3.3413,3.3413,100.0,NRO
2023-03-06 13:22:00,3.3427,3.3427,3.3427,3.3427,1788.0,NRO
2023-03-06 13:20:00,3.3413,3.3413,3.3413,3.3413,200.0,NRO
2023-03-06 13:17:00,3.3462,3.3462,3.3462,3.3462,103.0,NRO
2023-03-06 13:15:00,3.3512,3.3512,3.3462,3.3463,900.0,NRO
2023-03-06 13:12:00,3.3512,3.3512,3.3512,3.3512,100.0,NRO
2023-03-06 13:09:00,3.3561,3.3561,3.3561,3.3561,2403.0,NRO
2023-03-06 13:06:00,3.3561,3.3561,3.3561,3.3561,100.0,NRO
2023-03-06 13:03:00,3.3561,3.3561,3.3561,3.3561,110.0,NRO
2023-03-06 13:02:00,3.3561,3.3561,3.3561,3.3561,700.0,NRO
2023-03-06 12:59:00,3.3611,3.3611,3.3611,3.3611,102.0,NRO
2023-03-06 12:54:00,3.366,3.366,3.366,3.366,300.0,NRO
2023-03-06 12:53:00,3.366,3.366,3.366,3.366,1526.0,NRO
2023-03-06 12:52:00,3.366,3.366,3.366,3.366,1700.0,NRO
2023-03-06 12:51:00,3.366,3.366,3.366,3.366,500.0,NRO
2023-03-06 12:50:00,3.366,3.366,3.366,3.366,2180.0,NRO
2023-03-06 12:49:00,3.366,3.366,3.366,3.366,1620.0,NRO
2023-03-06 12:48:00,3.366,3.366,3.366,3.366,3249.0,NRO
2023-03-06 12:47:00,3.366,3.3759,3.366,3.366,4521.0,NRO
2023-03-06 12:45:00,3.3759,3.3759,3.3759,3.3759,100.0,NRO
2023-03-06 12:43:00,3.3759,3.3809,3.3759,3.3809,8352.0,NRO
2023-03-06 12:42:00,3.366,3.3809,3.366,3.3759,12350.0,NRO
2023-03-06 12:41:00,3.366,3.366,3.366,3.366,1600.0,NRO
2023-03-06 12:40:00,3.366,3.366,3.366,3.366,1300.0,NRO
2023-03-06 12:39:00,3.3611,3.3611,3.3611,3.3611,100.0,NRO
2023-03-06 12:37:00,3.3561,3.366,3.3561,3.366,4584.0,NRO
2023-03-06 12:34:00,3.3611,3.3611,3.3611,3.3611,125.0,NRO
2023-03-06 12:33:00,3.3561,3.3561,3.3561,3.3561,700.0,NRO
2023-03-06 12:28:00,3.3561,3.3561,3.3561,3.3561,100.0,NRO
2023-03-06 12:27:00,3.3562,3.3562,3.3562,3.3562,254.0,NRO
2023-03-06 12:26:00,3.3561,3.358,3.3561,3.358,712.0,NRO
2023-03-06 12:24:00,3.3641,3.3641,3.3641,3.3641,1000.0,NRO
2023-03-06 12:23:00,3.3561,3.3561,3.3561,3.3561,100.0,NRO
2023-03-06 12:21:00,3.3611,3.3611,3.3611,3.3611,900.0,NRO
2023-03-06 12:20:00,3.3561,3.3561,3.3561,3.3561,100.0,NRO
2023-03-06 12:18:00,3.3561,3.3561,3.3561,3.3561,700.0,NRO
2023-03-06 12:16:00,3.3561,3.3561,3.3561,3.3561,100.0,NRO
2023-03-06 12:13:00,3.3561,3.3561,3.3561,3.3561,100.0,NRO
2023-03-06 12:09:00,3.3561,3.3561,3.3561,3.3561,100.0,NRO
2023-03-06 12:08:00,3.3569,3.3569,3.3561,3.3561,4000.0,NRO
2023-03-06 11:58:00,3.3512,3.3561,3.3512,3.356,3000.0,NRO
2023-03-06 11:56:00,3.3462,3.3462,3.3462,3.3462,100.0,NRO
2023-03-06 11:55:00,3.3512,3.3512,3.3462,3.3462,700.0,NRO
2023-03-06 11:52:00,3.3512,3.3512,3.3512,3.3512,100.0,NRO
2023-03-06 11:48:00,3.3512,3.3512,3.3512,3.3512,100.0,NRO
2023-03-06 11:46:00,3.3463,3.3463,3.3463,3.3463,1000.0,NRO
2023-03-06 11:45:00,3.3512,3.3512,3.3512,3.3512,100.0,NRO
2023-03-06 11:44:00,3.3561,3.3561,3.3512,3.3512,1500.0,NRO
2023-03-06 11:41:00,3.3611,3.3611,3.3611,3.3611,100.0,NRO
2023-03-06 11:38:00,3.3611,3.3611,3.3611,3.3611,100.0,NRO
2023-03-06 11:35:00,3.3611,3.3611,3.3611,3.3611,100.0,NRO
2023-03-06 11:30:00,3.366,3.366,3.366,3.366,100.0,NRO
2023-03-06 11:29:00,3.366,3.366,3.3611,3.3611,200.0,NRO
2023-03-06 11:28:00,3.3512,3.366,3.3512,3.366,26525.0,NRO
2023-03-06 11:26:00,3.3462,3.3462,3.3462,3.3462,100.0,NRO
2023-03-06 11:24:00,3.3561,3.3561,3.356,3.356,7097.0,NRO
2023-03-06 11:22:00,3.3512,3.3557,3.3512,3.3557,700.0,NRO
2023-03-06 11:21:00,3.3512,3.3512,3.3512,3.3512,201.0,NRO
2023-03-06 11:20:00,3.3512,3.3512,3.3512,3.3512,100.0,NRO
2023-03-06 11:19:00,3.3413,3.3462,3.3413,3.3462,1903.0,NRO
2023-03-06 11:12:00,3.3363,3.3363,3.3363,3.3363,700.0,NRO
2023-03-06 11:06:00,3.3363,3.3363,3.3363,3.3363,897.0,NRO
2023-03-06 11:04:00,3.3461,3.3461,3.3461,3.3461,3000.0,NRO
2023-03-06 10:59:00,3.3413,3.3413,3.3364,3.3364,501.0,NRO
2023-03-06 10:58:00,3.3462,3.3462,3.3413,3.3413,500.0,NRO
2023-03-06 10:55:00,3.3363,3.3363,3.3363,3.3363,100.0,NRO
2023-03-06 10:54:00,3.3363,3.3363,3.3363,3.3363,100.0,NRO
2023-03-06 10:49:00,3.3542,3.3542,3.3542,3.3542,4424.0,NRO
2023-03-06 10:46:00,3.3363,3.3462,3.3363,3.3462,1600.0,NRO
2023-03-06 10:45:00,3.3657,3.3657,3.3657,3.3657,7700.0,NRO
2023-03-06 10:40:00,3.3413,3.3413,3.3413,3.3413,200.0,NRO
2023-03-06 10:38:00,3.3363,3.3363,3.3363,3.3363,1000.0,NRO
2023-03-06 10:37:00,3.3462,3.3462,3.3462,3.3462,1100.0,NRO
2023-03-06 10:31:00,3.3363,3.3363,3.3363,3.3363,1100.0,NRO
2023-03-06 10:25:00,3.3363,3.3363,3.3363,3.3363,1005.0,NRO
2023-03-06 10:14:00,3.3314,3.3363,3.3314,3.3314,1100.0,NRO
2023-03-06 10:13:00,3.3352,3.3352,3.3314,3.3314,1200.0,NRO
2023-03-06 10:12:00,3.3362,3.3362,3.3362,3.3362,1000.0,NRO
2023-03-06 10:11:00,3.3264,3.3363,3.3264,3.3314,1300.0,NRO
2023-03-06 10:05:00,3.3284,3.3363,3.3264,3.3363,2654.0,NRO
2023-03-06 10:04:00,3.3264,3.3264,3.3264,3.3264,200.0,NRO
2023-03-06 10:03:00,3.3363,3.3363,3.3363,3.3363,223.0,NRO
2023-03-06 10:02:00,3.3363,3.3363,3.3363,3.3363,200.0,NRO
2023-03-06 10:00:00,3.3364,3.3364,3.3364,3.3364,504.0,NRO
2023-03-06 09:57:00,3.3462,3.3462,3.3462,3.3462,916.0,NRO
2023-03-06 09:55:00,3.356,3.356,3.356,3.356,3000.0,NRO
2023-03-06 09:38:00,3.3462,3.3462,3.3462,3.3462,889.0,NRO
2023-03-06 09:35:00,3.3462,3.3462,3.3462,3.3462,2000.0,NRO
2023-03-06 09:31:00,3.3462,3.3462,3.3462,3.3462,7311.0,NRO
