date,1. open,2. high,3. low,4. close,5. volume,Ticker
2023-02-07 16:02:00,82.79,82.79,82.79,82.79,838.0,PNFP
2023-02-07 16:01:00,82.79,82.79,82.79,82.79,3804.0,PNFP
2023-02-07 16:00:00,82.785,82.82,82.69,82.75,18327.0,PNFP
2023-02-07 15:59:00,82.71,82.8,82.681,82.785,10410.0,PNFP
2023-02-07 15:58:00,82.78,82.78,82.68,82.701,9927.0,PNFP
2023-02-07 15:57:00,82.8,82.82,82.72,82.77,10117.0,PNFP
2023-02-07 15:56:00,82.84,82.84,82.76,82.8,6235.0,PNFP
2023-02-07 15:55:00,82.84,82.84,82.69,82.8,5277.0,PNFP
2023-02-07 15:54:00,82.79,82.86,82.77,82.82,3003.0,PNFP
2023-02-07 15:53:00,82.88,82.91,82.795,82.795,4517.0,PNFP
2023-02-07 15:52:00,82.865,82.9,82.86,82.9,2127.0,PNFP
2023-02-07 15:51:00,82.89,82.98,82.845,82.88,9382.0,PNFP
2023-02-07 15:50:00,82.71,82.88,82.71,82.83,6538.0,PNFP
2023-02-07 15:49:00,82.775,82.795,82.67,82.71,18192.0,PNFP
2023-02-07 15:48:00,82.75,82.8,82.745,82.8,4227.0,PNFP
2023-02-07 15:47:00,82.69,82.74,82.63,82.74,5437.0,PNFP
2023-02-07 15:46:00,82.56,82.69,82.52,82.69,6710.0,PNFP
2023-02-07 15:45:00,82.4775,82.6,82.41,82.54,7575.0,PNFP
2023-02-07 15:44:00,82.5,82.54,82.445,82.46,2058.0,PNFP
2023-02-07 15:43:00,82.54,82.54,82.42,82.5,4700.0,PNFP
2023-02-07 15:42:00,82.5,82.54,82.49,82.54,1672.0,PNFP
2023-02-07 15:41:00,82.45,82.55,82.43,82.52,2699.0,PNFP
2023-02-07 15:40:00,82.27,82.42,82.24,82.39,3187.0,PNFP
2023-02-07 15:39:00,82.22,82.28,82.21,82.21,978.0,PNFP
2023-02-07 15:38:00,82.23,82.23,82.23,82.23,251.0,PNFP
2023-02-07 15:37:00,82.16,82.27,82.16,82.27,1610.0,PNFP
2023-02-07 15:36:00,82.21,82.21,82.16,82.16,1069.0,PNFP
2023-02-07 15:35:00,82.255,82.3,82.255,82.285,435.0,PNFP
2023-02-07 15:34:00,82.26,82.27,82.26,82.27,322.0,PNFP
2023-02-07 15:33:00,82.27,82.27,82.2625,82.2625,672.0,PNFP
2023-02-07 15:32:00,82.27,82.28,82.225,82.225,949.0,PNFP
2023-02-07 15:31:00,82.34,82.34,82.34,82.34,865.0,PNFP
2023-02-07 15:30:00,82.28,82.37,82.245,82.29,2591.0,PNFP
2023-02-07 15:29:00,82.21,82.21,82.21,82.21,347.0,PNFP
2023-02-07 15:27:00,82.195,82.195,82.195,82.195,353.0,PNFP
2023-02-07 15:26:00,82.35,82.35,82.15,82.17,2191.0,PNFP
2023-02-07 15:25:00,82.355,82.36,82.3,82.33,1328.0,PNFP
2023-02-07 15:24:00,82.185,82.46,82.18,82.33,7760.0,PNFP
2023-02-07 15:23:00,82.47,82.47,82.3,82.315,6658.0,PNFP
2023-02-07 15:22:00,82.34,82.47,82.34,82.46,5278.0,PNFP
2023-02-07 15:21:00,82.315,82.34,82.29,82.34,853.0,PNFP
2023-02-07 15:20:00,82.16,82.29,82.16,82.29,5148.0,PNFP
2023-02-07 15:19:00,82.15,82.16,82.12,82.155,545.0,PNFP
2023-02-07 15:18:00,82.13,82.15,82.125,82.15,393.0,PNFP
2023-02-07 15:17:00,82.16,82.16,82.13,82.145,2640.0,PNFP
2023-02-07 15:16:00,82.185,82.205,82.185,82.205,819.0,PNFP
2023-02-07 15:15:00,82.22,82.22,82.22,82.22,223.0,PNFP
2023-02-07 15:14:00,82.2225,82.2225,82.16,82.2,2449.0,PNFP
2023-02-07 15:13:00,82.24,82.24,82.2,82.22,794.0,PNFP
2023-02-07 15:12:00,82.17,82.22,82.17,82.215,1074.0,PNFP
2023-02-07 15:11:00,82.07,82.14,82.07,82.12,970.0,PNFP
2023-02-07 15:10:00,82.11,82.11,82.11,82.11,178.0,PNFP
2023-02-07 15:09:00,82.16,82.16,82.15,82.16,1082.0,PNFP
2023-02-07 15:08:00,82.22,82.22,82.22,82.22,179.0,PNFP
2023-02-07 15:07:00,82.18,82.205,82.17,82.17,487.0,PNFP
2023-02-07 15:05:00,82.28,82.28,82.2,82.23,1170.0,PNFP
2023-02-07 15:04:00,82.33,82.33,82.32,82.32,491.0,PNFP
2023-02-07 15:02:00,82.425,82.425,82.4,82.425,478.0,PNFP
2023-02-07 15:01:00,82.36,82.49,82.36,82.47,2250.0,PNFP
2023-02-07 15:00:00,82.36,82.36,82.36,82.36,327.0,PNFP
2023-02-07 14:58:00,82.3,82.31,82.3,82.31,426.0,PNFP
2023-02-07 14:57:00,82.34,82.34,82.23,82.28,1432.0,PNFP
2023-02-07 14:55:00,82.31,82.34,82.31,82.34,372.0,PNFP
2023-02-07 14:53:00,82.31,82.36,82.31,82.36,989.0,PNFP
2023-02-07 14:52:00,82.28,82.28,82.28,82.28,158.0,PNFP
2023-02-07 14:51:00,82.25,82.32,82.235,82.28,2365.0,PNFP
2023-02-07 14:50:00,82.23,82.27,82.22,82.26,2052.0,PNFP
2023-02-07 14:49:00,82.2,82.2,82.18,82.18,890.0,PNFP
2023-02-07 14:48:00,82.15,82.15,82.15,82.15,400.0,PNFP
2023-02-07 14:45:00,82.2,82.2,82.185,82.185,878.0,PNFP
2023-02-07 14:43:00,82.14,82.16,82.11,82.16,2281.0,PNFP
2023-02-07 14:42:00,82.08,82.08,82.08,82.08,133.0,PNFP
2023-02-07 14:41:00,82.07,82.09,82.07,82.09,426.0,PNFP
2023-02-07 14:40:00,82.15,82.15,82.14,82.14,649.0,PNFP
2023-02-07 14:38:00,82.225,82.225,82.225,82.225,242.0,PNFP
2023-02-07 14:37:00,82.32,82.32,82.17,82.2,1187.0,PNFP
2023-02-07 14:36:00,82.3,82.3,82.3,82.3,224.0,PNFP
2023-02-07 14:35:00,82.36,82.36,82.28,82.35,929.0,PNFP
2023-02-07 14:34:00,82.27,82.4,82.27,82.365,918.0,PNFP
2023-02-07 14:33:00,82.07,82.19,82.07,82.19,693.0,PNFP
2023-02-07 14:32:00,82.06,82.07,82.06,82.07,467.0,PNFP
2023-02-07 14:31:00,81.965,82.02,81.965,82.01,2119.0,PNFP
2023-02-07 14:29:00,81.91,81.91,81.91,81.91,280.0,PNFP
2023-02-07 14:28:00,81.94,81.98,81.88,81.88,640.0,PNFP
2023-02-07 14:27:00,81.99,81.99,81.935,81.94,485.0,PNFP
2023-02-07 14:25:00,81.97,81.99,81.97,81.99,553.0,PNFP
2023-02-07 14:23:00,81.79,81.865,81.79,81.865,691.0,PNFP
2023-02-07 14:22:00,81.77,81.83,81.77,81.77,514.0,PNFP
2023-02-07 14:21:00,81.84,81.84,81.8,81.8,980.0,PNFP
2023-02-07 14:20:00,81.88,81.88,81.8,81.84,834.0,PNFP
2023-02-07 14:19:00,81.76,81.82,81.76,81.81,784.0,PNFP
2023-02-07 14:18:00,81.81,81.81,81.81,81.81,136.0,PNFP
2023-02-07 14:17:00,81.875,81.89,81.81,81.83,1320.0,PNFP
2023-02-07 14:16:00,81.79,81.81,81.79,81.81,755.0,PNFP
2023-02-07 14:15:00,81.92,81.92,81.83,81.83,501.0,PNFP
2023-02-07 14:14:00,81.82,81.86,81.82,81.86,202.0,PNFP
2023-02-07 14:12:00,81.73,81.77,81.73,81.77,860.0,PNFP
2023-02-07 14:11:00,81.83,81.94,81.83,81.855,1170.0,PNFP
2023-02-07 14:10:00,81.865,81.865,81.865,81.865,367.0,PNFP
2023-02-07 14:09:00,81.85,81.86,81.83,81.83,810.0,PNFP
2023-02-07 14:08:00,81.78,81.92,81.78,81.92,1302.0,PNFP
2023-02-07 14:07:00,81.605,81.67,81.605,81.67,1323.0,PNFP
2023-02-07 14:04:00,81.57,81.61,81.56,81.56,499.0,PNFP
2023-02-07 14:03:00,81.47,81.54,81.47,81.51,305.0,PNFP
2023-02-07 14:02:00,81.53,81.56,81.53,81.56,1661.0,PNFP
2023-02-07 14:01:00,81.49,81.49,81.49,81.49,333.0,PNFP
2023-02-07 14:00:00,81.435,81.435,81.435,81.435,187.0,PNFP
2023-02-07 13:58:00,81.48,81.48,81.435,81.435,267.0,PNFP
2023-02-07 13:57:00,81.41,81.41,81.41,81.41,234.0,PNFP
2023-02-07 13:56:00,81.49,81.57,81.49,81.495,329.0,PNFP
2023-02-07 13:55:00,81.36,81.36,81.36,81.36,647.0,PNFP
2023-02-07 13:54:00,81.36,81.36,81.36,81.36,178.0,PNFP
2023-02-07 13:53:00,81.36,81.36,81.36,81.36,123.0,PNFP
2023-02-07 13:52:00,81.35,81.36,81.35,81.36,1045.0,PNFP
2023-02-07 13:51:00,81.24,81.29,81.24,81.28,1213.0,PNFP
2023-02-07 13:50:00,81.07,81.085,81.07,81.085,338.0,PNFP
2023-02-07 13:49:00,81.06,81.06,81.06,81.06,708.0,PNFP
2023-02-07 13:48:00,81.05,81.07,81.05,81.07,230.0,PNFP
2023-02-07 13:47:00,81.07,81.07,81.05,81.05,643.0,PNFP
2023-02-07 13:45:00,81.1875,81.1875,81.08,81.08,1593.0,PNFP
2023-02-07 13:44:00,81.26,81.26,81.26,81.26,503.0,PNFP
2023-02-07 13:43:00,81.435,81.435,81.35,81.37,892.0,PNFP
2023-02-07 13:42:00,81.3873,81.435,81.3873,81.435,897.0,PNFP
2023-02-07 13:41:00,81.32,81.34,81.26,81.34,1128.0,PNFP
2023-02-07 13:40:00,81.2075,81.24,81.16,81.16,867.0,PNFP
2023-02-07 13:39:00,81.12,81.12,81.12,81.12,200.0,PNFP
2023-02-07 13:37:00,81.045,81.045,81.0,81.0,14165.0,PNFP
2023-02-07 13:36:00,80.98,81.17,80.98,81.105,12692.0,PNFP
2023-02-07 13:35:00,81.04,81.04,81.04,81.04,1078.0,PNFP
2023-02-07 13:34:00,81.03,81.08,80.97,81.08,1342.0,PNFP
2023-02-07 13:33:00,81.17,81.17,81.02,81.02,1188.0,PNFP
2023-02-07 13:31:00,81.38,81.38,81.12,81.2,594.0,PNFP
2023-02-07 13:30:00,81.57,81.5986,81.52,81.56,3089.0,PNFP
2023-02-07 13:28:00,81.69,81.715,81.63,81.63,1225.0,PNFP
2023-02-07 13:27:00,81.83,81.84,81.765,81.765,1407.0,PNFP
2023-02-07 13:24:00,81.8,81.8,81.8,81.8,114.0,PNFP
2023-02-07 13:22:00,81.92,81.92,81.68,81.83,3440.0,PNFP
2023-02-07 13:21:00,82.0,82.0,81.99,81.99,200.0,PNFP
2023-02-07 13:20:00,81.9,82.0,81.84,82.0,454.0,PNFP
2023-02-07 13:19:00,81.87,81.88,81.87,81.88,696.0,PNFP
2023-02-07 13:18:00,81.69,81.69,81.69,81.69,251.0,PNFP
2023-02-07 13:17:00,81.81,81.81,81.6875,81.6875,601.0,PNFP
2023-02-07 13:16:00,81.98,81.98,81.9,81.9,1722.0,PNFP
2023-02-07 13:15:00,82.11,82.11,81.98,81.98,498.0,PNFP
2023-02-07 13:12:00,82.01,82.035,82.01,82.035,379.0,PNFP
2023-02-07 13:11:00,82.02,82.02,82.02,82.02,193.0,PNFP
2023-02-07 13:08:00,82.065,82.18,82.065,82.18,533.0,PNFP
2023-02-07 13:07:00,82.01,82.01,82.01,82.01,328.0,PNFP
2023-02-07 13:05:00,82.21,82.231,82.07,82.07,1494.0,PNFP
2023-02-07 13:03:00,82.305,82.305,82.305,82.305,220.0,PNFP
2023-02-07 13:01:00,82.23,82.245,82.23,82.245,422.0,PNFP
2023-02-07 12:59:00,82.071,82.14,82.07,82.14,1871.0,PNFP
2023-02-07 12:57:00,82.095,82.1,82.09,82.1,781.0,PNFP
2023-02-07 12:55:00,82.07,82.07,82.07,82.07,154.0,PNFP
2023-02-07 12:54:00,82.07,82.07,82.05,82.05,703.0,PNFP
2023-02-07 12:53:00,81.94,82.03,81.94,82.03,997.0,PNFP
2023-02-07 12:52:00,81.91,81.91,81.91,81.91,449.0,PNFP
2023-02-07 12:51:00,82.0475,82.0475,82.0475,82.0475,100.0,PNFP
2023-02-07 12:50:00,82.03,82.05,82.03,82.05,1085.0,PNFP
2023-02-07 12:49:00,81.995,82.07,81.995,82.01,690.0,PNFP
2023-02-07 12:47:00,81.935,81.935,81.935,81.935,648.0,PNFP
2023-02-07 12:46:00,81.755,81.87,81.755,81.86,1279.0,PNFP
2023-02-07 12:45:00,81.72,81.72,81.72,81.72,282.0,PNFP
2023-02-07 12:44:00,81.5,81.64,81.5,81.63,548.0,PNFP
2023-02-07 12:43:00,81.67,81.69,81.47,81.47,1623.0,PNFP
2023-02-07 12:42:00,81.335,81.68,81.335,81.68,2264.0,PNFP
2023-02-07 12:41:00,81.32,81.32,81.32,81.32,139.0,PNFP
2023-02-07 12:40:00,81.28,81.335,81.28,81.29,304.0,PNFP
2023-02-07 12:39:00,81.31,81.32,81.28,81.28,730.0,PNFP
2023-02-07 12:38:00,81.155,81.155,81.14,81.14,1225.0,PNFP
2023-02-07 12:35:00,81.19,81.2,81.08,81.1,8502.0,PNFP
2023-02-07 12:34:00,81.16,81.16,81.16,81.16,472.0,PNFP
2023-02-07 12:31:00,81.13,81.13,81.13,81.13,216.0,PNFP
2023-02-07 12:30:00,81.075,81.075,81.05,81.05,399.0,PNFP
2023-02-07 12:29:00,81.035,81.035,81.035,81.035,345.0,PNFP
2023-02-07 12:28:00,81.16,81.16,81.12,81.12,880.0,PNFP
2023-02-07 12:26:00,81.13,81.19,81.04,81.18,1615.0,PNFP
2023-02-07 12:24:00,81.05,81.05,81.05,81.05,337.0,PNFP
2023-02-07 12:23:00,81.11,81.11,81.06,81.1,1287.0,PNFP
2023-02-07 12:22:00,81.055,81.055,81.055,81.055,300.0,PNFP
2023-02-07 12:21:00,81.07,81.12,81.055,81.055,2247.0,PNFP
2023-02-07 12:20:00,81.075,81.075,81.01,81.06,1584.0,PNFP
2023-02-07 12:18:00,81.07,81.07,81.07,81.07,232.0,PNFP
2023-02-07 12:17:00,81.295,81.31,81.2,81.2,5512.0,PNFP
2023-02-07 12:16:00,81.19,81.27,81.19,81.27,1724.0,PNFP
2023-02-07 12:15:00,81.21,81.23,81.2,81.23,1120.0,PNFP
2023-02-07 12:14:00,81.25,81.29,81.205,81.205,464.0,PNFP
2023-02-07 12:13:00,81.25,81.25,81.25,81.25,124.0,PNFP
2023-02-07 12:12:00,81.225,81.29,81.2,81.29,3280.0,PNFP
2023-02-07 12:11:00,81.22,81.22,81.18,81.18,1550.0,PNFP
2023-02-07 12:10:00,81.185,81.27,81.185,81.27,831.0,PNFP
2023-02-07 12:09:00,81.095,81.14,81.06,81.14,787.0,PNFP
2023-02-07 12:08:00,81.02,81.04,81.02,81.04,446.0,PNFP
2023-02-07 12:06:00,81.05,81.05,81.05,81.05,408.0,PNFP
2023-02-07 12:05:00,80.99,81.06,80.99,81.06,4406.0,PNFP
2023-02-07 12:04:00,81.0,81.0,80.985,80.99,1187.0,PNFP
2023-02-07 12:03:00,81.03,81.04,81.015,81.04,856.0,PNFP
2023-02-07 12:02:00,80.97,81.01,80.97,80.99,3107.0,PNFP
2023-02-07 12:01:00,80.87,80.93,80.87,80.93,1128.0,PNFP
2023-02-07 12:00:00,80.875,80.875,80.82,80.875,605.0,PNFP
2023-02-07 11:59:00,80.86,80.86,80.86,80.86,441.0,PNFP
2023-02-07 11:58:00,80.8,80.8,80.74,80.8,1307.0,PNFP
2023-02-07 11:57:00,80.765,80.765,80.765,80.765,181.0,PNFP
2023-02-07 11:56:00,80.79,80.8,80.78,80.8,375.0,PNFP
2023-02-07 11:55:00,80.97,80.9769,80.855,80.855,3239.0,PNFP
2023-02-07 11:54:00,80.96,80.985,80.93,80.93,1337.0,PNFP
2023-02-07 11:53:00,80.97,80.97,80.97,80.97,266.0,PNFP
2023-02-07 11:52:00,80.915,80.915,80.91,80.91,321.0,PNFP
2023-02-07 11:50:00,80.94,80.94,80.885,80.885,535.0,PNFP
2023-02-07 11:49:00,80.955,80.955,80.955,80.955,103.0,PNFP
2023-02-07 11:48:00,80.8,80.955,80.8,80.955,2812.0,PNFP
2023-02-07 11:47:00,80.93,80.94,80.84,80.845,3318.0,PNFP
2023-02-07 11:46:00,80.78,80.8,80.78,80.8,1276.0,PNFP
2023-02-07 11:44:00,80.94,81.0,80.8,80.8,2617.0,PNFP
2023-02-07 11:43:00,80.82,81.0,80.8,81.0,7528.0,PNFP
2023-02-07 11:41:00,80.88,80.89,80.87,80.87,2186.0,PNFP
2023-02-07 11:40:00,80.93,80.94,80.88,80.88,2099.0,PNFP
2023-02-07 11:38:00,80.93,81.0,80.93,80.97,570.0,PNFP
2023-02-07 11:37:00,80.99,80.99,80.99,80.99,111.0,PNFP
2023-02-07 11:36:00,80.98,80.98,80.98,80.98,301.0,PNFP
2023-02-07 11:35:00,80.99,80.99,80.97,80.97,607.0,PNFP
2023-02-07 11:34:00,80.88,80.92,80.88,80.92,671.0,PNFP
2023-02-07 11:33:00,80.83,80.86,80.805,80.86,1588.0,PNFP
2023-02-07 11:31:00,80.75,80.8,80.75,80.8,309.0,PNFP
2023-02-07 11:30:00,80.76,80.76,80.76,80.76,105.0,PNFP
2023-02-07 11:29:00,80.68,80.78,80.67,80.78,670.0,PNFP
2023-02-07 11:28:00,80.78,80.78,80.78,80.78,104.0,PNFP
2023-02-07 11:26:00,80.76,80.76,80.76,80.76,282.0,PNFP
2023-02-07 11:25:00,80.76,80.76,80.76,80.76,105.0,PNFP
2023-02-07 11:24:00,80.82,80.83,80.77,80.7727,2278.0,PNFP
2023-02-07 11:23:00,80.86,80.86,80.86,80.86,115.0,PNFP
2023-02-07 11:22:00,80.92,80.92,80.92,80.92,354.0,PNFP
2023-02-07 11:21:00,80.84,80.84,80.84,80.84,203.0,PNFP
2023-02-07 11:20:00,80.86,80.86,80.8475,80.85,1038.0,PNFP
2023-02-07 11:19:00,80.93,80.93,80.92,80.92,500.0,PNFP
2023-02-07 11:18:00,80.84,80.94,80.79,80.91,2759.0,PNFP
2023-02-07 11:17:00,80.91,80.91,80.84,80.91,716.0,PNFP
2023-02-07 11:16:00,80.835,80.835,80.835,80.835,214.0,PNFP
2023-02-07 11:15:00,80.91,80.91,80.91,80.91,206.0,PNFP
2023-02-07 11:14:00,80.915,80.9575,80.915,80.9575,345.0,PNFP
2023-02-07 11:13:00,80.835,80.96,80.835,80.92,1201.0,PNFP
2023-02-07 11:12:00,80.88,80.88,80.88,80.88,232.0,PNFP
2023-02-07 11:11:00,80.85,80.88,80.85,80.88,447.0,PNFP
2023-02-07 11:10:00,80.925,80.925,80.9025,80.905,421.0,PNFP
2023-02-07 11:09:00,80.84,80.93,80.84,80.86,2373.0,PNFP
2023-02-07 11:08:00,80.72,80.825,80.72,80.825,311.0,PNFP
2023-02-07 11:07:00,80.68,80.68,80.68,80.68,397.0,PNFP
2023-02-07 11:06:00,80.655,80.69,80.655,80.69,2222.0,PNFP
2023-02-07 11:05:00,80.675,80.675,80.675,80.675,102.0,PNFP
2023-02-07 11:04:00,80.61,80.73,80.53,80.53,749.0,PNFP
2023-02-07 11:03:00,80.685,80.76,80.685,80.76,448.0,PNFP
2023-02-07 11:02:00,80.795,80.81,80.7,80.7,1391.0,PNFP
2023-02-07 11:01:00,80.725,80.8,80.725,80.795,2252.0,PNFP
2023-02-07 10:59:00,80.725,80.725,80.725,80.725,131.0,PNFP
2023-02-07 10:58:00,80.775,80.775,80.775,80.775,129.0,PNFP
2023-02-07 10:57:00,80.82,80.83,80.66,80.825,517.0,PNFP
2023-02-07 10:56:00,81.035,81.035,80.91,80.91,1089.0,PNFP
2023-02-07 10:55:00,80.92,81.065,80.88,80.99,2977.0,PNFP
2023-02-07 10:54:00,80.83,80.83,80.83,80.83,20286.0,PNFP
2023-02-07 10:53:00,80.83,80.83,80.83,80.83,384.0,PNFP
2023-02-07 10:52:00,80.8,80.84,80.8,80.84,476.0,PNFP
2023-02-07 10:51:00,80.68,80.75,80.68,80.75,20876.0,PNFP
2023-02-07 10:50:00,80.615,80.615,80.615,80.615,146.0,PNFP
2023-02-07 10:49:00,80.52,80.52,80.52,80.52,250.0,PNFP
2023-02-07 10:48:00,80.57,80.575,80.5,80.53,3361.0,PNFP
2023-02-07 10:47:00,80.54,80.65,80.54,80.54,2655.0,PNFP
2023-02-07 10:46:00,80.55,80.57,80.54,80.54,306.0,PNFP
2023-02-07 10:45:00,80.46,80.57,80.46,80.47,1517.0,PNFP
2023-02-07 10:44:00,80.46,80.46,80.46,80.46,309.0,PNFP
2023-02-07 10:43:00,80.43,80.43,80.43,80.43,237.0,PNFP
2023-02-07 10:42:00,80.54,80.54,80.36,80.38,3164.0,PNFP
2023-02-07 10:41:00,80.55,80.605,80.55,80.605,1515.0,PNFP
2023-02-07 10:40:00,80.65,80.65,80.65,80.65,127.0,PNFP
2023-02-07 10:39:00,80.67,80.67,80.59,80.59,206.0,PNFP
2023-02-07 10:38:00,80.64,80.64,80.64,80.64,106.0,PNFP
2023-02-07 10:37:00,80.73,80.73,80.62,80.625,2688.0,PNFP
2023-02-07 10:36:00,80.73,80.73,80.73,80.73,402.0,PNFP
2023-02-07 10:35:00,80.78,80.78,80.671,80.671,676.0,PNFP
2023-02-07 10:34:00,80.745,80.745,80.745,80.745,409.0,PNFP
2023-02-07 10:32:00,80.58,80.58,80.58,80.58,314.0,PNFP
2023-02-07 10:31:00,80.5,80.56,80.5,80.5,3675.0,PNFP
2023-02-07 10:30:00,80.57,80.61,80.44,80.6,2401.0,PNFP
2023-02-07 10:29:00,80.685,80.685,80.5675,80.5675,621.0,PNFP
2023-02-07 10:28:00,80.8,80.8,80.8,80.8,2500.0,PNFP
2023-02-07 10:27:00,80.765,80.765,80.66,80.67,672.0,PNFP
2023-02-07 10:26:00,80.8,80.805,80.76,80.805,304.0,PNFP
2023-02-07 10:25:00,80.8,80.8876,80.58,80.6,8515.0,PNFP
2023-02-07 10:24:00,80.805,81.01,80.805,80.84,6809.0,PNFP
2023-02-07 10:23:00,80.8,80.8,80.76,80.76,692.0,PNFP
2023-02-07 10:22:00,80.91,80.96,80.9,80.905,1274.0,PNFP
2023-02-07 10:21:00,80.97,81.015,80.97,81.015,304.0,PNFP
2023-02-07 10:20:00,80.99,81.0,80.99,81.0,5100.0,PNFP
2023-02-07 10:18:00,81.06,81.075,80.87,80.94,3651.0,PNFP
2023-02-07 10:17:00,80.97,81.03,80.97,81.03,331.0,PNFP
2023-02-07 10:16:00,81.1325,81.1325,81.01,81.01,828.0,PNFP
2023-02-07 10:15:00,81.325,81.42,81.16,81.16,3400.0,PNFP
2023-02-07 10:14:00,81.06,81.21,81.06,81.2,1015.0,PNFP
2023-02-07 10:13:00,80.97,81.035,80.97,80.97,418.0,PNFP
2023-02-07 10:11:00,80.97,80.975,80.82,80.82,27321.0,PNFP
2023-02-07 10:09:00,81.0525,81.08,81.005,81.08,624.0,PNFP
2023-02-07 10:08:00,81.005,81.005,81.0,81.0,235.0,PNFP
2023-02-07 10:07:00,81.09,81.09,81.02,81.02,435.0,PNFP
2023-02-07 10:06:00,80.955,81.065,80.9,81.065,410.0,PNFP
2023-02-07 10:05:00,80.94,80.94,80.94,80.94,159.0,PNFP
2023-02-07 10:04:00,80.945,80.945,80.945,80.945,136.0,PNFP
2023-02-07 10:03:00,80.935,80.935,80.935,80.935,144.0,PNFP
2023-02-07 10:02:00,80.95,80.95,80.95,80.95,102.0,PNFP
2023-02-07 10:01:00,80.74,80.74,80.74,80.74,155.0,PNFP
2023-02-07 09:59:00,80.93,81.09,80.93,80.935,431.0,PNFP
2023-02-07 09:58:00,80.925,80.935,80.925,80.935,403.0,PNFP
2023-02-07 09:57:00,80.99,80.99,80.99,80.99,103.0,PNFP
2023-02-07 09:56:00,81.09,81.09,80.99,80.99,290.0,PNFP
2023-02-07 09:54:00,80.965,80.965,80.91,80.91,200.0,PNFP
2023-02-07 09:53:00,80.95,80.96,80.9,80.93,1287.0,PNFP
2023-02-07 09:52:00,81.12,81.12,81.0425,81.045,600.0,PNFP
2023-02-07 09:51:00,80.89,81.0375,80.89,81.01,1757.0,PNFP
2023-02-07 09:50:00,80.86,80.92,80.86,80.92,1498.0,PNFP
2023-02-07 09:49:00,80.79,80.85,80.79,80.85,532.0,PNFP
2023-02-07 09:48:00,80.92,80.92,80.92,80.92,100.0,PNFP
2023-02-07 09:47:00,80.9925,80.9925,80.925,80.925,200.0,PNFP
2023-02-07 09:46:00,80.925,81.09,80.925,80.93,2448.0,PNFP
2023-02-07 09:45:00,80.915,81.0025,80.915,80.915,505.0,PNFP
2023-02-07 09:44:00,80.9,80.915,80.9,80.915,300.0,PNFP
2023-02-07 09:42:00,80.91,80.91,80.91,80.91,105.0,PNFP
2023-02-07 09:41:00,80.96,80.96,80.96,80.96,101.0,PNFP
2023-02-07 09:40:00,80.905,80.905,80.905,80.905,200.0,PNFP
2023-02-07 09:39:00,80.84,80.84,80.84,80.84,614.0,PNFP
2023-02-07 09:38:00,80.46,80.46,80.46,80.46,101.0,PNFP
2023-02-07 09:37:00,80.78,80.78,80.78,80.78,100.0,PNFP
2023-02-07 09:35:00,80.605,80.61,80.605,80.61,203.0,PNFP
2023-02-07 09:32:00,80.85,80.85,80.85,80.85,176.0,PNFP
2023-02-07 09:31:00,80.86,80.86,80.835,80.835,1345.0,PNFP
2023-02-06 16:02:00,81.35,81.35,81.35,81.35,1128.0,PNFP
2023-02-06 16:01:00,81.35,81.35,81.35,81.35,15635.0,PNFP
2023-02-06 16:00:00,81.36,81.44,81.3209,81.33,15052.0,PNFP
2023-02-06 15:59:00,81.295,81.39,81.295,81.36,11514.0,PNFP
2023-02-06 15:58:00,81.25,81.33,81.24,81.295,9259.0,PNFP
2023-02-06 15:57:00,81.23,81.27,81.22,81.23,2978.0,PNFP
2023-02-06 15:56:00,81.28,81.29,81.215,81.23,4669.0,PNFP
2023-02-06 15:55:00,81.315,81.34,81.25,81.29,2705.0,PNFP
2023-02-06 15:54:00,81.28,81.33,81.25,81.32,4501.0,PNFP
2023-02-06 15:53:00,81.34,81.38,81.27,81.29,5254.0,PNFP
2023-02-06 15:52:00,81.305,81.35,81.3,81.34,2600.0,PNFP
2023-02-06 15:51:00,81.26,81.29,81.25,81.275,4776.0,PNFP
2023-02-06 15:50:00,81.245,81.245,81.181,81.185,4294.0,PNFP
2023-02-06 15:49:00,81.2,81.25,81.2,81.245,1875.0,PNFP
2023-02-06 15:48:00,81.135,81.18,81.13,81.18,2043.0,PNFP
2023-02-06 15:47:00,81.09,81.16,81.085,81.14,4056.0,PNFP
2023-02-06 15:46:00,81.06,81.12,81.06,81.1,2076.0,PNFP
2023-02-06 15:45:00,81.08,81.1,81.06,81.06,415.0,PNFP
2023-02-06 15:44:00,80.985,81.09,80.985,81.08,2035.0,PNFP
2023-02-06 15:43:00,81.15,81.16,81.005,81.005,2798.0,PNFP
2023-02-06 15:42:00,81.08,81.2,81.08,81.18,2272.0,PNFP
2023-02-06 15:41:00,81.025,81.025,81.025,81.025,371.0,PNFP
2023-02-06 15:40:00,80.9775,81.04,80.9775,81.005,1245.0,PNFP
2023-02-06 15:39:00,80.94,80.95,80.88,80.95,2683.0,PNFP
2023-02-06 15:38:00,80.95,80.97,80.935,80.94,2280.0,PNFP
2023-02-06 15:37:00,81.01,81.015,80.9639,81.005,1583.0,PNFP
2023-02-06 15:35:00,80.82,80.955,80.82,80.955,1696.0,PNFP
2023-02-06 15:34:00,80.79,80.83,80.77,80.82,4144.0,PNFP
2023-02-06 15:33:00,80.82,80.82,80.751,80.785,39123.0,PNFP
2023-02-06 15:32:00,80.67,80.7,80.67,80.7,892.0,PNFP
2023-02-06 15:31:00,80.72,80.72,80.661,80.685,2752.0,PNFP
2023-02-06 15:30:00,80.765,80.765,80.765,80.765,478.0,PNFP
2023-02-06 15:29:00,80.735,80.77,80.735,80.77,635.0,PNFP
2023-02-06 15:28:00,80.74,80.785,80.74,80.785,937.0,PNFP
2023-02-06 15:27:00,80.8,80.8,80.73,80.73,1699.0,PNFP
2023-02-06 15:25:00,80.805,80.805,80.79,80.79,259.0,PNFP
2023-02-06 15:24:00,80.82,80.82,80.78,80.795,1664.0,PNFP
2023-02-06 15:23:00,80.86,80.86,80.83,80.86,4010.0,PNFP
2023-02-06 15:22:00,80.87,80.87,80.87,80.87,395.0,PNFP
2023-02-06 15:21:00,80.86,80.87,80.86,80.87,252.0,PNFP
2023-02-06 15:20:00,80.88,80.88,80.845,80.845,204.0,PNFP
2023-02-06 15:19:00,80.845,80.845,80.845,80.845,313.0,PNFP
2023-02-06 15:18:00,80.79,80.83,80.79,80.82,732.0,PNFP
2023-02-06 15:17:00,80.695,80.8,80.695,80.8,907.0,PNFP
2023-02-06 15:16:00,80.65,80.73,80.65,80.695,1061.0,PNFP
2023-02-06 15:15:00,80.63,80.63,80.63,80.63,222.0,PNFP
2023-02-06 15:14:00,80.64,80.66,80.635,80.635,731.0,PNFP
2023-02-06 15:13:00,80.6,80.63,80.6,80.6,657.0,PNFP
2023-02-06 15:12:00,80.635,80.635,80.6,80.6,1604.0,PNFP
2023-02-06 15:11:00,80.645,80.645,80.645,80.645,241.0,PNFP
2023-02-06 15:10:00,80.61,80.645,80.595,80.645,1149.0,PNFP
2023-02-06 15:09:00,80.585,80.585,80.56,80.565,947.0,PNFP
2023-02-06 15:08:00,80.535,80.57,80.535,80.57,868.0,PNFP
2023-02-06 15:07:00,80.57,80.57,80.57,80.57,995.0,PNFP
2023-02-06 15:06:00,80.68,80.68,80.65,80.65,1211.0,PNFP
2023-02-06 15:05:00,80.73,80.73,80.68,80.68,1156.0,PNFP
2023-02-06 15:04:00,80.74,80.74,80.71,80.71,1517.0,PNFP
2023-02-06 15:02:00,80.735,80.735,80.735,80.735,272.0,PNFP
2023-02-06 15:01:00,80.72,80.72,80.72,80.72,244.0,PNFP
2023-02-06 15:00:00,80.665,80.69,80.665,80.69,627.0,PNFP
2023-02-06 14:59:00,80.65,80.65,80.65,80.65,203.0,PNFP
2023-02-06 14:58:00,80.65,80.65,80.62,80.64,645.0,PNFP
2023-02-06 14:57:00,80.625,80.625,80.625,80.625,130.0,PNFP
2023-02-06 14:55:00,80.63,80.63,80.63,80.63,146.0,PNFP
2023-02-06 14:54:00,80.585,80.64,80.585,80.64,670.0,PNFP
2023-02-06 14:53:00,80.54,80.585,80.54,80.585,693.0,PNFP
2023-02-06 14:52:00,80.55,80.55,80.54,80.54,204.0,PNFP
2023-02-06 14:51:00,80.48,80.57,80.48,80.57,3946.0,PNFP
2023-02-06 14:50:00,80.48,80.48,80.48,80.48,497.0,PNFP
2023-02-06 14:49:00,80.53,80.53,80.48,80.48,1243.0,PNFP
2023-02-06 14:47:00,80.525,80.525,80.525,80.525,131.0,PNFP
2023-02-06 14:44:00,80.49,80.52,80.49,80.52,251.0,PNFP
2023-02-06 14:43:00,80.46,80.51,80.46,80.49,1330.0,PNFP
2023-02-06 14:42:00,80.52,80.52,80.46,80.47,1885.0,PNFP
2023-02-06 14:40:00,80.505,80.51,80.505,80.51,759.0,PNFP
2023-02-06 14:39:00,80.49,80.49,80.49,80.49,120.0,PNFP
2023-02-06 14:37:00,80.495,80.495,80.495,80.495,318.0,PNFP
2023-02-06 14:36:00,80.56,80.56,80.495,80.5,1070.0,PNFP
2023-02-06 14:35:00,80.62,80.62,80.57,80.57,870.0,PNFP
2023-02-06 14:34:00,80.64,80.66,80.61,80.61,2386.0,PNFP
2023-02-06 14:27:00,80.555,80.61,80.555,80.605,981.0,PNFP
2023-02-06 14:26:00,80.55,80.55,80.55,80.55,394.0,PNFP
2023-02-06 14:24:00,80.61,80.61,80.57,80.57,1261.0,PNFP
2023-02-06 14:23:00,80.66,80.66,80.635,80.635,1296.0,PNFP
2023-02-06 14:20:00,80.72,80.72,80.72,80.72,326.0,PNFP
2023-02-06 14:18:00,80.7075,80.7075,80.7075,80.7075,160.0,PNFP
2023-02-06 14:17:00,80.705,80.705,80.705,80.705,1953.0,PNFP
2023-02-06 14:15:00,80.695,80.695,80.67,80.67,1004.0,PNFP
2023-02-06 14:14:00,80.62,80.68,80.62,80.67,852.0,PNFP
2023-02-06 14:13:00,80.6,80.61,80.6,80.605,561.0,PNFP
2023-02-06 14:12:00,80.59,80.635,80.59,80.635,876.0,PNFP
2023-02-06 14:11:00,80.59,80.59,80.585,80.59,1002.0,PNFP
2023-02-06 14:08:00,80.65,80.65,80.65,80.65,106.0,PNFP
2023-02-06 14:07:00,80.66,80.67,80.605,80.67,946.0,PNFP
2023-02-06 14:06:00,80.8167,80.8167,80.72,80.72,2413.0,PNFP
2023-02-06 14:05:00,80.87,80.87,80.87,80.87,248.0,PNFP
2023-02-06 14:04:00,80.77,80.81,80.76,80.81,1924.0,PNFP
2023-02-06 14:02:00,80.745,80.75,80.74,80.74,2750.0,PNFP
2023-02-06 14:01:00,80.74,80.74,80.74,80.74,107.0,PNFP
2023-02-06 13:58:00,80.72,80.72,80.72,80.72,109.0,PNFP
2023-02-06 13:56:00,80.735,80.735,80.735,80.735,251.0,PNFP
2023-02-06 13:55:00,80.75,80.75,80.71,80.72,546.0,PNFP
2023-02-06 13:54:00,80.76,80.76,80.71,80.73,1482.0,PNFP
2023-02-06 13:53:00,80.82,80.85,80.81,80.85,2972.0,PNFP
2023-02-06 13:51:00,80.8,80.88,80.77,80.88,2198.0,PNFP
2023-02-06 13:49:00,80.77,80.77,80.77,80.77,104.0,PNFP
2023-02-06 13:48:00,80.78,80.83,80.755,80.78,1572.0,PNFP
2023-02-06 13:47:00,80.78,80.78,80.755,80.755,535.0,PNFP
2023-02-06 13:46:00,80.845,80.845,80.845,80.845,319.0,PNFP
2023-02-06 13:45:00,80.84,80.845,80.79,80.79,2932.0,PNFP
2023-02-06 13:43:00,80.78,80.78,80.78,80.78,189.0,PNFP
2023-02-06 13:42:00,80.845,80.845,80.845,80.845,118.0,PNFP
2023-02-06 13:41:00,81.0,81.0,80.91,80.91,936.0,PNFP
2023-02-06 13:40:00,81.02,81.02,81.02,81.02,662.0,PNFP
2023-02-06 13:39:00,81.03,81.03,81.03,81.03,1270.0,PNFP
2023-02-06 13:38:00,80.96,81.05,80.96,81.05,1819.0,PNFP
2023-02-06 13:37:00,81.01,81.01,81.01,81.01,374.0,PNFP
2023-02-06 13:36:00,81.025,81.025,81.025,81.025,192.0,PNFP
2023-02-06 13:34:00,80.955,80.955,80.955,80.955,281.0,PNFP
2023-02-06 13:33:00,80.95,80.95,80.95,80.95,114.0,PNFP
2023-02-06 13:32:00,81.07,81.07,81.025,81.025,266.0,PNFP
2023-02-06 13:29:00,81.09,81.09,81.02,81.02,1075.0,PNFP
2023-02-06 13:28:00,81.11,81.11,81.11,81.11,290.0,PNFP
2023-02-06 13:26:00,81.18,81.2,81.18,81.2,468.0,PNFP
2023-02-06 13:25:00,81.17,81.2,81.17,81.2,912.0,PNFP
2023-02-06 13:24:00,81.17,81.17,81.16,81.16,1184.0,PNFP
2023-02-06 13:22:00,81.245,81.245,81.2,81.2,337.0,PNFP
2023-02-06 13:21:00,81.3,81.3,81.3,81.3,115.0,PNFP
2023-02-06 13:19:00,81.24,81.26,81.24,81.26,243.0,PNFP
2023-02-06 13:15:00,81.31,81.31,81.25,81.25,455.0,PNFP
2023-02-06 13:14:00,81.16,81.22,81.16,81.22,692.0,PNFP
2023-02-06 13:13:00,81.155,81.18,81.13,81.15,1232.0,PNFP
2023-02-06 13:12:00,81.16,81.16,81.125,81.125,625.0,PNFP
2023-02-06 13:09:00,81.33,81.33,81.225,81.225,202.0,PNFP
2023-02-06 13:07:00,81.33,81.33,81.33,81.33,369.0,PNFP
2023-02-06 13:06:00,81.235,81.235,81.22,81.22,209.0,PNFP
2023-02-06 13:02:00,81.25,81.25,81.25,81.25,352.0,PNFP
2023-02-06 13:01:00,81.33,81.33,81.2976,81.2976,322.0,PNFP
2023-02-06 13:00:00,81.31,81.32,81.29,81.31,2223.0,PNFP
2023-02-06 12:59:00,81.325,81.39,81.325,81.39,1460.0,PNFP
2023-02-06 12:58:00,81.36,81.36,81.345,81.345,985.0,PNFP
2023-02-06 12:57:00,81.425,81.425,81.425,81.425,1584.0,PNFP
2023-02-06 12:55:00,81.425,81.425,81.425,81.425,200.0,PNFP
2023-02-06 12:51:00,81.52,81.52,81.44,81.44,1076.0,PNFP
2023-02-06 12:50:00,81.52,81.52,81.52,81.52,253.0,PNFP
2023-02-06 12:49:00,81.68,81.68,81.68,81.68,210.0,PNFP
2023-02-06 12:47:00,81.53,81.54,81.53,81.54,420.0,PNFP
2023-02-06 12:46:00,81.46,81.46,81.46,81.46,118.0,PNFP
2023-02-06 12:44:00,81.46,81.46,81.46,81.46,166.0,PNFP
2023-02-06 12:42:00,81.515,81.515,81.515,81.515,601.0,PNFP
2023-02-06 12:41:00,81.475,81.475,81.475,81.475,329.0,PNFP
2023-02-06 12:40:00,81.54,81.54,81.49,81.49,1553.0,PNFP
2023-02-06 12:38:00,81.57,81.64,81.57,81.62,1306.0,PNFP
2023-02-06 12:35:00,81.565,81.565,81.565,81.565,336.0,PNFP
2023-02-06 12:32:00,81.575,81.575,81.575,81.575,205.0,PNFP
2023-02-06 12:31:00,81.48,81.61,81.48,81.61,327.0,PNFP
2023-02-06 12:28:00,81.435,81.435,81.435,81.435,110.0,PNFP
2023-02-06 12:25:00,81.41,81.41,81.41,81.41,210.0,PNFP
2023-02-06 12:24:00,81.4,81.41,81.4,81.41,413.0,PNFP
2023-02-06 12:23:00,81.39,81.39,81.37,81.37,1267.0,PNFP
2023-02-06 12:22:00,81.36,81.42,81.36,81.42,251.0,PNFP
2023-02-06 12:21:00,81.35,81.395,81.35,81.395,665.0,PNFP
2023-02-06 12:20:00,81.3,81.3,81.3,81.3,149.0,PNFP
2023-02-06 12:18:00,81.32,81.325,81.32,81.325,410.0,PNFP
2023-02-06 12:17:00,81.16,81.2,81.15,81.2,1651.0,PNFP
2023-02-06 12:16:00,81.075,81.16,81.065,81.16,1021.0,PNFP
2023-02-06 12:15:00,81.22,81.22,81.22,81.22,400.0,PNFP
2023-02-06 12:14:00,81.47,81.47,81.23,81.23,2168.0,PNFP
2023-02-06 12:11:00,81.455,81.455,81.455,81.455,161.0,PNFP
2023-02-06 12:09:00,81.31,81.48,81.31,81.41,1461.0,PNFP
2023-02-06 12:08:00,81.37,81.37,81.26,81.29,3896.0,PNFP
2023-02-06 12:07:00,81.385,81.385,81.385,81.385,251.0,PNFP
2023-02-06 12:06:00,81.29,81.29,81.29,81.29,255.0,PNFP
2023-02-06 12:05:00,81.285,81.285,81.27,81.27,396.0,PNFP
2023-02-06 12:00:00,81.23,81.26,81.2,81.26,433.0,PNFP
2023-02-06 11:57:00,81.24,81.24,81.14,81.14,1651.0,PNFP
2023-02-06 11:56:00,81.19,81.19,81.19,81.19,119.0,PNFP
2023-02-06 11:52:00,81.18,81.23,81.18,81.23,335.0,PNFP
2023-02-06 11:50:00,81.18,81.215,81.1699,81.1699,586.0,PNFP
2023-02-06 11:49:00,81.1931,81.1931,81.1931,81.1931,137.0,PNFP
2023-02-06 11:48:00,81.28,81.28,81.28,81.28,195.0,PNFP
2023-02-06 11:47:00,81.31,81.31,81.2357,81.2357,852.0,PNFP
2023-02-06 11:46:00,81.395,81.395,81.395,81.395,1638.0,PNFP
2023-02-06 11:45:00,81.32,81.395,81.32,81.395,664.0,PNFP
2023-02-06 11:43:00,81.365,81.4,81.365,81.395,512.0,PNFP
2023-02-06 11:42:00,81.34,81.34,81.34,81.34,777.0,PNFP
2023-02-06 11:41:00,81.41,81.41,81.41,81.41,126.0,PNFP
2023-02-06 11:40:00,81.395,81.395,81.395,81.395,429.0,PNFP
2023-02-06 11:37:00,81.51,81.51,81.51,81.51,302.0,PNFP
2023-02-06 11:36:00,81.465,81.51,81.46,81.51,1055.0,PNFP
2023-02-06 11:35:00,81.57,81.57,81.49,81.545,1787.0,PNFP
2023-02-06 11:33:00,81.6,81.65,81.6,81.6,475.0,PNFP
2023-02-06 11:32:00,81.54,81.6,81.54,81.6,727.0,PNFP
2023-02-06 11:31:00,81.49,81.5,81.485,81.5,333.0,PNFP
2023-02-06 11:30:00,81.54,81.54,81.49,81.49,594.0,PNFP
2023-02-06 11:28:00,81.52,81.52,81.52,81.52,129.0,PNFP
2023-02-06 11:26:00,81.52,81.52,81.52,81.52,300.0,PNFP
2023-02-06 11:25:00,81.465,81.56,81.465,81.52,813.0,PNFP
2023-02-06 11:24:00,81.58,81.58,81.5,81.5,670.0,PNFP
2023-02-06 11:23:00,81.65,81.65,81.52,81.58,3672.0,PNFP
2023-02-06 11:22:00,81.67,81.67,81.67,81.67,129.0,PNFP
2023-02-06 11:21:00,81.605,81.77,81.605,81.77,1226.0,PNFP
2023-02-06 11:20:00,81.59,81.605,81.59,81.6025,303.0,PNFP
2023-02-06 11:18:00,81.48,81.49,81.48,81.48,821.0,PNFP
2023-02-06 11:16:00,81.51,81.51,81.46,81.46,572.0,PNFP
2023-02-06 11:15:00,81.435,81.435,81.435,81.435,310.0,PNFP
2023-02-06 11:13:00,81.44,81.49,81.44,81.49,210.0,PNFP
2023-02-06 11:11:00,81.42,81.42,81.42,81.42,364.0,PNFP
2023-02-06 11:10:00,81.445,81.445,81.365,81.365,619.0,PNFP
2023-02-06 11:09:00,81.46,81.46,81.46,81.46,235.0,PNFP
2023-02-06 11:07:00,81.405,81.48,81.405,81.48,441.0,PNFP
2023-02-06 11:06:00,81.365,81.37,81.34,81.365,572.0,PNFP
2023-02-06 11:05:00,81.43,81.43,81.37,81.37,698.0,PNFP
2023-02-06 11:04:00,81.34,81.42,81.34,81.41,1427.0,PNFP
2023-02-06 11:03:00,81.33,81.33,81.33,81.33,115.0,PNFP
2023-02-06 11:02:00,81.43,81.43,81.43,81.43,152.0,PNFP
2023-02-06 11:01:00,81.38,81.38,81.29,81.345,2143.0,PNFP
2023-02-06 11:00:00,81.38,81.42,81.38,81.42,205.0,PNFP
2023-02-06 10:59:00,81.385,81.385,81.385,81.385,108.0,PNFP
2023-02-06 10:58:00,81.4,81.44,81.4,81.44,576.0,PNFP
2023-02-06 10:57:00,81.3,81.3,81.3,81.3,105.0,PNFP
2023-02-06 10:56:00,81.2925,81.39,81.2925,81.39,602.0,PNFP
2023-02-06 10:55:00,81.295,81.295,81.295,81.295,106.0,PNFP
2023-02-06 10:54:00,81.285,81.39,81.2719,81.2719,694.0,PNFP
2023-02-06 10:53:00,81.275,81.37,81.275,81.37,205.0,PNFP
2023-02-06 10:52:00,81.115,81.2,81.115,81.2,393.0,PNFP
2023-02-06 10:51:00,81.01,81.01,81.01,81.01,554.0,PNFP
2023-02-06 10:50:00,80.94,80.94,80.94,80.94,289.0,PNFP
2023-02-06 10:49:00,80.96,80.96,80.95,80.95,213.0,PNFP
2023-02-06 10:48:00,80.96,80.96,80.96,80.96,156.0,PNFP
2023-02-06 10:47:00,80.9134,80.925,80.9134,80.925,328.0,PNFP
2023-02-06 10:46:00,80.94,80.95,80.91,80.93,844.0,PNFP
2023-02-06 10:45:00,80.935,80.935,80.935,80.935,204.0,PNFP
2023-02-06 10:44:00,80.9,80.9,80.9,80.9,331.0,PNFP
2023-02-06 10:42:00,80.8,80.93,80.8,80.895,1085.0,PNFP
2023-02-06 10:41:00,80.76,80.79,80.76,80.79,223.0,PNFP
2023-02-06 10:40:00,80.76,80.76,80.76,80.76,130.0,PNFP
2023-02-06 10:39:00,80.795,80.795,80.795,80.795,220.0,PNFP
2023-02-06 10:38:00,80.755,80.77,80.755,80.77,202.0,PNFP
2023-02-06 10:37:00,80.74,80.75,80.74,80.75,407.0,PNFP
2023-02-06 10:36:00,80.71,80.71,80.71,80.71,153.0,PNFP
2023-02-06 10:34:00,80.625,80.63,80.55,80.63,990.0,PNFP
2023-02-06 10:33:00,80.68,80.68,80.68,80.68,111.0,PNFP
2023-02-06 10:31:00,80.605,80.605,80.605,80.605,184.0,PNFP
2023-02-06 10:29:00,80.72,80.72,80.71,80.71,1180.0,PNFP
2023-02-06 10:28:00,80.83,80.83,80.83,80.83,124.0,PNFP
2023-02-06 10:27:00,80.87,80.87,80.7725,80.785,390.0,PNFP
2023-02-06 10:26:00,80.77,80.77,80.77,80.77,172.0,PNFP
2023-02-06 10:24:00,80.74,80.87,80.69,80.77,1329.0,PNFP
2023-02-06 10:23:00,80.62,80.685,80.6,80.685,415.0,PNFP
2023-02-06 10:22:00,80.545,80.6,80.545,80.6,3026.0,PNFP
2023-02-06 10:21:00,80.535,80.64,80.49,80.57,3650.0,PNFP
2023-02-06 10:20:00,80.52,80.53,80.52,80.52,3403.0,PNFP
2023-02-06 10:19:00,80.58,80.58,80.58,80.58,314.0,PNFP
2023-02-06 10:18:00,80.5,80.5,80.5,80.5,512.0,PNFP
2023-02-06 10:17:00,80.605,80.62,80.45,80.45,900.0,PNFP
2023-02-06 10:16:00,80.78,80.855,80.78,80.78,975.0,PNFP
2023-02-06 10:15:00,80.92,80.93,80.9,80.9,338.0,PNFP
2023-02-06 10:14:00,80.92,80.945,80.9,80.945,335.0,PNFP
2023-02-06 10:12:00,81.28,81.28,80.98,80.98,2202.0,PNFP
2023-02-06 10:11:00,81.3,81.3,81.3,81.3,316.0,PNFP
2023-02-06 10:10:00,81.415,81.415,81.415,81.415,202.0,PNFP
2023-02-06 10:09:00,81.41,81.41,81.41,81.41,460.0,PNFP
2023-02-06 10:08:00,81.415,81.415,81.384,81.384,1280.0,PNFP
2023-02-06 10:07:00,81.435,81.435,81.435,81.435,122.0,PNFP
2023-02-06 10:05:00,81.515,81.515,81.38,81.38,371.0,PNFP
2023-02-06 10:04:00,81.42,81.5,81.42,81.5,569.0,PNFP
2023-02-06 10:03:00,81.42,81.42,81.42,81.42,1119.0,PNFP
2023-02-06 10:02:00,81.41,81.485,81.34,81.485,1670.0,PNFP
2023-02-06 10:01:00,81.64,81.68,81.49,81.49,4326.0,PNFP
2023-02-06 10:00:00,81.775,81.78,81.76,81.76,1422.0,PNFP
2023-02-06 09:59:00,81.81,81.925,81.715,81.925,926.0,PNFP
2023-02-06 09:58:00,81.77,81.77,81.77,81.77,280.0,PNFP
2023-02-06 09:57:00,81.695,81.695,81.695,81.695,204.0,PNFP
2023-02-06 09:56:00,81.66,81.695,81.66,81.69,1304.0,PNFP
2023-02-06 09:55:00,81.58,81.58,81.58,81.58,244.0,PNFP
2023-02-06 09:54:00,81.66,81.66,81.58,81.58,352.0,PNFP
2023-02-06 09:53:00,81.73,81.73,81.73,81.73,269.0,PNFP
2023-02-06 09:51:00,81.665,81.665,81.665,81.665,150.0,PNFP
2023-02-06 09:50:00,81.43,81.71,81.43,81.545,576.0,PNFP
2023-02-06 09:49:00,81.45,81.6,81.45,81.6,375.0,PNFP
2023-02-06 09:48:00,81.35,81.35,81.35,81.35,114.0,PNFP
2023-02-06 09:47:00,81.42,81.42,81.42,81.42,111.0,PNFP
2023-02-06 09:46:00,81.795,81.795,81.795,81.795,213.0,PNFP
2023-02-06 09:44:00,81.49,81.49,81.465,81.465,297.0,PNFP
2023-02-06 09:42:00,81.73,81.73,81.52,81.52,1428.0,PNFP
2023-02-06 09:40:00,81.54,82.0,81.365,82.0,2572.0,PNFP
2023-02-06 09:38:00,81.39,81.39,81.39,81.39,112.0,PNFP
2023-02-06 09:35:00,81.55,81.57,81.475,81.475,678.0,PNFP
2023-02-06 09:31:00,81.3,81.3,81.25,81.25,1614.0,PNFP
2023-02-03 16:15:00,81.91,81.91,81.91,81.91,5000.0,PNFP
2023-02-03 16:03:00,81.91,81.91,81.91,81.91,3583.0,PNFP
2023-02-03 16:02:00,81.91,81.91,81.91,81.91,4046.0,PNFP
2023-02-03 16:01:00,81.91,81.91,81.91,81.91,8069.0,PNFP
2023-02-03 16:00:00,81.83,81.93,81.8,81.93,18208.0,PNFP
2023-02-03 15:59:00,81.67,81.82,81.651,81.82,11694.0,PNFP
2023-02-03 15:58:00,81.67,81.71,81.64,81.68,7020.0,PNFP
2023-02-03 15:57:00,81.51,81.67,81.5,81.66,12401.0,PNFP
2023-02-03 15:56:00,81.75,81.75,81.52,81.56,7968.0,PNFP
2023-02-03 15:55:00,81.735,81.8,81.72,81.73,4055.0,PNFP
2023-02-03 15:54:00,81.67,81.87,81.67,81.74,18984.0,PNFP
2023-02-03 15:53:00,81.58,81.64,81.58,81.64,3114.0,PNFP
2023-02-03 15:52:00,81.75,81.75,81.565,81.565,4427.0,PNFP
2023-02-03 15:51:00,81.68,81.735,81.62,81.735,1801.0,PNFP
2023-02-03 15:50:00,81.55,81.655,81.55,81.63,3696.0,PNFP
2023-02-03 15:49:00,81.54,81.58,81.52,81.58,1551.0,PNFP
2023-02-03 15:48:00,81.41,81.54,81.39,81.54,3793.0,PNFP
2023-02-03 15:47:00,81.21,81.41,81.21,81.41,3253.0,PNFP
2023-02-03 15:46:00,81.29,81.36,81.211,81.211,3425.0,PNFP
2023-02-03 15:45:00,81.32,81.32,81.295,81.295,1493.0,PNFP
2023-02-03 15:44:00,81.47,81.47,81.37,81.37,1377.0,PNFP
2023-02-03 15:43:00,81.48,81.49,81.48,81.49,535.0,PNFP
2023-02-03 15:42:00,81.435,81.5,81.435,81.47,2138.0,PNFP
2023-02-03 15:41:00,81.45,81.46,81.45,81.46,637.0,PNFP
2023-02-03 15:40:00,81.4,81.48,81.4,81.48,1557.0,PNFP
2023-02-03 15:39:00,81.3925,81.4,81.37,81.4,473.0,PNFP
2023-02-03 15:38:00,81.441,81.49,81.37,81.37,2577.0,PNFP
2023-02-03 15:37:00,81.475,81.51,81.475,81.48,951.0,PNFP
2023-02-03 15:36:00,81.43,81.46,81.37,81.44,5315.0,PNFP
2023-02-03 15:35:00,81.5,81.5,81.431,81.47,1328.0,PNFP
2023-02-03 15:34:00,81.63,81.63,81.535,81.535,1887.0,PNFP
2023-02-03 15:33:00,81.58,81.64,81.58,81.5901,1887.0,PNFP
2023-02-03 15:32:00,81.61,81.62,81.6,81.6,994.0,PNFP
2023-02-03 15:30:00,81.5,81.505,81.5,81.505,315.0,PNFP
2023-02-03 15:29:00,81.54,81.54,81.5,81.5,769.0,PNFP
2023-02-03 15:28:00,81.54,81.54,81.51,81.51,613.0,PNFP
2023-02-03 15:27:00,81.57,81.57,81.57,81.57,590.0,PNFP
2023-02-03 15:26:00,81.525,81.63,81.525,81.57,1849.0,PNFP
2023-02-03 15:25:00,81.525,81.525,81.52,81.52,701.0,PNFP
2023-02-03 15:24:00,81.53,81.53,81.53,81.53,1179.0,PNFP
2023-02-03 15:23:00,81.56,81.56,81.51,81.51,1721.0,PNFP
2023-02-03 15:22:00,81.75,81.75,81.57,81.58,4106.0,PNFP
2023-02-03 15:21:00,81.67,81.7,81.65,81.69,723.0,PNFP
2023-02-03 15:20:00,81.615,81.615,81.615,81.615,614.0,PNFP
2023-02-03 15:19:00,81.63,81.63,81.63,81.63,254.0,PNFP
2023-02-03 15:18:00,81.55,81.58,81.53,81.57,1256.0,PNFP
2023-02-03 15:17:00,81.39,81.43,81.39,81.43,1075.0,PNFP
2023-02-03 15:16:00,81.37,81.375,81.35,81.37,1798.0,PNFP
2023-02-03 15:15:00,81.382,81.4,81.37,81.37,2575.0,PNFP
2023-02-03 15:14:00,81.364,81.385,81.36,81.366,861.0,PNFP
2023-02-03 15:13:00,81.345,81.36,81.334,81.334,1026.0,PNFP
2023-02-03 15:12:00,81.33,81.33,81.31,81.31,937.0,PNFP
2023-02-03 15:11:00,81.31,81.355,81.31,81.31,1284.0,PNFP
2023-02-03 15:10:00,81.3,81.345,81.3,81.32,649.0,PNFP
2023-02-03 15:09:00,81.33,81.33,81.295,81.295,608.0,PNFP
2023-02-03 15:08:00,81.26,81.29,81.225,81.29,3141.0,PNFP
2023-02-03 15:07:00,81.225,81.225,81.225,81.225,518.0,PNFP
2023-02-03 15:06:00,81.23,81.23,81.22,81.225,1459.0,PNFP
2023-02-03 15:05:00,81.17,81.235,81.17,81.235,2079.0,PNFP
2023-02-03 15:01:00,81.34,81.34,81.23,81.23,608.0,PNFP
2023-02-03 15:00:00,81.46,81.46,81.355,81.36,1416.0,PNFP
2023-02-03 14:59:00,81.44,81.44,81.44,81.44,431.0,PNFP
2023-02-03 14:57:00,81.47,81.47,81.43,81.43,1267.0,PNFP
2023-02-03 14:56:00,81.61,81.66,81.51,81.51,1230.0,PNFP
2023-02-03 14:55:00,81.53,81.53,81.53,81.53,197.0,PNFP
2023-02-03 14:54:00,81.49,81.49,81.49,81.49,249.0,PNFP
2023-02-03 14:53:00,81.505,81.505,81.46,81.46,921.0,PNFP
2023-02-03 14:52:00,81.47,81.53,81.47,81.53,1844.0,PNFP
2023-02-03 14:51:00,81.475,81.475,81.47,81.47,464.0,PNFP
2023-02-03 14:50:00,81.405,81.48,81.405,81.48,984.0,PNFP
2023-02-03 14:49:00,81.37,81.41,81.37,81.41,677.0,PNFP
2023-02-03 14:48:00,81.32,81.37,81.32,81.37,928.0,PNFP
2023-02-03 14:47:00,81.38,81.38,81.38,81.38,134.0,PNFP
2023-02-03 14:46:00,81.43,81.43,81.38,81.38,1210.0,PNFP
2023-02-03 14:45:00,81.4594,81.4701,81.44,81.4701,1199.0,PNFP
2023-02-03 14:44:00,81.5,81.5,81.465,81.465,791.0,PNFP
2023-02-03 14:42:00,81.58,81.58,81.53,81.53,1168.0,PNFP
2023-02-03 14:41:00,81.75,81.755,81.685,81.685,5304.0,PNFP
2023-02-03 14:40:00,81.675,81.75,81.675,81.75,845.0,PNFP
2023-02-03 14:39:00,81.665,81.685,81.665,81.685,692.0,PNFP
2023-02-03 14:38:00,81.67,81.67,81.67,81.67,1005.0,PNFP
2023-02-03 14:37:00,81.655,81.655,81.655,81.655,109.0,PNFP
2023-02-03 14:35:00,81.68,81.68,81.63,81.63,747.0,PNFP
2023-02-03 14:34:00,81.7544,81.7544,81.7544,81.7544,203.0,PNFP
2023-02-03 14:32:00,81.69,81.69,81.67,81.67,519.0,PNFP
2023-02-03 14:31:00,81.63,81.63,81.545,81.545,1122.0,PNFP
2023-02-03 14:30:00,81.61,81.63,81.61,81.63,318.0,PNFP
2023-02-03 14:27:00,81.555,81.555,81.555,81.555,137.0,PNFP
2023-02-03 14:26:00,81.555,81.555,81.555,81.555,139.0,PNFP
2023-02-03 14:25:00,81.555,81.555,81.555,81.555,326.0,PNFP
2023-02-03 14:24:00,81.61,81.61,81.57,81.58,1180.0,PNFP
2023-02-03 14:22:00,81.61,81.61,81.61,81.61,147.0,PNFP
2023-02-03 14:20:00,81.61,81.61,81.53,81.53,772.0,PNFP
2023-02-03 14:18:00,81.68,81.68,81.64,81.64,348.0,PNFP
2023-02-03 14:17:00,81.68,81.68,81.68,81.68,221.0,PNFP
2023-02-03 14:13:00,81.55,81.645,81.55,81.645,1478.0,PNFP
2023-02-03 14:12:00,81.62,81.62,81.54,81.54,1576.0,PNFP
2023-02-03 14:11:00,81.63,81.63,81.63,81.63,267.0,PNFP
2023-02-03 14:10:00,81.705,81.705,81.6,81.62,1501.0,PNFP
2023-02-03 14:09:00,81.705,81.705,81.68,81.68,706.0,PNFP
2023-02-03 14:08:00,81.645,81.645,81.61,81.635,507.0,PNFP
2023-02-03 14:07:00,81.63,81.67,81.63,81.66,848.0,PNFP
2023-02-03 14:06:00,81.63,81.63,81.63,81.63,202.0,PNFP
2023-02-03 14:05:00,81.64,81.64,81.64,81.64,405.0,PNFP
2023-02-03 14:04:00,81.65,81.65,81.65,81.65,102.0,PNFP
2023-02-03 14:02:00,81.58,81.67,81.58,81.67,476.0,PNFP
2023-02-03 14:01:00,81.62,81.625,81.62,81.625,265.0,PNFP
2023-02-03 14:00:00,81.59,81.63,81.59,81.63,314.0,PNFP
2023-02-03 13:59:00,81.62,81.645,81.56,81.56,833.0,PNFP
2023-02-03 13:57:00,81.68,81.74,81.68,81.68,958.0,PNFP
2023-02-03 13:56:00,81.71,81.73,81.66,81.73,985.0,PNFP
2023-02-03 13:55:00,81.72,81.72,81.72,81.72,102.0,PNFP
2023-02-03 13:53:00,81.74,81.74,81.68,81.72,1802.0,PNFP
2023-02-03 13:52:00,81.76,81.76,81.745,81.745,3019.0,PNFP
2023-02-03 13:51:00,81.75,81.79,81.75,81.77,3674.0,PNFP
2023-02-03 13:49:00,81.535,81.58,81.535,81.58,674.0,PNFP
2023-02-03 13:48:00,81.5,81.51,81.5,81.51,369.0,PNFP
2023-02-03 13:47:00,81.52,81.52,81.51,81.51,480.0,PNFP
2023-02-03 13:46:00,81.48,81.48,81.48,81.48,576.0,PNFP
2023-02-03 13:44:00,81.535,81.545,81.53,81.53,542.0,PNFP
2023-02-03 13:43:00,81.48,81.57,81.48,81.5384,2131.0,PNFP
2023-02-03 13:42:00,81.53,81.55,81.47,81.47,1650.0,PNFP
2023-02-03 13:41:00,81.585,81.6,81.585,81.6,203.0,PNFP
2023-02-03 13:40:00,81.57,81.57,81.55,81.55,466.0,PNFP
2023-02-03 13:39:00,81.62,81.62,81.62,81.62,145.0,PNFP
2023-02-03 13:38:00,81.54,81.54,81.54,81.54,541.0,PNFP
2023-02-03 13:37:00,81.49,81.52,81.46,81.51,2769.0,PNFP
2023-02-03 13:36:00,81.43,81.455,81.415,81.455,1364.0,PNFP
2023-02-03 13:35:00,81.55,81.55,81.48,81.48,432.0,PNFP
2023-02-03 13:34:00,81.555,81.555,81.555,81.555,428.0,PNFP
2023-02-03 13:31:00,81.26,81.26,81.26,81.26,729.0,PNFP
2023-02-03 13:30:00,81.28,81.28,81.28,81.28,237.0,PNFP
2023-02-03 13:28:00,81.37,81.37,81.33,81.33,1013.0,PNFP
2023-02-03 13:26:00,81.4,81.415,81.4,81.415,250.0,PNFP
2023-02-03 13:25:00,81.43,81.43,81.41,81.425,892.0,PNFP
2023-02-03 13:24:00,81.525,81.525,81.52,81.525,717.0,PNFP
2023-02-03 13:22:00,81.55,81.55,81.505,81.51,1200.0,PNFP
2023-02-03 13:21:00,81.59,81.605,81.57,81.57,1373.0,PNFP
2023-02-03 13:20:00,81.56,81.6,81.56,81.6,1894.0,PNFP
2023-02-03 13:19:00,81.515,81.515,81.515,81.515,433.0,PNFP
2023-02-03 13:18:00,81.6,81.605,81.515,81.515,2460.0,PNFP
2023-02-03 13:17:00,81.495,81.495,81.495,81.495,240.0,PNFP
2023-02-03 13:16:00,81.48,81.495,81.48,81.495,752.0,PNFP
2023-02-03 13:15:00,81.435,81.45,81.385,81.45,1180.0,PNFP
2023-02-03 13:14:00,81.505,81.505,81.48,81.48,512.0,PNFP
2023-02-03 13:12:00,81.53,81.53,81.53,81.53,155.0,PNFP
2023-02-03 13:11:00,81.55,81.55,81.49,81.54,758.0,PNFP
2023-02-03 13:09:00,81.71,81.71,81.64,81.64,686.0,PNFP
2023-02-03 13:08:00,81.72,81.72,81.72,81.72,332.0,PNFP
2023-02-03 13:07:00,81.8163,81.835,81.8163,81.835,421.0,PNFP
2023-02-03 13:06:00,81.72,81.81,81.72,81.81,976.0,PNFP
2023-02-03 13:05:00,81.76,81.77,81.695,81.695,2167.0,PNFP
2023-02-03 13:04:00,81.76,81.79,81.76,81.79,451.0,PNFP
2023-02-03 13:03:00,81.78,81.78,81.73,81.73,1254.0,PNFP
2023-02-03 12:59:00,81.86,81.86,81.745,81.75,1476.0,PNFP
2023-02-03 12:56:00,82.02,82.02,82.02,82.02,256.0,PNFP
2023-02-03 12:55:00,81.905,82.01,81.905,82.01,945.0,PNFP
2023-02-03 12:53:00,81.98,81.98,81.94,81.94,811.0,PNFP
2023-02-03 12:52:00,81.94,81.94,81.94,81.94,416.0,PNFP
2023-02-03 12:51:00,81.97,81.97,81.86,81.89,4092.0,PNFP
2023-02-03 12:50:00,82.035,82.035,82.035,82.035,400.0,PNFP
2023-02-03 12:49:00,82.05,82.05,82.03,82.045,603.0,PNFP
2023-02-03 12:47:00,82.09,82.09,82.08,82.08,372.0,PNFP
2023-02-03 12:45:00,82.21,82.25,82.11,82.11,13136.0,PNFP
2023-02-03 12:44:00,82.23,82.23,82.2,82.2,859.0,PNFP
2023-02-03 12:43:00,82.22,82.22,82.165,82.165,1160.0,PNFP
2023-02-03 12:42:00,82.24,82.25,82.22,82.24,4256.0,PNFP
2023-02-03 12:41:00,82.25,82.265,82.24,82.24,1124.0,PNFP
2023-02-03 12:40:00,82.24,82.26,82.24,82.24,646.0,PNFP
2023-02-03 12:39:00,82.23,82.23,82.23,82.23,121.0,PNFP
2023-02-03 12:37:00,82.45,82.45,82.24,82.24,3868.0,PNFP
2023-02-03 12:36:00,82.22,82.4,82.22,82.4,1277.0,PNFP
2023-02-03 12:35:00,82.15,82.1825,82.15,82.1825,345.0,PNFP
2023-02-03 12:34:00,82.17,82.195,82.17,82.195,858.0,PNFP
2023-02-03 12:31:00,82.17,82.17,82.17,82.17,684.0,PNFP
2023-02-03 12:30:00,82.19,82.212,82.17,82.212,4878.0,PNFP
2023-02-03 12:29:00,82.18,82.205,82.18,82.205,551.0,PNFP
2023-02-03 12:28:00,82.13,82.13,82.13,82.13,152.0,PNFP
2023-02-03 12:27:00,82.18,82.18,82.18,82.18,243.0,PNFP
2023-02-03 12:23:00,81.99,82.07,81.99,82.0425,1083.0,PNFP
2023-02-03 12:22:00,81.905,81.905,81.905,81.905,285.0,PNFP
2023-02-03 12:21:00,81.89,81.9,81.89,81.9,200.0,PNFP
2023-02-03 12:20:00,81.84,81.88,81.84,81.88,767.0,PNFP
2023-02-03 12:19:00,81.85,81.85,81.84,81.84,626.0,PNFP
2023-02-03 12:18:00,81.92,81.9225,81.92,81.9225,200.0,PNFP
2023-02-03 12:16:00,81.95,81.95,81.95,81.95,164.0,PNFP
2023-02-03 12:15:00,81.98,81.98,81.98,81.98,139.0,PNFP
2023-02-03 12:13:00,81.84,81.84,81.84,81.84,418.0,PNFP
2023-02-03 12:12:00,81.855,81.855,81.855,81.855,497.0,PNFP
2023-02-03 12:10:00,81.9,81.9,81.83,81.83,795.0,PNFP
2023-02-03 12:06:00,81.85,81.85,81.85,81.85,228.0,PNFP
2023-02-03 12:02:00,81.75,81.76,81.75,81.76,704.0,PNFP
2023-02-03 12:00:00,81.81,81.81,81.81,81.81,569.0,PNFP
2023-02-03 11:59:00,81.845,81.845,81.845,81.845,469.0,PNFP
2023-02-03 11:58:00,81.895,81.895,81.895,81.895,148.0,PNFP
2023-02-03 11:57:00,81.93,81.95,81.87,81.88,2099.0,PNFP
2023-02-03 11:56:00,81.85,81.86,81.83,81.86,534.0,PNFP
2023-02-03 11:54:00,81.89,81.9,81.89,81.9,679.0,PNFP
2023-02-03 11:53:00,81.81,81.81,81.81,81.81,483.0,PNFP
2023-02-03 11:51:00,81.73,81.73,81.73,81.73,511.0,PNFP
2023-02-03 11:50:00,81.8,81.8,81.65,81.69,2380.0,PNFP
2023-02-03 11:49:00,81.835,81.835,81.835,81.835,324.0,PNFP
2023-02-03 11:48:00,81.87,81.875,81.835,81.835,795.0,PNFP
2023-02-03 11:46:00,81.91,81.91,81.91,81.91,421.0,PNFP
2023-02-03 11:43:00,81.95,82.0,81.95,81.96,2198.0,PNFP
2023-02-03 11:42:00,82.0,82.0,82.0,82.0,2675.0,PNFP
2023-02-03 11:40:00,81.93,81.93,81.84,81.84,941.0,PNFP
2023-02-03 11:39:00,81.98,81.98,81.96,81.96,905.0,PNFP
2023-02-03 11:38:00,82.066,82.066,82.066,82.066,517.0,PNFP
2023-02-03 11:36:00,82.045,82.045,82.045,82.045,561.0,PNFP
2023-02-03 11:35:00,82.015,82.015,82.015,82.015,423.0,PNFP
2023-02-03 11:33:00,82.02,82.02,81.98,81.98,1255.0,PNFP
2023-02-03 11:32:00,82.14,82.16,82.08,82.08,3466.0,PNFP
2023-02-03 11:30:00,82.1152,82.1152,82.1152,82.1152,218.0,PNFP
2023-02-03 11:29:00,82.04,82.04,82.04,82.04,523.0,PNFP
2023-02-03 11:28:00,81.91,81.91,81.86,81.9,1686.0,PNFP
2023-02-03 11:27:00,81.88,81.97,81.88,81.97,860.0,PNFP
2023-02-03 11:26:00,81.84,81.84,81.84,81.84,316.0,PNFP
2023-02-03 11:25:00,82.1,82.105,81.87,81.87,3119.0,PNFP
2023-02-03 11:23:00,81.97,82.04,81.97,82.04,1013.0,PNFP
2023-02-03 11:20:00,81.94,82.03,81.94,81.945,2075.0,PNFP
2023-02-03 11:19:00,81.9949,81.9949,81.96,81.985,1113.0,PNFP
2023-02-03 11:15:00,82.02,82.02,82.01,82.02,809.0,PNFP
2023-02-03 11:13:00,82.08,82.08,81.97,81.97,1664.0,PNFP
2023-02-03 11:12:00,82.1,82.1,82.1,82.1,1330.0,PNFP
2023-02-03 11:11:00,82.06,82.1,82.06,82.1,1720.0,PNFP
2023-02-03 11:10:00,82.05,82.05,82.05,82.05,602.0,PNFP
2023-02-03 11:08:00,82.16,82.16,82.08,82.08,1337.0,PNFP
2023-02-03 11:07:00,82.26,82.27,82.235,82.26,2020.0,PNFP
2023-02-03 11:06:00,82.28,82.28,82.23,82.26,1540.0,PNFP
2023-02-03 11:05:00,82.3,82.3,82.28,82.3,2240.0,PNFP
2023-02-03 11:03:00,82.34,82.34,82.34,82.34,229.0,PNFP
2023-02-03 11:02:00,82.36,82.36,82.35,82.35,551.0,PNFP
2023-02-03 11:00:00,82.06,82.19,82.06,82.19,834.0,PNFP
2023-02-03 10:59:00,82.0,82.07,82.0,82.07,324.0,PNFP
2023-02-03 10:58:00,81.96,82.0,81.95,82.0,1230.0,PNFP
2023-02-03 10:57:00,82.02,82.02,82.0,82.02,745.0,PNFP
2023-02-03 10:56:00,82.033,82.033,82.033,82.033,318.0,PNFP
2023-02-03 10:55:00,82.0175,82.04,82.01,82.04,880.0,PNFP
2023-02-03 10:53:00,82.13,82.13,82.09,82.09,1980.0,PNFP
2023-02-03 10:51:00,82.03,82.105,82.02,82.02,894.0,PNFP
2023-02-03 10:50:00,82.18,82.18,82.18,82.18,145.0,PNFP
2023-02-03 10:48:00,82.11,82.11,82.11,82.11,457.0,PNFP
2023-02-03 10:47:00,82.14,82.14,82.13,82.13,947.0,PNFP
2023-02-03 10:44:00,82.26,82.26,82.26,82.26,305.0,PNFP
2023-02-03 10:43:00,82.14,82.22,82.14,82.18,1345.0,PNFP
2023-02-03 10:41:00,82.14,82.14,82.14,82.14,720.0,PNFP
2023-02-03 10:40:00,82.16,82.17,82.16,82.17,1057.0,PNFP
2023-02-03 10:39:00,82.14,82.19,82.14,82.19,498.0,PNFP
2023-02-03 10:38:00,81.98,81.98,81.98,81.98,232.0,PNFP
2023-02-03 10:37:00,82.04,82.04,81.945,81.945,1167.0,PNFP
2023-02-03 10:35:00,82.03,82.08,82.03,82.08,942.0,PNFP
2023-02-03 10:34:00,82.04,82.04,81.97,81.97,1032.0,PNFP
2023-02-03 10:33:00,81.92,82.01,81.92,82.01,3246.0,PNFP
2023-02-03 10:32:00,82.03,82.04,81.92,81.93,5857.0,PNFP
2023-02-03 10:31:00,82.1,82.1,82.1,82.1,391.0,PNFP
2023-02-03 10:30:00,82.14,82.14,81.94,81.97,1051.0,PNFP
2023-02-03 10:29:00,81.85,82.14,81.85,82.04,1244.0,PNFP
2023-02-03 10:26:00,81.865,81.865,81.865,81.865,199.0,PNFP
2023-02-03 10:24:00,81.76,81.76,81.73,81.74,1181.0,PNFP
2023-02-03 10:23:00,81.875,81.94,81.68,81.685,6324.0,PNFP
2023-02-03 10:22:00,81.83,81.83,81.83,81.83,108.0,PNFP
2023-02-03 10:20:00,81.9,81.915,81.86,81.9,894.0,PNFP
2023-02-03 10:19:00,81.99,81.99,81.99,81.99,229.0,PNFP
2023-02-03 10:18:00,81.81,81.83,81.81,81.83,320.0,PNFP
2023-02-03 10:16:00,82.16,82.16,81.91,81.91,1014.0,PNFP
2023-02-03 10:13:00,81.7,81.7,81.7,81.7,543.0,PNFP
2023-02-03 10:12:00,81.58,81.65,81.58,81.65,1987.0,PNFP
2023-02-03 10:10:00,81.49,81.67,81.49,81.67,718.0,PNFP
2023-02-03 10:09:00,81.53,81.53,81.53,81.53,466.0,PNFP
2023-02-03 10:08:00,81.49,81.49,81.44,81.475,1929.0,PNFP
2023-02-03 10:05:00,81.53,81.67,81.53,81.67,791.0,PNFP
2023-02-03 10:04:00,81.54,81.54,81.42,81.42,444.0,PNFP
2023-02-03 10:03:00,81.49,81.49,81.2816,81.31,4719.0,PNFP
2023-02-03 10:02:00,81.24,81.41,81.24,81.41,1154.0,PNFP
2023-02-03 10:01:00,81.23,81.34,81.01,81.075,2732.0,PNFP
2023-02-03 10:00:00,81.49,81.49,81.365,81.365,234.0,PNFP
2023-02-03 09:56:00,81.34,81.49,81.3,81.3,4510.0,PNFP
2023-02-03 09:55:00,81.33,81.415,81.24,81.38,7388.0,PNFP
2023-02-03 09:54:00,81.28,81.425,81.28,81.38,1960.0,PNFP
2023-02-03 09:52:00,81.7226,81.7226,81.7226,81.7226,195.0,PNFP
2023-02-03 09:51:00,81.305,81.425,81.28,81.28,523.0,PNFP
2023-02-03 09:49:00,81.1101,81.365,81.1101,81.28,450.0,PNFP
2023-02-03 09:48:00,81.285,81.285,81.285,81.285,502.0,PNFP
2023-02-03 09:46:00,81.48,81.73,81.08,81.08,3201.0,PNFP
2023-02-03 09:45:00,81.75,81.75,81.48,81.62,711.0,PNFP
2023-02-03 09:44:00,81.44,81.615,81.44,81.48,1023.0,PNFP
2023-02-03 09:43:00,81.5,81.79,81.5,81.79,1431.0,PNFP
2023-02-03 09:42:00,81.5066,81.5066,81.5066,81.5066,450.0,PNFP
2023-02-03 09:41:00,81.66,81.66,81.66,81.66,221.0,PNFP
2023-02-03 09:40:00,81.74,81.74,81.74,81.74,110.0,PNFP
2023-02-03 09:39:00,81.685,81.74,81.685,81.74,235.0,PNFP
2023-02-03 09:38:00,81.665,81.685,81.64,81.64,301.0,PNFP
2023-02-03 09:37:00,81.56,81.56,81.405,81.48,1026.0,PNFP
2023-02-03 09:36:00,79.175,81.15,79.175,81.02,4620.0,PNFP
2023-02-03 09:35:00,79.59,79.89,78.2,79.89,7950.0,PNFP
2023-02-03 09:34:00,79.47,79.86,79.47,79.475,1112.0,PNFP
2023-02-03 09:31:00,81.25,82.54,81.25,82.54,2076.0,PNFP
2023-02-02 16:02:00,82.01,82.01,82.01,82.01,2542.0,PNFP
2023-02-02 16:01:00,82.01,82.01,82.01,82.01,7155.0,PNFP
2023-02-02 16:00:00,81.875,82.04,81.85,82.02,16804.0,PNFP
2023-02-02 15:59:00,81.89,81.89,81.85,81.875,13484.0,PNFP
2023-02-02 15:58:00,81.89,81.93,81.865,81.89,9910.0,PNFP
2023-02-02 15:57:00,81.745,81.89,81.745,81.88,9522.0,PNFP
2023-02-02 15:56:00,81.9,81.9,81.7,81.735,14549.0,PNFP
2023-02-02 15:55:00,81.735,81.905,81.735,81.87,6956.0,PNFP
2023-02-02 15:54:00,81.855,81.875,81.735,81.735,7708.0,PNFP
2023-02-02 15:53:00,81.75,81.83,81.75,81.83,4853.0,PNFP
2023-02-02 15:52:00,81.75,81.78,81.7352,81.77,4497.0,PNFP
2023-02-02 15:51:00,81.72,81.8,81.72,81.75,3354.0,PNFP
2023-02-02 15:50:00,81.63,81.67,81.63,81.67,1907.0,PNFP
2023-02-02 15:49:00,81.71,81.72,81.67,81.67,2646.0,PNFP
2023-02-02 15:48:00,81.68,81.705,81.645,81.68,2191.0,PNFP
2023-02-02 15:47:00,81.611,81.72,81.611,81.72,3260.0,PNFP
2023-02-02 15:46:00,81.65,81.65,81.55,81.645,3855.0,PNFP
2023-02-02 15:45:00,81.72,81.72,81.67,81.715,1367.0,PNFP
2023-02-02 15:44:00,81.79,81.79,81.69,81.72,2753.0,PNFP
2023-02-02 15:43:00,81.72,81.83,81.72,81.83,4711.0,PNFP
2023-02-02 15:42:00,81.745,81.745,81.66,81.7,2929.0,PNFP
2023-02-02 15:41:00,81.83,81.83,81.74,81.755,2831.0,PNFP
2023-02-02 15:40:00,81.785,81.785,81.785,81.785,383.0,PNFP
2023-02-02 15:39:00,81.78,81.82,81.73,81.75,1681.0,PNFP
2023-02-02 15:38:00,81.655,81.74,81.64,81.74,1597.0,PNFP
2023-02-02 15:37:00,81.775,81.81,81.64,81.64,5852.0,PNFP
2023-02-02 15:36:00,81.82,81.82,81.775,81.81,1610.0,PNFP
2023-02-02 15:35:00,81.79,81.815,81.79,81.81,559.0,PNFP
2023-02-02 15:34:00,81.68,81.7,81.68,81.68,2236.0,PNFP
2023-02-02 15:33:00,81.62,81.64,81.61,81.64,2785.0,PNFP
2023-02-02 15:32:00,81.64,81.68,81.63,81.645,1235.0,PNFP
2023-02-02 15:31:00,81.62,81.62,81.62,81.62,828.0,PNFP
2023-02-02 15:30:00,81.49,81.54,81.49,81.54,1492.0,PNFP
2023-02-02 15:29:00,81.34,81.42,81.325,81.37,3267.0,PNFP
2023-02-02 15:28:00,81.3,81.38,81.3,81.35,3132.0,PNFP
2023-02-02 15:27:00,81.23,81.28,81.2,81.28,1390.0,PNFP
2023-02-02 15:26:00,81.2,81.24,81.2,81.2,1545.0,PNFP
2023-02-02 15:25:00,81.2,81.2,81.175,81.175,454.0,PNFP
2023-02-02 15:24:00,81.1,81.13,81.1,81.13,867.0,PNFP
2023-02-02 15:23:00,81.075,81.075,81.075,81.075,653.0,PNFP
2023-02-02 15:22:00,81.2,81.205,81.15,81.15,1034.0,PNFP
2023-02-02 15:21:00,81.12,81.25,81.075,81.2,6305.0,PNFP
2023-02-02 15:20:00,81.25,81.27,81.15,81.15,4509.0,PNFP
2023-02-02 15:19:00,81.295,81.31,81.24,81.25,3493.0,PNFP
2023-02-02 15:18:00,81.315,81.315,81.295,81.295,1440.0,PNFP
2023-02-02 15:17:00,81.31,81.31,81.31,81.31,246.0,PNFP
2023-02-02 15:16:00,81.39,81.4,81.3,81.31,1478.0,PNFP
2023-02-02 15:15:00,81.52,81.52,81.38,81.4,3193.0,PNFP
2023-02-02 15:14:00,81.505,81.515,81.505,81.515,414.0,PNFP
2023-02-02 15:13:00,81.515,81.515,81.46,81.505,2371.0,PNFP
2023-02-02 15:12:00,81.515,81.515,81.515,81.515,379.0,PNFP
2023-02-02 15:11:00,81.515,81.515,81.51,81.51,321.0,PNFP
2023-02-02 15:10:00,81.4225,81.4225,81.4225,81.4225,213.0,PNFP
2023-02-02 15:09:00,81.445,81.57,81.42,81.45,17796.0,PNFP
2023-02-02 15:08:00,81.51,81.51,81.51,81.51,288.0,PNFP
2023-02-02 15:07:00,81.41,81.46,81.4,81.46,881.0,PNFP
2023-02-02 15:06:00,81.22,81.3,81.22,81.26,537.0,PNFP
2023-02-02 15:05:00,81.17,81.17,81.155,81.155,552.0,PNFP
2023-02-02 15:04:00,81.08,81.17,81.06,81.17,1343.0,PNFP
2023-02-02 15:03:00,81.06,81.14,81.06,81.14,1746.0,PNFP
2023-02-02 15:02:00,81.07,81.07,81.07,81.07,305.0,PNFP
2023-02-02 15:01:00,81.17,81.17,80.91,81.01,13071.0,PNFP
2023-02-02 15:00:00,81.14,81.18,81.14,81.18,1086.0,PNFP
2023-02-02 14:59:00,81.2,81.2,81.09,81.135,1041.0,PNFP
2023-02-02 14:58:00,81.2,81.205,81.19,81.205,730.0,PNFP
2023-02-02 14:57:00,81.4,81.41,81.205,81.205,3586.0,PNFP
2023-02-02 14:56:00,81.45,81.53,81.43,81.43,1858.0,PNFP
2023-02-02 14:55:00,81.51,81.51,81.5,81.5,432.0,PNFP
2023-02-02 14:54:00,81.495,81.495,81.43,81.43,1684.0,PNFP
2023-02-02 14:53:00,81.49,81.52,81.45,81.495,2086.0,PNFP
2023-02-02 14:50:00,81.34,81.39,81.34,81.39,822.0,PNFP
2023-02-02 14:49:00,81.27,81.39,81.26,81.2875,4232.0,PNFP
2023-02-02 14:48:00,81.29,81.29,81.2625,81.2625,812.0,PNFP
2023-02-02 14:47:00,81.34,81.34,81.34,81.34,305.0,PNFP
2023-02-02 14:46:00,81.445,81.445,81.385,81.385,1442.0,PNFP
2023-02-02 14:45:00,81.44,81.47,81.44,81.47,1575.0,PNFP
2023-02-02 14:44:00,81.43,81.44,81.4,81.4,1892.0,PNFP
2023-02-02 14:43:00,81.57,81.59,81.48,81.59,14036.0,PNFP
2023-02-02 14:42:00,81.61,81.64,81.57,81.57,3798.0,PNFP
2023-02-02 14:41:00,81.62,81.66,81.62,81.66,2154.0,PNFP
2023-02-02 14:40:00,81.72,81.74,81.67,81.67,2565.0,PNFP
2023-02-02 14:39:00,81.73,81.76,81.73,81.76,1558.0,PNFP
2023-02-02 14:38:00,81.675,81.675,81.65,81.65,685.0,PNFP
2023-02-02 14:37:00,81.62,81.625,81.62,81.625,585.0,PNFP
2023-02-02 14:36:00,81.62,81.63,81.605,81.605,1297.0,PNFP
2023-02-02 14:35:00,81.62,81.62,81.55,81.55,2462.0,PNFP
2023-02-02 14:34:00,81.63,81.63,81.61,81.61,785.0,PNFP
2023-02-02 14:33:00,81.64,81.64,81.61,81.61,494.0,PNFP
2023-02-02 14:32:00,81.67,81.68,81.655,81.655,1332.0,PNFP
2023-02-02 14:31:00,81.66,81.685,81.66,81.68,1023.0,PNFP
2023-02-02 14:30:00,81.615,81.615,81.6,81.61,536.0,PNFP
2023-02-02 14:29:00,81.59,81.615,81.59,81.615,341.0,PNFP
2023-02-02 14:28:00,81.61,81.61,81.61,81.61,180.0,PNFP
2023-02-02 14:27:00,81.65,81.65,81.61,81.61,493.0,PNFP
2023-02-02 14:26:00,81.63,81.69,81.63,81.63,903.0,PNFP
2023-02-02 14:25:00,81.68,81.68,81.6325,81.65,954.0,PNFP
2023-02-02 14:24:00,81.745,81.745,81.745,81.745,462.0,PNFP
2023-02-02 14:23:00,81.81,81.81,81.73,81.73,2664.0,PNFP
2023-02-02 14:22:00,81.88,81.885,81.76,81.7825,3158.0,PNFP
2023-02-02 14:21:00,81.82,81.9,81.82,81.88,517.0,PNFP
2023-02-02 14:20:00,81.87,81.95,81.87,81.875,661.0,PNFP
2023-02-02 14:19:00,81.86,81.87,81.86,81.86,433.0,PNFP
2023-02-02 14:18:00,81.72,81.86,81.72,81.86,1949.0,PNFP
2023-02-02 14:17:00,81.67,81.67,81.62,81.62,321.0,PNFP
2023-02-02 14:16:00,81.67,81.67,81.67,81.67,390.0,PNFP
2023-02-02 14:15:00,81.74,81.74,81.58,81.58,2481.0,PNFP
2023-02-02 14:14:00,81.72,81.72,81.68,81.68,1066.0,PNFP
2023-02-02 14:13:00,81.79,81.79,81.69,81.765,1744.0,PNFP
2023-02-02 14:12:00,81.98,81.98,81.88,81.88,2418.0,PNFP
2023-02-02 14:11:00,82.01,82.01,82.01,82.01,258.0,PNFP
2023-02-02 14:10:00,82.06,82.06,82.01,82.01,1103.0,PNFP
2023-02-02 14:08:00,82.035,82.035,81.99,81.99,1221.0,PNFP
2023-02-02 14:07:00,82.03,82.055,82.03,82.055,365.0,PNFP
2023-02-02 14:05:00,82.075,82.075,81.99,81.99,752.0,PNFP
2023-02-02 14:04:00,82.105,82.13,82.05,82.06,2019.0,PNFP
2023-02-02 14:03:00,82.1,82.1,82.085,82.085,488.0,PNFP
2023-02-02 14:02:00,82.115,82.1274,82.115,82.1274,847.0,PNFP
2023-02-02 14:01:00,82.22,82.28,82.13,82.13,2967.0,PNFP
2023-02-02 14:00:00,82.28,82.28,82.2,82.21,3330.0,PNFP
2023-02-02 13:59:00,82.31,82.31,82.285,82.285,493.0,PNFP
2023-02-02 13:58:00,82.18,82.29,82.18,82.26,1449.0,PNFP
2023-02-02 13:57:00,82.17,82.17,82.17,82.17,100.0,PNFP
2023-02-02 13:56:00,82.17,82.17,82.16,82.16,274.0,PNFP
2023-02-02 13:55:00,82.14,82.17,82.14,82.17,593.0,PNFP
2023-02-02 13:54:00,82.155,82.16,82.155,82.16,655.0,PNFP
2023-02-02 13:53:00,82.13,82.14,82.13,82.14,351.0,PNFP
2023-02-02 13:52:00,82.195,82.195,82.11,82.11,1582.0,PNFP
2023-02-02 13:51:00,82.225,82.24,82.185,82.195,2413.0,PNFP
2023-02-02 13:50:00,82.235,82.235,82.235,82.235,206.0,PNFP
2023-02-02 13:49:00,82.28,82.285,82.22,82.22,3488.0,PNFP
2023-02-02 13:48:00,82.26,82.29,82.26,82.28,654.0,PNFP
2023-02-02 13:47:00,82.22,82.22,82.22,82.22,320.0,PNFP
2023-02-02 13:45:00,82.16,82.16,82.16,82.16,702.0,PNFP
2023-02-02 13:44:00,82.105,82.105,82.09,82.09,211.0,PNFP
2023-02-02 13:43:00,82.05,82.075,82.04,82.075,1826.0,PNFP
2023-02-02 13:41:00,82.04,82.1,82.04,82.1,1491.0,PNFP
2023-02-02 13:39:00,81.98,81.98,81.93,81.98,1301.0,PNFP
2023-02-02 13:38:00,81.99,81.99,81.99,81.99,102.0,PNFP
2023-02-02 13:37:00,81.935,81.935,81.935,81.935,525.0,PNFP
2023-02-02 13:36:00,81.91,81.945,81.8075,81.9,10730.0,PNFP
2023-02-02 13:34:00,81.96,81.96,81.96,81.96,101.0,PNFP
2023-02-02 13:33:00,81.85,81.895,81.85,81.895,749.0,PNFP
2023-02-02 13:32:00,81.755,81.83,81.755,81.83,697.0,PNFP
2023-02-02 13:31:00,81.73,81.74,81.7,81.735,1244.0,PNFP
2023-02-02 13:30:00,81.805,81.805,81.76,81.76,1228.0,PNFP
2023-02-02 13:29:00,81.8125,81.8125,81.8125,81.8125,472.0,PNFP
2023-02-02 13:28:00,81.77,81.79,81.75,81.77,1084.0,PNFP
2023-02-02 13:27:00,81.76,81.76,81.69,81.7,1296.0,PNFP
2023-02-02 13:26:00,81.77,81.775,81.74,81.76,2147.0,PNFP
2023-02-02 13:25:00,81.72,81.72,81.72,81.72,846.0,PNFP
2023-02-02 13:23:00,81.68,81.7,81.68,81.7,877.0,PNFP
2023-02-02 13:21:00,81.685,81.685,81.685,81.685,403.0,PNFP
2023-02-02 13:20:00,81.63,81.715,81.63,81.715,949.0,PNFP
2023-02-02 13:19:00,81.65,81.68,81.6,81.6,1020.0,PNFP
2023-02-02 13:18:00,81.735,81.735,81.65,81.69,2287.0,PNFP
2023-02-02 13:17:00,81.7247,81.735,81.71,81.735,1005.0,PNFP
2023-02-02 13:16:00,81.77,81.77,81.745,81.745,350.0,PNFP
2023-02-02 13:15:00,81.745,81.745,81.7331,81.7331,808.0,PNFP
2023-02-02 13:14:00,81.67,81.71,81.63,81.675,3009.0,PNFP
2023-02-02 13:13:00,81.535,81.65,81.535,81.65,889.0,PNFP
2023-02-02 13:10:00,81.485,81.555,81.485,81.555,216.0,PNFP
2023-02-02 13:09:00,81.52,81.555,81.52,81.555,317.0,PNFP
2023-02-02 13:08:00,81.58,81.58,81.54,81.54,453.0,PNFP
2023-02-02 13:07:00,81.615,81.615,81.615,81.615,568.0,PNFP
2023-02-02 13:06:00,81.75,81.75,81.7,81.7,1116.0,PNFP
2023-02-02 13:05:00,81.8,81.8,81.76,81.76,1366.0,PNFP
2023-02-02 13:04:00,81.87,81.87,81.87,81.87,206.0,PNFP
2023-02-02 13:03:00,81.9,81.92,81.8,81.8,6902.0,PNFP
2023-02-02 13:01:00,81.9,81.9,81.9,81.9,873.0,PNFP
2023-02-02 13:00:00,81.85,81.85,81.85,81.85,161.0,PNFP
2023-02-02 12:59:00,81.81,81.81,81.81,81.81,100.0,PNFP
2023-02-02 12:57:00,81.85,81.85,81.85,81.85,130.0,PNFP
2023-02-02 12:56:00,81.92,81.92,81.87,81.87,681.0,PNFP
2023-02-02 12:55:00,81.81,81.915,81.81,81.91,1538.0,PNFP
2023-02-02 12:53:00,81.85,81.85,81.82,81.82,339.0,PNFP
2023-02-02 12:52:00,81.985,81.985,81.77,81.77,6687.0,PNFP
2023-02-02 12:51:00,82.065,82.065,82.01,82.025,891.0,PNFP
2023-02-02 12:50:00,82.13,82.13,82.13,82.13,634.0,PNFP
2023-02-02 12:49:00,82.0,82.02,82.0,82.02,1052.0,PNFP
2023-02-02 12:48:00,81.92,81.96,81.9,81.96,824.0,PNFP
2023-02-02 12:47:00,81.98,81.985,81.92,81.92,1718.0,PNFP
2023-02-02 12:45:00,81.99,82.05,81.99,82.01,1307.0,PNFP
2023-02-02 12:44:00,82.002,82.002,82.002,82.002,190.0,PNFP
2023-02-02 12:43:00,81.99,81.99,81.99,81.99,998.0,PNFP
2023-02-02 12:42:00,81.95,81.95,81.95,81.95,207.0,PNFP
2023-02-02 12:41:00,81.985,81.985,81.94,81.955,1210.0,PNFP
2023-02-02 12:40:00,81.98,81.98,81.98,81.98,612.0,PNFP
2023-02-02 12:39:00,82.035,82.04,81.95,81.975,1852.0,PNFP
2023-02-02 12:38:00,82.06,82.06,82.02,82.02,1381.0,PNFP
2023-02-02 12:36:00,82.09,82.09,82.09,82.09,1058.0,PNFP
2023-02-02 12:35:00,82.045,82.045,82.045,82.045,169.0,PNFP
2023-02-02 12:34:00,82.06,82.1,82.0,82.02,13760.0,PNFP
2023-02-02 12:33:00,82.03,82.09,82.03,82.09,243.0,PNFP
2023-02-02 12:32:00,82.06,82.06,82.06,82.06,236.0,PNFP
2023-02-02 12:31:00,82.06,82.06,82.06,82.06,218.0,PNFP
2023-02-02 12:30:00,82.0209,82.06,82.0209,82.06,2061.0,PNFP
2023-02-02 12:29:00,82.05,82.07,82.04,82.04,1163.0,PNFP
2023-02-02 12:28:00,82.085,82.085,82.085,82.085,164.0,PNFP
2023-02-02 12:26:00,82.1,82.1,82.08,82.085,720.0,PNFP
2023-02-02 12:25:00,82.16,82.17,82.07,82.07,3866.0,PNFP
2023-02-02 12:24:00,82.15,82.17,82.15,82.17,710.0,PNFP
2023-02-02 12:23:00,82.08,82.115,82.08,82.115,475.0,PNFP
2023-02-02 12:22:00,82.05,82.07,82.05,82.07,1314.0,PNFP
2023-02-02 12:21:00,82.0,82.0,81.94,81.94,1314.0,PNFP
2023-02-02 12:19:00,81.99,82.04,81.99,82.04,394.0,PNFP
2023-02-02 12:18:00,82.01,82.025,81.94,81.94,2496.0,PNFP
2023-02-02 12:17:00,82.025,82.065,82.025,82.025,707.0,PNFP
2023-02-02 12:16:00,82.05,82.065,82.05,82.065,418.0,PNFP
2023-02-02 12:15:00,81.93,81.94,81.93,81.94,804.0,PNFP
2023-02-02 12:13:00,81.8,81.8,81.8,81.8,118.0,PNFP
2023-02-02 12:12:00,81.75,81.88,81.75,81.88,1340.0,PNFP
2023-02-02 12:11:00,81.725,81.725,81.725,81.725,408.0,PNFP
2023-02-02 12:10:00,81.765,81.765,81.7,81.7,711.0,PNFP
2023-02-02 12:09:00,81.77,81.77,81.7,81.7,275.0,PNFP
2023-02-02 12:08:00,81.765,81.775,81.765,81.775,375.0,PNFP
2023-02-02 12:07:00,81.955,81.97,81.73,81.775,13278.0,PNFP
2023-02-02 12:05:00,81.91,81.96,81.91,81.96,884.0,PNFP
2023-02-02 12:04:00,82.02,82.04,81.97,81.97,1103.0,PNFP
2023-02-02 12:03:00,82.02,82.03,82.02,82.03,730.0,PNFP
2023-02-02 12:02:00,81.86,81.93,81.86,81.93,492.0,PNFP
2023-02-02 12:01:00,81.75,81.855,81.75,81.855,1565.0,PNFP
2023-02-02 12:00:00,81.71,81.73,81.71,81.73,930.0,PNFP
2023-02-02 11:59:00,81.75,81.75,81.67,81.67,1224.0,PNFP
2023-02-02 11:58:00,81.74,81.74,81.74,81.74,280.0,PNFP
2023-02-02 11:57:00,81.595,81.78,81.565,81.78,1755.0,PNFP
2023-02-02 11:56:00,81.71,81.71,81.58,81.58,1867.0,PNFP
2023-02-02 11:54:00,81.675,81.81,81.675,81.77,840.0,PNFP
2023-02-02 11:52:00,81.88,81.88,81.695,81.695,948.0,PNFP
2023-02-02 11:51:00,81.77,81.77,81.77,81.77,305.0,PNFP
2023-02-02 11:50:00,81.98,82.01,81.93,81.98,1027.0,PNFP
2023-02-02 11:49:00,82.31,82.31,82.08,82.08,805.0,PNFP
2023-02-02 11:48:00,82.45,82.45,82.3,82.31,9090.0,PNFP
2023-02-02 11:47:00,82.41,82.44,82.37,82.37,1167.0,PNFP
2023-02-02 11:46:00,82.35,82.41,82.35,82.41,279.0,PNFP
2023-02-02 11:45:00,82.41,82.41,82.41,82.41,277.0,PNFP
2023-02-02 11:44:00,82.305,82.37,82.305,82.37,1336.0,PNFP
2023-02-02 11:43:00,82.24,82.25,82.24,82.25,849.0,PNFP
2023-02-02 11:42:00,82.245,82.245,82.19,82.19,1658.0,PNFP
2023-02-02 11:41:00,82.255,82.255,82.25,82.25,581.0,PNFP
2023-02-02 11:40:00,82.4,82.4,82.27,82.31,3977.0,PNFP
2023-02-02 11:39:00,82.3707,82.3707,82.3707,82.3707,387.0,PNFP
2023-02-02 11:38:00,82.31,82.375,82.31,82.375,750.0,PNFP
2023-02-02 11:37:00,82.345,82.345,82.28,82.3,4200.0,PNFP
2023-02-02 11:36:00,82.38,82.425,82.325,82.325,6646.0,PNFP
2023-02-02 11:35:00,82.48,82.48,82.48,82.48,208.0,PNFP
2023-02-02 11:34:00,82.39,82.43,82.39,82.43,636.0,PNFP
2023-02-02 11:33:00,82.24,82.32,82.24,82.32,1057.0,PNFP
2023-02-02 11:32:00,82.34,82.34,82.23,82.23,3831.0,PNFP
2023-02-02 11:31:00,82.24,82.295,82.16,82.28,4316.0,PNFP
2023-02-02 11:30:00,82.38,82.38,82.305,82.305,749.0,PNFP
2023-02-02 11:29:00,82.205,82.205,82.205,82.205,799.0,PNFP
2023-02-02 11:28:00,82.28,82.28,82.16,82.255,942.0,PNFP
2023-02-02 11:26:00,82.18,82.26,82.18,82.19,845.0,PNFP
2023-02-02 11:25:00,82.21,82.21,82.21,82.21,186.0,PNFP
2023-02-02 11:24:00,81.955,82.2,81.955,82.16,7263.0,PNFP
2023-02-02 11:23:00,81.93,81.955,81.93,81.955,974.0,PNFP
2023-02-02 11:22:00,81.87,81.91,81.84,81.89,3196.0,PNFP
2023-02-02 11:21:00,81.84,81.84,81.84,81.84,423.0,PNFP
2023-02-02 11:20:00,81.91,81.91,81.865,81.865,796.0,PNFP
2023-02-02 11:19:00,81.97,81.995,81.8,81.8,10178.0,PNFP
2023-02-02 11:18:00,81.97,82.01,81.97,81.97,2784.0,PNFP
2023-02-02 11:17:00,81.96,81.99,81.9,81.97,9202.0,PNFP
2023-02-02 11:16:00,81.93,82.015,81.93,81.96,6545.0,PNFP
2023-02-02 11:15:00,81.92,81.93,81.92,81.93,471.0,PNFP
2023-02-02 11:14:00,81.92,81.92,81.85,81.85,2629.0,PNFP
2023-02-02 11:13:00,81.8525,81.91,81.83,81.9,2674.0,PNFP
2023-02-02 11:12:00,81.85,81.93,81.85,81.92,1295.0,PNFP
2023-02-02 11:11:00,81.91,81.91,81.875,81.875,216.0,PNFP
2023-02-02 11:10:00,81.9,81.905,81.86,81.905,1493.0,PNFP
2023-02-02 11:09:00,81.84,81.86,81.84,81.86,897.0,PNFP
2023-02-02 11:08:00,81.765,81.765,81.765,81.765,291.0,PNFP
2023-02-02 11:07:00,81.75,81.75,81.75,81.75,450.0,PNFP
2023-02-02 11:06:00,81.78,81.82,81.655,81.6844,6478.0,PNFP
2023-02-02 11:05:00,81.855,81.855,81.81,81.81,1045.0,PNFP
2023-02-02 11:04:00,81.77,81.77,81.71,81.76,564.0,PNFP
2023-02-02 11:03:00,81.76,81.77,81.705,81.77,546.0,PNFP
2023-02-02 11:02:00,81.77,81.79,81.71,81.79,874.0,PNFP
2023-02-02 11:01:00,81.74,81.76,81.725,81.76,791.0,PNFP
2023-02-02 11:00:00,81.66,81.81,81.66,81.77,1471.0,PNFP
2023-02-02 10:59:00,81.53,81.64,81.53,81.64,678.0,PNFP
2023-02-02 10:58:00,81.325,81.515,81.32,81.47,2312.0,PNFP
2023-02-02 10:57:00,81.33,81.33,81.305,81.33,2332.0,PNFP
2023-02-02 10:56:00,81.45,81.45,81.45,81.45,267.0,PNFP
2023-02-02 10:55:00,81.43,81.43,81.43,81.43,314.0,PNFP
2023-02-02 10:53:00,81.29,81.34,81.29,81.33,674.0,PNFP
2023-02-02 10:52:00,81.25,81.32,81.25,81.32,1045.0,PNFP
2023-02-02 10:51:00,81.18,81.18,81.17,81.17,1881.0,PNFP
2023-02-02 10:50:00,81.165,81.23,81.165,81.23,717.0,PNFP
2023-02-02 10:49:00,81.12,81.23,81.12,81.2,2438.0,PNFP
2023-02-02 10:48:00,81.05,81.05,81.05,81.05,267.0,PNFP
2023-02-02 10:47:00,81.01,81.05,81.01,81.05,1242.0,PNFP
2023-02-02 10:44:00,80.98,80.98,80.92,80.92,1217.0,PNFP
2023-02-02 10:43:00,81.0,81.0,80.98,80.98,1176.0,PNFP
2023-02-02 10:42:00,81.065,81.07,81.02,81.07,2015.0,PNFP
2023-02-02 10:41:00,81.0,81.055,81.0,81.055,1313.0,PNFP
2023-02-02 10:40:00,80.8,80.945,80.785,80.945,2278.0,PNFP
2023-02-02 10:39:00,80.755,80.755,80.755,80.755,177.0,PNFP
2023-02-02 10:38:00,80.76,80.76,80.75,80.755,679.0,PNFP
2023-02-02 10:36:00,80.75,80.75,80.65,80.65,1996.0,PNFP
2023-02-02 10:35:00,80.755,80.755,80.75,80.75,667.0,PNFP
2023-02-02 10:34:00,80.745,80.755,80.745,80.755,959.0,PNFP
2023-02-02 10:33:00,80.755,80.8299,80.68,80.745,3029.0,PNFP
2023-02-02 10:32:00,80.65,80.77,80.65,80.755,1577.0,PNFP
2023-02-02 10:31:00,80.5,80.55,80.5,80.55,835.0,PNFP
2023-02-02 10:30:00,80.62,80.625,80.56,80.59,1854.0,PNFP
2023-02-02 10:29:00,80.75,80.77,80.66,80.66,2640.0,PNFP
2023-02-02 10:28:00,80.56,80.66,80.56,80.66,1015.0,PNFP
2023-02-02 10:27:00,80.59,80.59,80.59,80.59,756.0,PNFP
2023-02-02 10:26:00,80.65,80.65,80.51,80.575,2494.0,PNFP
2023-02-02 10:25:00,80.785,80.785,80.67,80.67,4119.0,PNFP
2023-02-02 10:24:00,80.7,80.74,80.7,80.74,1297.0,PNFP
2023-02-02 10:23:00,80.53,80.64,80.53,80.64,844.0,PNFP
2023-02-02 10:21:00,80.37,80.38,80.36,80.36,1280.0,PNFP
2023-02-02 10:20:00,80.26,80.36,80.26,80.36,453.0,PNFP
2023-02-02 10:19:00,80.19,80.27,80.19,80.265,505.0,PNFP
2023-02-02 10:18:00,80.15,80.29,80.15,80.29,1368.0,PNFP
2023-02-02 10:17:00,80.15,80.15,80.12,80.12,215.0,PNFP
2023-02-02 10:16:00,80.13,80.13,80.13,80.13,130.0,PNFP
2023-02-02 10:15:00,79.955,80.045,79.955,80.045,3963.0,PNFP
2023-02-02 10:14:00,79.85,79.86,79.85,79.86,628.0,PNFP
2023-02-02 10:13:00,79.77,79.77,79.77,79.77,602.0,PNFP
2023-02-02 10:12:00,79.79,79.79,79.67,79.72,2489.0,PNFP
2023-02-02 10:11:00,79.73,79.795,79.73,79.795,485.0,PNFP
2023-02-02 10:10:00,79.69,79.76,79.69,79.76,1044.0,PNFP
2023-02-02 10:08:00,79.59,79.72,79.59,79.72,451.0,PNFP
2023-02-02 10:07:00,79.59,79.76,79.59,79.76,345.0,PNFP
2023-02-02 10:06:00,79.56,79.59,79.5,79.59,1891.0,PNFP
2023-02-02 10:05:00,79.56,79.56,79.56,79.56,195.0,PNFP
2023-02-02 10:04:00,79.48,79.48,79.48,79.48,221.0,PNFP
2023-02-02 10:03:00,79.51,79.51,79.41,79.48,503.0,PNFP
2023-02-02 10:02:00,79.315,79.45,79.305,79.45,6829.0,PNFP
2023-02-02 10:01:00,79.445,79.535,79.31,79.31,2256.0,PNFP
2023-02-02 10:00:00,79.55,79.55,79.43,79.465,2909.0,PNFP
2023-02-02 09:59:00,79.565,79.585,79.49,79.545,770.0,PNFP
2023-02-02 09:58:00,79.66,79.66,79.62,79.62,394.0,PNFP
2023-02-02 09:57:00,79.565,79.565,79.565,79.565,351.0,PNFP
2023-02-02 09:56:00,79.58,79.66,79.57,79.66,1029.0,PNFP
2023-02-02 09:55:00,79.69,79.69,79.69,79.69,282.0,PNFP
2023-02-02 09:54:00,79.48,79.685,79.48,79.685,1521.0,PNFP
2023-02-02 09:53:00,79.44,79.47,79.44,79.47,262.0,PNFP
2023-02-02 09:52:00,79.4713,79.515,79.47,79.47,788.0,PNFP
2023-02-02 09:51:00,79.57,79.625,79.48,79.625,667.0,PNFP
2023-02-02 09:50:00,79.59,79.7,79.44,79.57,4256.0,PNFP
2023-02-02 09:49:00,79.55,79.585,79.55,79.585,712.0,PNFP
2023-02-02 09:48:00,79.57,79.57,79.49,79.56,488.0,PNFP
2023-02-02 09:47:00,79.39,79.41,79.34,79.41,1057.0,PNFP
2023-02-02 09:46:00,79.31,79.425,79.31,79.425,457.0,PNFP
2023-02-02 09:44:00,79.2,79.24,79.15,79.165,1654.0,PNFP
2023-02-02 09:43:00,79.23,79.23,78.96,79.16,3748.0,PNFP
2023-02-02 09:42:00,79.09,79.245,79.09,79.245,993.0,PNFP
2023-02-02 09:41:00,79.32,79.32,79.19,79.19,310.0,PNFP
2023-02-02 09:40:00,79.355,79.355,79.355,79.355,100.0,PNFP
2023-02-02 09:39:00,79.535,79.535,79.505,79.505,336.0,PNFP
2023-02-02 09:38:00,79.145,79.145,79.135,79.135,319.0,PNFP
2023-02-02 09:37:00,79.14,79.585,79.14,79.585,202.0,PNFP
2023-02-02 09:36:00,79.155,79.415,79.15,79.415,321.0,PNFP
2023-02-02 09:35:00,79.16,79.16,79.16,79.16,207.0,PNFP
2023-02-02 09:33:00,79.175,79.175,79.175,79.175,301.0,PNFP
2023-02-02 09:32:00,78.55,79.17,78.55,79.17,301.0,PNFP
2023-02-02 09:31:00,78.71,78.71,78.71,78.71,2556.0,PNFP
2023-02-02 09:30:00,78.87,78.87,78.87,78.87,100.0,PNFP
2023-02-01 16:23:00,78.4296,78.4296,78.4296,78.4296,1188.0,PNFP
2023-02-01 16:03:00,78.4296,78.4296,78.4296,78.4296,158.0,PNFP
2023-02-01 16:02:00,78.4296,78.4296,78.4296,78.4296,1858.0,PNFP
2023-02-01 16:01:00,78.4296,78.4296,78.4296,78.4296,11970.0,PNFP
2023-02-01 16:00:00,78.2501,78.4595,78.2401,78.4296,19196.0,PNFP
2023-02-01 15:59:00,78.2002,78.2501,78.1867,78.2301,9240.0,PNFP
2023-02-01 15:58:00,78.1603,78.2002,78.1504,78.1902,6088.0,PNFP
2023-02-01 15:57:00,78.1803,78.2601,78.1404,78.1803,10376.0,PNFP
2023-02-01 15:56:00,78.0257,78.2202,78.0008,78.2052,7252.0,PNFP
2023-02-01 15:55:00,78.0107,78.0506,77.9908,78.0307,4358.0,PNFP
2023-02-01 15:54:00,78.0706,78.1105,78.0207,78.0207,4957.0,PNFP
2023-02-01 15:53:00,78.2301,78.2301,78.0207,78.0207,7318.0,PNFP
2023-02-01 15:52:00,78.2601,78.29,78.2301,78.2301,5177.0,PNFP
2023-02-01 15:51:00,78.4196,78.4196,78.3099,78.3099,3470.0,PNFP
2023-02-01 15:50:00,78.4346,78.4545,78.4097,78.4097,2270.0,PNFP
2023-02-01 15:49:00,78.4994,78.5393,78.4296,78.4296,2199.0,PNFP
2023-02-01 15:48:00,78.6889,78.6889,78.5194,78.5194,2787.0,PNFP
2023-02-01 15:47:00,78.7288,78.7288,78.649,78.6889,1266.0,PNFP
2023-02-01 15:46:00,78.7487,78.7986,78.7188,78.7338,5355.0,PNFP
2023-02-01 15:45:00,78.8235,78.8235,78.7487,78.7487,3208.0,PNFP
2023-02-01 15:44:00,79.0081,79.0081,78.8285,78.8285,3228.0,PNFP
2023-02-01 15:43:00,78.9931,79.023,78.9931,79.023,2067.0,PNFP
2023-02-01 15:42:00,79.0878,79.1367,78.9881,78.9981,2975.0,PNFP
2023-02-01 15:41:00,79.043,79.0679,79.043,79.0529,1505.0,PNFP
2023-02-01 15:40:00,78.9482,78.9981,78.9333,78.9981,1906.0,PNFP
2023-02-01 15:39:00,79.0779,79.0829,78.9183,79.038,4193.0,PNFP
2023-02-01 15:38:00,79.038,79.1577,79.038,79.0978,3409.0,PNFP
2023-02-01 15:37:00,79.0779,79.1926,79.0579,79.0629,73310.0,PNFP
2023-02-01 15:36:00,79.1277,79.2823,79.0878,79.1327,8486.0,PNFP
2023-02-01 15:35:00,78.9582,79.023,78.9582,79.023,1099.0,PNFP
2023-02-01 15:34:00,78.5792,78.8784,78.5792,78.8784,3057.0,PNFP
2023-02-01 15:33:00,78.6191,78.6191,78.5842,78.5991,4214.0,PNFP
2023-02-01 15:32:00,78.5493,78.6191,78.5244,78.5892,9303.0,PNFP
2023-02-01 15:31:00,78.5892,78.5991,78.5394,78.5394,3553.0,PNFP
2023-02-01 15:30:00,78.6191,78.6191,78.5493,78.5493,1032.0,PNFP
2023-02-01 15:29:00,78.6291,78.6291,78.5892,78.6091,2363.0,PNFP
2023-02-01 15:28:00,78.668,78.668,78.5692,78.6241,6544.0,PNFP
2023-02-01 15:27:00,78.5393,78.6091,78.5393,78.6091,1220.0,PNFP
2023-02-01 15:26:00,78.6191,78.6191,78.6191,78.6191,386.0,PNFP
2023-02-01 15:25:00,78.5692,78.5892,78.5692,78.5892,822.0,PNFP
2023-02-01 15:24:00,78.5991,78.5991,78.5293,78.5443,1687.0,PNFP
2023-02-01 15:23:00,78.649,78.6889,78.5692,78.5692,2163.0,PNFP
2023-02-01 15:22:00,78.6889,78.7487,78.5991,78.6365,4626.0,PNFP
2023-02-01 15:21:00,78.7089,78.7338,78.6889,78.7338,614.0,PNFP
2023-02-01 15:20:00,78.6889,78.7687,78.6889,78.7388,3037.0,PNFP
2023-02-01 15:19:00,78.6989,78.7737,78.6989,78.7487,3555.0,PNFP
2023-02-01 15:18:00,78.5343,78.659,78.5343,78.659,1389.0,PNFP
2023-02-01 15:17:00,78.5194,78.5792,78.4795,78.5244,4356.0,PNFP
2023-02-01 15:16:00,78.669,78.669,78.4894,78.4894,4105.0,PNFP
2023-02-01 15:15:00,78.5892,78.8086,78.5892,78.6989,24223.0,PNFP
2023-02-01 15:14:00,78.4894,78.6291,78.4894,78.5393,1302.0,PNFP
2023-02-01 15:13:00,78.5842,78.5842,78.4296,78.4296,3456.0,PNFP
2023-02-01 15:12:00,78.6041,78.6041,78.5842,78.5842,2417.0,PNFP
2023-02-01 15:11:00,78.644,78.649,78.5194,78.644,33516.0,PNFP
2023-02-01 15:10:00,78.6091,78.649,78.5842,78.644,1932.0,PNFP
2023-02-01 15:09:00,78.29,78.5742,78.29,78.5194,8080.0,PNFP
2023-02-01 15:08:00,78.29,78.3498,78.28,78.28,17011.0,PNFP
2023-02-01 15:07:00,78.29,78.3099,78.27,78.27,13761.0,PNFP
2023-02-01 15:06:00,78.2401,78.3099,78.2401,78.29,3609.0,PNFP
2023-02-01 15:05:00,78.3448,78.3498,78.2501,78.2501,3243.0,PNFP
2023-02-01 15:04:00,78.1304,78.3049,78.1304,78.3049,13612.0,PNFP
2023-02-01 15:03:00,78.1902,78.1902,78.1204,78.1229,2817.0,PNFP
2023-02-01 15:02:00,78.1703,78.1902,78.1603,78.1728,1756.0,PNFP
2023-02-01 15:01:00,78.2202,78.2401,78.1803,78.1902,5551.0,PNFP
2023-02-01 15:00:00,78.1304,78.1404,78.1304,78.1404,719.0,PNFP
2023-02-01 14:59:00,78.1603,78.1703,78.0905,78.0905,1172.0,PNFP
2023-02-01 14:58:00,78.2002,78.2202,78.2002,78.2202,424.0,PNFP
2023-02-01 14:57:00,78.3,78.3299,78.2501,78.2501,1306.0,PNFP
2023-02-01 14:56:00,78.2501,78.3,78.1803,78.3,2043.0,PNFP
2023-02-01 14:55:00,78.27,78.29,78.2401,78.2401,990.0,PNFP
2023-02-01 14:54:00,78.2601,78.3,78.2102,78.28,4796.0,PNFP
2023-02-01 14:53:00,78.29,78.3149,78.2202,78.29,7792.0,PNFP
2023-02-01 14:52:00,78.29,78.29,78.2301,78.2601,2220.0,PNFP
2023-02-01 14:51:00,78.2202,78.3,78.2002,78.3,1638.0,PNFP
2023-02-01 14:50:00,78.2102,78.2102,78.2102,78.2102,807.0,PNFP
2023-02-01 14:49:00,78.2102,78.2301,78.1902,78.2301,2443.0,PNFP
2023-02-01 14:48:00,78.29,78.3797,78.29,78.3199,5361.0,PNFP
2023-02-01 14:47:00,78.4097,78.4097,78.2601,78.29,6585.0,PNFP
2023-02-01 14:46:00,78.29,78.4296,78.29,78.3398,1897.0,PNFP
2023-02-01 14:45:00,78.2202,78.2202,78.2202,78.2202,599.0,PNFP
2023-02-01 14:44:00,78.1204,78.29,77.9908,78.29,24824.0,PNFP
2023-02-01 14:43:00,77.891,78.0107,77.8412,78.0107,4561.0,PNFP
2023-02-01 14:42:00,78.0506,78.1204,77.921,77.921,21410.0,PNFP
2023-02-01 14:41:00,78.0416,78.0416,78.0008,78.0008,1298.0,PNFP
2023-02-01 14:40:00,77.8512,77.9609,77.8512,77.9609,316.0,PNFP
2023-02-01 14:39:00,77.8312,77.8512,77.7514,77.7514,1360.0,PNFP
2023-02-01 14:38:00,77.4622,77.7614,77.3924,77.7614,2294.0,PNFP
2023-02-01 14:37:00,77.3525,77.4522,77.3525,77.4522,498.0,PNFP
2023-02-01 14:36:00,77.3425,77.3924,77.2528,77.2927,2651.0,PNFP
2023-02-01 14:35:00,77.3126,77.3425,77.3126,77.3425,1118.0,PNFP
2023-02-01 14:33:00,77.2627,77.2627,77.2627,77.2627,678.0,PNFP
2023-02-01 14:32:00,77.5719,77.5719,77.4622,77.4622,1039.0,PNFP
2023-02-01 14:31:00,77.6607,77.7614,77.542,77.542,3113.0,PNFP
2023-02-01 14:30:00,77.6218,77.6218,77.6218,77.6218,425.0,PNFP
2023-02-01 14:27:00,77.6218,77.6218,77.6218,77.6218,147.0,PNFP
2023-02-01 14:26:00,77.6617,77.6716,77.6012,77.6517,1001.0,PNFP
2023-02-01 14:25:00,77.7215,77.7215,77.6617,77.6617,766.0,PNFP
2023-02-01 14:24:00,77.7714,77.7714,77.7514,77.7514,1672.0,PNFP
2023-02-01 14:23:00,77.8113,77.8412,77.8113,77.8412,445.0,PNFP
2023-02-01 14:22:00,77.8312,77.8811,77.8312,77.8811,477.0,PNFP
2023-02-01 14:21:00,77.8013,77.8013,77.8013,77.8013,204.0,PNFP
2023-02-01 14:20:00,77.8113,77.8113,77.8113,77.8113,553.0,PNFP
2023-02-01 14:18:00,77.8113,77.8212,77.7315,77.7714,3687.0,PNFP
2023-02-01 14:17:00,77.7614,77.7664,77.7265,77.7664,1114.0,PNFP
2023-02-01 14:16:00,77.7415,77.7415,77.7415,77.7415,177.0,PNFP
2023-02-01 14:15:00,77.8611,77.8611,77.7714,77.7714,583.0,PNFP
2023-02-01 14:14:00,77.8013,77.8711,77.7714,77.8711,2592.0,PNFP
2023-02-01 14:13:00,77.8163,77.8502,77.8163,77.8212,934.0,PNFP
2023-02-01 14:11:00,77.6417,77.7016,77.6417,77.7016,343.0,PNFP
2023-02-01 14:10:00,77.6846,77.7115,77.6218,77.6218,2551.0,PNFP
2023-02-01 14:09:00,77.5619,77.6816,77.5619,77.6816,1269.0,PNFP
2023-02-01 14:08:00,77.3026,77.6018,77.3026,77.5919,13547.0,PNFP
2023-02-01 14:07:00,77.3026,77.3026,77.3026,77.3026,415.0,PNFP
2023-02-01 14:06:00,77.3525,77.3525,77.3026,77.3026,558.0,PNFP
2023-02-01 14:05:00,77.2827,77.4472,77.2827,77.3425,429.0,PNFP
2023-02-01 14:04:00,77.4871,77.4871,77.4871,77.4871,254.0,PNFP
2023-02-01 14:02:00,77.4871,77.4871,77.4821,77.4871,533.0,PNFP
2023-02-01 14:01:00,77.5719,77.6417,77.4722,77.4722,1648.0,PNFP
2023-02-01 14:00:00,77.8711,77.8711,77.7514,77.7514,4276.0,PNFP
2023-02-01 13:59:00,77.8462,77.8462,77.8462,77.8462,253.0,PNFP
2023-02-01 13:58:00,77.8811,77.8811,77.8013,77.8013,621.0,PNFP
2023-02-01 13:57:00,77.8611,77.8611,77.8611,77.8611,333.0,PNFP
2023-02-01 13:53:00,77.8462,77.8462,77.8462,77.8462,419.0,PNFP
2023-02-01 13:52:00,77.7514,77.8512,77.7514,77.8512,1806.0,PNFP
2023-02-01 13:50:00,77.7614,77.7614,77.7614,77.7614,317.0,PNFP
2023-02-01 13:49:00,77.7315,77.7415,77.7315,77.7415,1016.0,PNFP
2023-02-01 13:48:00,77.7913,77.8063,77.7714,77.7714,2728.0,PNFP
2023-02-01 13:46:00,77.891,77.901,77.7913,77.8063,3090.0,PNFP
2023-02-01 13:45:00,77.9509,77.9509,77.921,77.926,941.0,PNFP
2023-02-01 13:44:00,77.9808,77.9908,77.9509,77.9908,698.0,PNFP
2023-02-01 13:43:00,77.9808,77.9808,77.9708,77.9758,1033.0,PNFP
2023-02-01 13:42:00,77.9908,78.0357,77.9908,77.9908,1492.0,PNFP
2023-02-01 13:41:00,78.0207,78.0706,77.9908,77.9908,1449.0,PNFP
2023-02-01 13:40:00,78.0307,78.0606,77.9908,78.0279,3312.0,PNFP
2023-02-01 13:39:00,77.9309,77.9908,77.9309,77.9908,4128.0,PNFP
2023-02-01 13:37:00,77.9309,77.9309,77.901,77.901,876.0,PNFP
2023-02-01 13:36:00,78.0307,78.0307,77.9609,77.9609,2636.0,PNFP
2023-02-01 13:35:00,77.9708,77.9708,77.9708,77.9708,516.0,PNFP
2023-02-01 13:34:00,77.9808,77.9908,77.9808,77.9908,1045.0,PNFP
2023-02-01 13:33:00,78.0107,78.0107,78.0107,78.0107,111.0,PNFP
2023-02-01 13:32:00,78.0307,78.0307,77.9708,77.9908,1651.0,PNFP
2023-02-01 13:31:00,77.9808,78.0107,77.9808,77.9908,2823.0,PNFP
2023-02-01 13:30:00,77.901,77.9409,77.8413,77.9409,991.0,PNFP
2023-02-01 13:26:00,77.926,77.926,77.926,77.926,184.0,PNFP
2023-02-01 13:25:00,77.8412,77.8512,77.8412,77.8412,832.0,PNFP
2023-02-01 13:24:00,77.8661,77.8661,77.8661,77.8661,114.0,PNFP
2023-02-01 13:22:00,77.8312,77.8512,77.8312,77.8512,1083.0,PNFP
2023-02-01 13:21:00,77.7607,77.8212,77.7607,77.8212,2130.0,PNFP
2023-02-01 13:19:00,77.7664,77.7689,77.7664,77.7689,418.0,PNFP
2023-02-01 13:17:00,77.7714,77.7913,77.7514,77.7714,2841.0,PNFP
2023-02-01 13:16:00,77.7215,77.7514,77.7215,77.7514,1066.0,PNFP
2023-02-01 13:14:00,77.7714,77.7813,77.7215,77.7215,1187.0,PNFP
2023-02-01 13:13:00,77.7913,77.7913,77.7913,77.7913,288.0,PNFP
2023-02-01 13:12:00,77.8711,77.8711,77.8013,77.8013,1200.0,PNFP
2023-02-01 13:11:00,77.8812,77.8812,77.8812,77.8812,454.0,PNFP
2023-02-01 13:10:00,77.9509,77.9509,77.9309,77.9409,710.0,PNFP
2023-02-01 13:08:00,78.0606,78.0606,77.9908,77.9908,3133.0,PNFP
2023-02-01 13:07:00,78.0107,78.0506,77.9708,78.0506,2296.0,PNFP
2023-02-01 13:05:00,77.9509,77.9509,77.9509,77.9509,548.0,PNFP
2023-02-01 13:04:00,77.916,77.916,77.916,77.916,153.0,PNFP
2023-02-01 13:03:00,77.911,77.911,77.911,77.911,441.0,PNFP
2023-02-01 13:02:00,77.8013,77.8512,77.7913,77.8512,1618.0,PNFP
2023-02-01 13:01:00,77.8512,77.8512,77.7913,77.7913,455.0,PNFP
2023-02-01 13:00:00,77.8811,77.901,77.8611,77.8611,309.0,PNFP
2023-02-01 12:58:00,77.901,77.901,77.901,77.901,139.0,PNFP
2023-02-01 12:57:00,77.891,77.891,77.891,77.891,517.0,PNFP
2023-02-01 12:56:00,77.916,77.916,77.916,77.916,112.0,PNFP
2023-02-01 12:55:00,77.901,77.921,77.901,77.916,674.0,PNFP
2023-02-01 12:54:00,77.9309,77.9609,77.8811,77.8861,2889.0,PNFP
2023-02-01 12:53:00,77.9559,77.9559,77.901,77.921,1190.0,PNFP
2023-02-01 12:52:00,77.9359,77.9609,77.9359,77.9609,743.0,PNFP
2023-02-01 12:51:00,77.9509,77.9509,77.9359,77.9359,1134.0,PNFP
2023-02-01 12:50:00,77.9609,77.9609,77.9609,77.9609,402.0,PNFP
2023-02-01 12:47:00,78.0207,78.0207,78.0207,78.0207,394.0,PNFP
2023-02-01 12:45:00,77.9708,78.0107,77.9708,78.0107,261.0,PNFP
2023-02-01 12:44:00,77.9399,77.9808,77.9399,77.9808,723.0,PNFP
2023-02-01 12:43:00,77.901,77.911,77.901,77.911,907.0,PNFP
2023-02-01 12:42:00,77.8561,77.891,77.8561,77.8811,1691.0,PNFP
2023-02-01 12:41:00,77.8581,77.8711,77.8501,77.8661,920.0,PNFP
2023-02-01 12:40:00,77.901,77.911,77.8811,77.8811,1174.0,PNFP
2023-02-01 12:39:00,77.8611,77.9609,77.8611,77.9609,865.0,PNFP
2023-02-01 12:38:00,77.6816,77.8113,77.6816,77.8113,2255.0,PNFP
2023-02-01 12:37:00,77.6816,77.6816,77.6816,77.6816,481.0,PNFP
2023-02-01 12:36:00,77.6467,77.7115,77.6218,77.6816,6105.0,PNFP
2023-02-01 12:35:00,77.7564,77.7564,77.6218,77.6218,5324.0,PNFP
2023-02-01 12:34:00,77.7714,77.7714,77.7415,77.7514,1481.0,PNFP
2023-02-01 12:33:00,77.7415,77.7614,77.7415,77.7614,940.0,PNFP
2023-02-01 12:31:00,77.6916,77.7813,77.6916,77.7614,1122.0,PNFP
2023-02-01 12:30:00,77.7315,77.7315,77.7315,77.7315,311.0,PNFP
2023-02-01 12:28:00,77.7913,77.7913,77.7913,77.7913,434.0,PNFP
2023-02-01 12:27:00,77.8212,77.8212,77.7614,77.7614,427.0,PNFP
2023-02-01 12:26:00,77.8502,77.8502,77.8502,77.8502,100.0,PNFP
2023-02-01 12:24:00,77.8113,77.8113,77.8113,77.8113,385.0,PNFP
2023-02-01 12:23:00,77.8212,77.8611,77.8212,77.8611,1475.0,PNFP
2023-02-01 12:22:00,77.7365,77.7913,77.7365,77.7913,955.0,PNFP
2023-02-01 12:21:00,77.7514,77.7714,77.7415,77.7415,507.0,PNFP
2023-02-01 12:20:00,77.8113,77.8113,77.8113,77.8113,703.0,PNFP
2023-02-01 12:19:00,77.8811,77.8811,77.8711,77.8711,869.0,PNFP
2023-02-01 12:18:00,77.916,77.9309,77.916,77.9309,325.0,PNFP
2023-02-01 12:17:00,77.901,77.9309,77.8711,77.9309,1104.0,PNFP
2023-02-01 12:16:00,77.9409,77.9409,77.901,77.901,506.0,PNFP
2023-02-01 12:15:00,77.9908,77.9908,77.9808,77.9817,409.0,PNFP
2023-02-01 12:14:00,77.9709,77.9709,77.9709,77.9709,441.0,PNFP
2023-02-01 12:13:00,77.9509,77.9509,77.9509,77.9509,580.0,PNFP
2023-02-01 12:12:00,77.8611,77.9359,77.8212,77.9359,3618.0,PNFP
2023-02-01 12:11:00,77.9409,77.9808,77.8611,77.891,2338.0,PNFP
2023-02-01 12:10:00,77.9808,77.9808,77.9409,77.9409,364.0,PNFP
2023-02-01 12:09:00,77.9409,77.9409,77.9409,77.9409,100.0,PNFP
2023-02-01 12:08:00,77.9409,77.9409,77.9409,77.9409,370.0,PNFP
2023-02-01 12:07:00,77.9409,77.9409,77.9409,77.9409,248.0,PNFP
2023-02-01 12:06:00,77.9409,77.9609,77.9409,77.9609,356.0,PNFP
2023-02-01 12:05:00,78.0307,78.0307,77.9309,77.9309,6240.0,PNFP
2023-02-01 12:02:00,78.0257,78.0257,78.0257,78.0257,101.0,PNFP
2023-02-01 12:01:00,78.0008,78.0008,77.9908,77.9908,448.0,PNFP
2023-02-01 12:00:00,78.0756,78.0756,78.0406,78.0406,467.0,PNFP
2023-02-01 11:59:00,78.0805,78.1095,78.0805,78.1095,1034.0,PNFP
2023-02-01 11:58:00,78.0207,78.0207,78.0207,78.0207,562.0,PNFP
2023-02-01 11:57:00,78.0805,78.0805,78.0636,78.0636,201.0,PNFP
2023-02-01 11:56:00,78.0207,78.0805,77.9908,78.0805,2545.0,PNFP
2023-02-01 11:54:00,78.0606,78.0606,78.0506,78.0506,878.0,PNFP
2023-02-01 11:53:00,78.0107,78.0107,78.0107,78.0107,801.0,PNFP
2023-02-01 11:52:00,78.0596,78.0596,78.0596,78.0596,113.0,PNFP
2023-02-01 11:51:00,77.9808,78.0406,77.9409,78.0406,2759.0,PNFP
2023-02-01 11:50:00,77.9808,77.9808,77.9808,77.9808,121.0,PNFP
2023-02-01 11:49:00,78.0307,78.0307,77.9808,77.9808,4834.0,PNFP
2023-02-01 11:48:00,78.0307,78.0307,78.0307,78.0307,442.0,PNFP
2023-02-01 11:47:00,78.0008,78.0506,78.0008,78.0107,1138.0,PNFP
2023-02-01 11:46:00,78.0107,78.0107,77.9908,78.0057,1207.0,PNFP
2023-02-01 11:44:00,78.0756,78.0756,78.0756,78.0756,171.0,PNFP
2023-02-01 11:43:00,78.1404,78.1404,78.1404,78.1404,294.0,PNFP
2023-02-01 11:42:00,78.0706,78.0706,78.0207,78.0207,644.0,PNFP
2023-02-01 11:41:00,78.0207,78.0666,77.9958,78.0666,1715.0,PNFP
2023-02-01 11:40:00,78.0107,78.0107,77.9708,78.0107,1994.0,PNFP
2023-02-01 11:39:00,78.0506,78.0905,77.9609,78.0107,1236.0,PNFP
2023-02-01 11:38:00,78.0905,78.0905,78.0706,78.0706,599.0,PNFP
2023-02-01 11:37:00,78.2202,78.2202,78.2102,78.2102,379.0,PNFP
2023-02-01 11:36:00,78.2601,78.2601,78.2601,78.2601,500.0,PNFP
2023-02-01 11:34:00,78.3,78.3,78.3,78.3,100.0,PNFP
2023-02-01 11:33:00,78.6291,78.6291,78.3199,78.3648,3212.0,PNFP
2023-02-01 11:32:00,78.5493,78.5493,78.5343,78.5343,488.0,PNFP
2023-02-01 11:31:00,78.4645,78.5892,78.4645,78.5892,523.0,PNFP
2023-02-01 11:30:00,78.4346,78.4396,78.4346,78.4396,355.0,PNFP
2023-02-01 11:29:00,78.3498,78.3498,78.3498,78.3498,112.0,PNFP
2023-02-01 11:28:00,78.2152,78.3199,78.1902,78.3,5929.0,PNFP
2023-02-01 11:27:00,78.2202,78.2202,78.1902,78.2002,2780.0,PNFP
2023-02-01 11:26:00,78.0905,78.0905,78.0855,78.0855,756.0,PNFP
2023-02-01 11:25:00,78.1454,78.1454,78.0955,78.0955,947.0,PNFP
2023-02-01 11:24:00,78.2202,78.2551,78.1404,78.1454,21955.0,PNFP
2023-02-01 11:23:00,78.1902,78.2601,78.1902,78.2202,9064.0,PNFP
2023-02-01 11:22:00,78.1902,78.1902,78.1902,78.1902,321.0,PNFP
2023-02-01 11:21:00,78.1304,78.1703,78.1304,78.1703,394.0,PNFP
2023-02-01 11:20:00,78.1504,78.1504,78.1504,78.1504,204.0,PNFP
2023-02-01 11:19:00,78.1902,78.2002,78.1902,78.1902,2255.0,PNFP
2023-02-01 11:18:00,78.1454,78.1454,78.1454,78.1454,232.0,PNFP
2023-02-01 11:15:00,78.1254,78.1254,78.1254,78.1254,249.0,PNFP
2023-02-01 11:13:00,78.0307,78.0905,78.0207,78.0805,2326.0,PNFP
2023-02-01 11:11:00,78.0606,78.0606,78.0606,78.0606,531.0,PNFP
2023-02-01 11:10:00,78.0556,78.0556,77.9858,77.9858,1478.0,PNFP
2023-02-01 11:09:00,78.0506,78.0506,78.0307,78.0307,283.0,PNFP
2023-02-01 11:08:00,78.0805,78.0905,78.0506,78.0506,1192.0,PNFP
2023-02-01 11:06:00,78.0406,78.0406,78.0406,78.0406,347.0,PNFP
2023-02-01 11:05:00,78.0406,78.0406,78.0406,78.0406,100.0,PNFP
2023-02-01 11:04:00,78.0506,78.0506,78.0382,78.0382,848.0,PNFP
2023-02-01 11:01:00,77.9509,77.9509,77.9309,77.9309,489.0,PNFP
2023-02-01 10:58:00,78.0406,78.0406,78.0307,78.0307,570.0,PNFP
2023-02-01 10:57:00,77.9609,78.0207,77.9609,78.0207,396.0,PNFP
2023-02-01 10:56:00,77.9609,77.9998,77.9509,77.9509,493.0,PNFP
2023-02-01 10:53:00,77.9609,77.9609,77.911,77.911,974.0,PNFP
2023-02-01 10:52:00,77.9708,78.0008,77.9708,78.0008,610.0,PNFP
2023-02-01 10:51:00,78.0706,78.0706,78.0706,78.0706,495.0,PNFP
2023-02-01 10:50:00,78.1204,78.1204,78.1204,78.1204,537.0,PNFP
2023-02-01 10:48:00,78.1803,78.1803,78.1803,78.1803,169.0,PNFP
2023-02-01 10:47:00,78.1154,78.2152,78.1154,78.1902,2911.0,PNFP
2023-02-01 10:46:00,78.0905,78.0905,78.0905,78.0905,319.0,PNFP
2023-02-01 10:45:00,78.2202,78.2202,78.1204,78.1254,1766.0,PNFP
2023-02-01 10:44:00,78.2401,78.2401,78.2102,78.2102,795.0,PNFP
2023-02-01 10:42:00,78.3688,78.3688,78.29,78.3,1519.0,PNFP
2023-02-01 10:40:00,78.2601,78.2601,78.2401,78.2401,1096.0,PNFP
2023-02-01 10:39:00,78.1803,78.1803,78.1803,78.1803,1647.0,PNFP
2023-02-01 10:38:00,78.0506,78.0506,78.0506,78.0506,506.0,PNFP
2023-02-01 10:37:00,78.0506,78.0706,78.0107,78.0706,2686.0,PNFP
2023-02-01 10:35:00,78.0008,78.0008,77.891,77.891,1429.0,PNFP
2023-02-01 10:33:00,77.8212,77.911,77.8212,77.911,1655.0,PNFP
2023-02-01 10:32:00,77.8611,77.8611,77.8312,77.8412,1328.0,PNFP
2023-02-01 10:31:00,77.916,77.916,77.916,77.916,102.0,PNFP
2023-02-01 10:29:00,78.0107,78.0107,77.901,77.911,1898.0,PNFP
2023-02-01 10:27:00,77.9908,77.9908,77.9908,77.9908,435.0,PNFP
2023-02-01 10:26:00,77.9409,77.9409,77.9309,77.9309,607.0,PNFP
2023-02-01 10:25:00,77.9609,77.9908,77.9609,77.9908,1246.0,PNFP
2023-02-01 10:24:00,77.8063,77.8412,77.8063,77.8412,1597.0,PNFP
2023-02-01 10:23:00,77.8312,77.8312,77.7514,77.7514,1462.0,PNFP
2023-02-01 10:21:00,77.8412,77.8412,77.8412,77.8412,1731.0,PNFP
2023-02-01 10:19:00,77.7115,77.7115,77.7115,77.7115,101.0,PNFP
2023-02-01 10:18:00,77.7315,77.7315,77.6916,77.6916,1120.0,PNFP
2023-02-01 10:17:00,77.6417,77.6417,77.6218,77.6218,779.0,PNFP
2023-02-01 10:16:00,77.7315,77.7315,77.7315,77.7315,276.0,PNFP
2023-02-01 10:15:00,77.7016,77.7415,77.6716,77.6716,2798.0,PNFP
2023-02-01 10:14:00,77.7115,77.7115,77.7115,77.7115,439.0,PNFP
2023-02-01 10:13:00,77.5919,77.6317,77.5919,77.6317,1293.0,PNFP
2023-02-01 10:12:00,77.4024,77.4123,77.4024,77.4123,1571.0,PNFP
2023-02-01 10:10:00,77.4373,77.4373,77.4373,77.4373,569.0,PNFP
2023-02-01 10:09:00,77.3325,77.3325,77.3226,77.3226,412.0,PNFP
2023-02-01 10:08:00,77.4423,77.4423,77.3625,77.3824,971.0,PNFP
2023-02-01 10:07:00,77.4522,77.5719,77.4522,77.5719,447.0,PNFP
2023-02-01 10:05:00,77.2228,77.3724,77.2228,77.3724,1428.0,PNFP
2023-02-01 10:04:00,77.2727,77.2727,77.2627,77.2627,646.0,PNFP
2023-02-01 10:03:00,77.4024,77.4024,77.2727,77.2727,1064.0,PNFP
2023-02-01 10:01:00,77.5619,77.5619,77.2727,77.2727,2600.0,PNFP
2023-02-01 10:00:00,77.6517,77.6816,77.5719,77.5719,2481.0,PNFP
2023-02-01 09:58:00,77.6118,77.6118,77.6118,77.6118,342.0,PNFP
2023-02-01 09:57:00,77.911,77.911,77.6317,77.6317,4124.0,PNFP
2023-02-01 09:56:00,77.8611,77.8611,77.8512,77.8611,1452.0,PNFP
2023-02-01 09:55:00,77.8412,77.901,77.8412,77.901,2503.0,PNFP
2023-02-01 09:52:00,77.7514,77.7514,77.7514,77.7514,437.0,PNFP
2023-02-01 09:49:00,77.5619,77.5619,77.5619,77.5619,329.0,PNFP
2023-02-01 09:48:00,77.4173,77.6417,77.4173,77.6417,1602.0,PNFP
2023-02-01 09:47:00,77.4622,77.4722,77.4223,77.4423,2406.0,PNFP
2023-02-01 09:46:00,77.3525,77.3924,77.153,77.3824,4689.0,PNFP
2023-02-01 09:44:00,77.6268,77.6268,77.3924,77.5071,1120.0,PNFP
2023-02-01 09:42:00,77.7119,77.8013,77.7119,77.7415,2779.0,PNFP
2023-02-01 09:41:00,78.0307,78.0307,77.8013,77.8113,3653.0,PNFP
2023-02-01 09:40:00,78.2052,78.2052,78.0406,78.0406,1018.0,PNFP
2023-02-01 09:39:00,78.1304,78.1304,78.1304,78.1304,274.0,PNFP
2023-02-01 09:36:00,78.4595,78.4595,78.1803,78.1803,371.0,PNFP
2023-02-01 09:34:00,78.3997,78.3997,78.2301,78.2301,1089.0,PNFP
2023-02-01 09:31:00,77.911,77.911,77.911,77.911,2967.0,PNFP
2023-01-31 16:05:00,78.5194,78.5194,78.5194,78.5194,3234.0,PNFP
2023-01-31 16:04:00,78.5194,78.5194,78.5194,78.5194,980.0,PNFP
2023-01-31 16:02:00,78.5194,78.5194,78.5194,78.5194,522.0,PNFP
2023-01-31 16:01:00,78.5194,78.5194,78.5194,78.5194,5935.0,PNFP
2023-01-31 16:00:00,78.4496,78.5692,78.4496,78.5293,21916.0,PNFP
2023-01-31 15:59:00,78.3897,78.4196,78.3448,78.4097,15921.0,PNFP
2023-01-31 15:58:00,78.4795,78.4795,78.3698,78.3698,10318.0,PNFP
2023-01-31 15:57:00,78.4845,78.5194,78.4097,78.4496,16418.0,PNFP
2023-01-31 15:56:00,78.4695,78.5094,78.3498,78.5094,11969.0,PNFP
2023-01-31 15:55:00,78.3398,78.4396,78.28,78.3847,12153.0,PNFP
2023-01-31 15:54:00,78.2401,78.3897,78.2401,78.3299,12787.0,PNFP
2023-01-31 15:53:00,78.1504,78.2501,78.1504,78.2501,4679.0,PNFP
2023-01-31 15:52:00,78.1603,78.1603,78.1105,78.1105,4099.0,PNFP
2023-01-31 15:51:00,77.9609,78.2002,77.9609,78.1404,5140.0,PNFP
2023-01-31 15:50:00,77.9309,77.9309,77.9309,77.9309,328.0,PNFP
2023-01-31 15:49:00,77.9509,77.9708,77.9359,77.9359,1802.0,PNFP
2023-01-31 15:48:00,77.921,77.9908,77.911,77.9908,2603.0,PNFP
2023-01-31 15:47:00,77.896,77.921,77.891,77.891,2929.0,PNFP
2023-01-31 15:46:00,77.911,77.921,77.911,77.921,999.0,PNFP
2023-01-31 15:45:00,77.8412,77.891,77.8412,77.891,880.0,PNFP
2023-01-31 15:44:00,77.7714,77.8312,77.7714,77.8212,2910.0,PNFP
2023-01-31 15:43:00,77.8262,77.8262,77.7415,77.7415,2730.0,PNFP
2023-01-31 15:42:00,77.8163,77.8163,77.8013,77.8013,601.0,PNFP
2023-01-31 15:41:00,77.8013,77.8412,77.7813,77.8312,2569.0,PNFP
2023-01-31 15:40:00,77.8312,77.8312,77.8013,77.8013,377.0,PNFP
2023-01-31 15:39:00,77.8212,77.8212,77.8212,77.8212,560.0,PNFP
2023-01-31 15:38:00,77.7813,77.8113,77.7813,77.8063,1692.0,PNFP
2023-01-31 15:37:00,77.911,77.911,77.7514,77.7813,7041.0,PNFP
2023-01-31 15:36:00,77.921,77.9309,77.896,77.911,1613.0,PNFP
2023-01-31 15:35:00,77.9309,77.9309,77.926,77.926,571.0,PNFP
2023-01-31 15:34:00,77.911,77.9309,77.891,77.911,1739.0,PNFP
2023-01-31 15:33:00,77.9309,77.9359,77.911,77.9309,2960.0,PNFP
2023-01-31 15:32:00,77.911,77.9708,77.911,77.9359,778.0,PNFP
2023-01-31 15:31:00,77.8611,77.891,77.8412,77.891,1459.0,PNFP
2023-01-31 15:30:00,77.8262,77.8262,77.792,77.792,858.0,PNFP
2023-01-31 15:29:00,77.8113,77.8113,77.8113,77.8113,228.0,PNFP
2023-01-31 15:28:00,77.9459,77.9459,77.8013,77.8013,2558.0,PNFP
2023-01-31 15:27:00,77.911,77.9459,77.911,77.9459,1807.0,PNFP
2023-01-31 15:26:00,77.8412,77.9309,77.8412,77.9309,1506.0,PNFP
2023-01-31 15:25:00,77.7863,77.7863,77.7863,77.7863,154.0,PNFP
2023-01-31 15:24:00,77.7215,77.7215,77.7215,77.7215,1123.0,PNFP
2023-01-31 15:22:00,77.6916,77.6916,77.6617,77.6617,1820.0,PNFP
2023-01-31 15:21:00,77.6517,77.7165,77.6517,77.7165,1146.0,PNFP
2023-01-31 15:19:00,77.6517,77.6517,77.6118,77.6218,995.0,PNFP
2023-01-31 15:18:00,77.6816,77.6816,77.6417,77.6417,708.0,PNFP
2023-01-31 15:17:00,77.7016,77.7016,77.7016,77.7016,272.0,PNFP
2023-01-31 15:16:00,77.6317,77.6667,77.6317,77.6517,2070.0,PNFP
2023-01-31 15:15:00,77.6118,77.6317,77.5619,77.6317,1462.0,PNFP
2023-01-31 15:13:00,77.6317,77.6417,77.4921,77.5719,4089.0,PNFP
2023-01-31 15:12:00,77.7016,77.7016,77.7016,77.7016,289.0,PNFP
2023-01-31 15:11:00,77.7514,77.7614,77.7115,77.7115,1000.0,PNFP
2023-01-31 15:10:00,77.7913,77.8212,77.7913,77.8113,4573.0,PNFP
2023-01-31 15:09:00,77.7415,77.7614,77.7415,77.7614,641.0,PNFP
2023-01-31 15:08:00,77.8113,77.8113,77.7813,77.7813,1402.0,PNFP
2023-01-31 15:07:00,77.8163,77.8163,77.8163,77.8163,368.0,PNFP
2023-01-31 15:06:00,77.7913,77.8013,77.7913,77.8013,298.0,PNFP
2023-01-31 15:05:00,77.8163,77.8212,77.7913,77.8212,998.0,PNFP
2023-01-31 15:04:00,77.8212,77.8312,77.7913,77.8163,2977.0,PNFP
2023-01-31 15:02:00,77.8512,77.8512,77.7514,77.8113,3151.0,PNFP
2023-01-31 15:01:00,77.911,77.911,77.891,77.891,1295.0,PNFP
2023-01-31 15:00:00,77.921,77.921,77.921,77.921,275.0,PNFP
2023-01-31 14:58:00,77.9309,77.9309,77.921,77.921,1477.0,PNFP
2023-01-31 14:57:00,77.9309,77.9309,77.9309,77.9309,243.0,PNFP
2023-01-31 14:56:00,77.9309,77.9309,77.9309,77.9309,568.0,PNFP
2023-01-31 14:55:00,77.9509,77.9509,77.9509,77.9509,657.0,PNFP
2023-01-31 14:53:00,77.9908,77.9908,77.9808,77.9808,805.0,PNFP
2023-01-31 14:52:00,77.9908,78.0107,77.9808,77.9808,2667.0,PNFP
2023-01-31 14:51:00,77.9609,77.9609,77.9609,77.9609,463.0,PNFP
2023-01-31 14:50:00,78.0207,78.0207,77.9908,78.0008,1587.0,PNFP
2023-01-31 14:48:00,78.0207,78.0207,78.0207,78.0207,1029.0,PNFP
2023-01-31 14:47:00,78.0606,78.0606,78.0606,78.0606,117.0,PNFP
2023-01-31 14:46:00,78.0606,78.0606,78.0606,78.0606,110.0,PNFP
2023-01-31 14:43:00,78.0107,78.0406,78.0107,78.0406,1238.0,PNFP
2023-01-31 14:42:00,77.9808,77.9808,77.911,77.921,1399.0,PNFP
2023-01-31 14:41:00,78.0506,78.0506,77.9808,78.021,4436.0,PNFP
2023-01-31 14:40:00,78.0406,78.0706,78.0406,78.0706,1008.0,PNFP
2023-01-31 14:39:00,78.0456,78.0456,78.0207,78.0207,3051.0,PNFP
2023-01-31 14:38:00,78.0157,78.0506,77.9908,78.0357,2206.0,PNFP
2023-01-31 14:37:00,78.0357,78.0357,78.0357,78.0357,124.0,PNFP
2023-01-31 14:36:00,78.0406,78.0406,78.0406,78.0406,428.0,PNFP
2023-01-31 14:33:00,77.9908,77.9908,77.9908,77.9908,730.0,PNFP
2023-01-31 14:32:00,77.9908,77.9908,77.9858,77.9858,801.0,PNFP
2023-01-31 14:31:00,77.9309,77.9708,77.9309,77.9708,261.0,PNFP
2023-01-31 14:30:00,77.9409,77.9409,77.9409,77.9409,379.0,PNFP
2023-01-31 14:29:00,77.9509,77.9509,77.9509,77.9509,1039.0,PNFP
2023-01-31 14:27:00,77.9708,78.0307,77.9708,78.0307,305.0,PNFP
2023-01-31 14:26:00,78.0107,78.0107,77.9708,77.9708,356.0,PNFP
2023-01-31 14:24:00,77.8711,77.9708,77.8711,77.9309,2211.0,PNFP
2023-01-31 14:21:00,77.8711,77.8711,77.8711,77.8711,879.0,PNFP
2023-01-31 14:20:00,77.7564,77.7913,77.7564,77.7913,5013.0,PNFP
2023-01-31 14:19:00,77.8512,77.8512,77.7215,77.7415,5378.0,PNFP
2023-01-31 14:18:00,77.7913,77.7913,77.7913,77.7913,556.0,PNFP
2023-01-31 14:17:00,77.8412,77.8412,77.8412,77.8412,337.0,PNFP
2023-01-31 14:16:00,77.7415,77.7913,77.7215,77.7913,3413.0,PNFP
2023-01-31 14:15:00,77.7415,77.7415,77.7296,77.7296,536.0,PNFP
2023-01-31 14:13:00,77.7016,77.7215,77.7016,77.7215,614.0,PNFP
2023-01-31 14:11:00,77.8013,77.8013,77.7115,77.7514,2238.0,PNFP
2023-01-31 14:10:00,77.8013,77.8013,77.8013,77.8013,540.0,PNFP
2023-01-31 14:09:00,77.7415,77.7714,77.7415,77.7714,1110.0,PNFP
2023-01-31 14:08:00,77.6916,77.6916,77.6916,77.6916,217.0,PNFP
2023-01-31 14:06:00,77.6916,77.7115,77.6916,77.7115,1035.0,PNFP
2023-01-31 14:05:00,77.7215,77.7215,77.6916,77.6916,2171.0,PNFP
2023-01-31 14:04:00,77.7614,77.7614,77.7614,77.7614,518.0,PNFP
2023-01-31 14:03:00,77.7415,77.7415,77.7415,77.7415,120.0,PNFP
2023-01-31 14:01:00,77.7215,77.7215,77.7215,77.7215,210.0,PNFP
2023-01-31 14:00:00,77.7115,77.7215,77.7115,77.7215,436.0,PNFP
2023-01-31 13:59:00,77.6816,77.7016,77.6816,77.7016,820.0,PNFP
2023-01-31 13:57:00,77.6218,77.6816,77.6218,77.6816,555.0,PNFP
2023-01-31 13:56:00,77.6018,77.6018,77.6018,77.6018,108.0,PNFP
2023-01-31 13:54:00,77.6317,77.6317,77.6317,77.6317,865.0,PNFP
2023-01-31 13:53:00,77.5919,77.6168,77.5619,77.5619,1002.0,PNFP
2023-01-31 13:52:00,77.6218,77.6317,77.5919,77.6118,2214.0,PNFP
2023-01-31 13:51:00,77.6766,77.6766,77.6766,77.6766,325.0,PNFP
2023-01-31 13:48:00,77.6916,77.7016,77.6617,77.7016,671.0,PNFP
2023-01-31 13:47:00,77.6018,77.6018,77.6018,77.6018,775.0,PNFP
2023-01-31 13:45:00,77.5818,77.5818,77.5818,77.5818,143.0,PNFP
2023-01-31 13:41:00,77.5196,77.5196,77.5196,77.5196,704.0,PNFP
2023-01-31 13:40:00,77.3824,77.4223,77.3824,77.4223,330.0,PNFP
2023-01-31 13:38:00,77.3924,77.3924,77.3724,77.3824,1349.0,PNFP
2023-01-31 13:37:00,77.4921,77.4921,77.4423,77.4423,3051.0,PNFP
2023-01-31 13:36:00,77.522,77.522,77.522,77.522,365.0,PNFP
2023-01-31 13:35:00,77.4423,77.542,77.4423,77.5121,1819.0,PNFP
2023-01-31 13:34:00,77.4323,77.4323,77.4323,77.4323,605.0,PNFP
2023-01-31 13:33:00,77.4223,77.4223,77.4223,77.4223,120.0,PNFP
2023-01-31 13:30:00,77.4223,77.4223,77.4223,77.4223,495.0,PNFP
2023-01-31 13:28:00,77.3924,77.4223,77.3924,77.3924,759.0,PNFP
2023-01-31 13:25:00,77.4323,77.4323,77.4123,77.4123,980.0,PNFP
2023-01-31 13:24:00,77.4423,77.4423,77.4423,77.4423,977.0,PNFP
2023-01-31 13:17:00,77.4532,77.4532,77.4532,77.4532,100.0,PNFP
2023-01-31 13:15:00,77.5021,77.5021,77.5021,77.5021,279.0,PNFP
2023-01-31 13:14:00,77.4921,77.4921,77.4522,77.4622,2599.0,PNFP
2023-01-31 13:12:00,77.522,77.542,77.522,77.542,1091.0,PNFP
2023-01-31 13:11:00,77.4722,77.522,77.4522,77.522,1349.0,PNFP
2023-01-31 13:10:00,77.5021,77.552,77.5021,77.5021,762.0,PNFP
2023-01-31 13:08:00,77.5021,77.5021,77.5021,77.5021,207.0,PNFP
2023-01-31 13:02:00,77.4722,77.4921,77.4323,77.4821,4547.0,PNFP
2023-01-31 12:59:00,77.4323,77.4323,77.4123,77.4323,499.0,PNFP
2023-01-31 12:58:00,77.4423,77.4423,77.4423,77.4423,304.0,PNFP
2023-01-31 12:56:00,77.4622,77.4821,77.4622,77.4821,790.0,PNFP
2023-01-31 12:55:00,77.4622,77.4622,77.4622,77.4622,681.0,PNFP
2023-01-31 12:52:00,77.5819,77.5819,77.4323,77.4323,2520.0,PNFP
2023-01-31 12:51:00,77.5819,77.6417,77.5819,77.6417,1463.0,PNFP
2023-01-31 12:50:00,77.5719,77.5719,77.5719,77.5719,300.0,PNFP
2023-01-31 12:48:00,77.547,77.5619,77.547,77.5619,1160.0,PNFP
2023-01-31 12:47:00,77.552,77.552,77.547,77.547,2278.0,PNFP
2023-01-31 12:46:00,77.5071,77.5171,77.4821,77.5121,2694.0,PNFP
2023-01-31 12:45:00,77.4622,77.5071,77.4622,77.5021,1388.0,PNFP
2023-01-31 12:43:00,77.4622,77.4622,77.4622,77.4622,371.0,PNFP
2023-01-31 12:42:00,77.3924,77.4423,77.3924,77.4423,836.0,PNFP
2023-01-31 12:38:00,77.4123,77.4921,77.4123,77.4921,809.0,PNFP
2023-01-31 12:37:00,77.3076,77.3675,77.2827,77.3675,1980.0,PNFP
2023-01-31 12:36:00,77.2328,77.3026,77.2328,77.3026,2067.0,PNFP
2023-01-31 12:31:00,77.2104,77.2104,77.2104,77.2104,213.0,PNFP
2023-01-31 12:30:00,77.2179,77.2179,77.2179,77.2179,176.0,PNFP
2023-01-31 12:28:00,77.2378,77.2378,77.2179,77.2179,300.0,PNFP
2023-01-31 12:26:00,77.2478,77.2627,77.2179,77.2179,1405.0,PNFP
2023-01-31 12:25:00,77.2627,77.2627,77.2328,77.2328,478.0,PNFP
2023-01-31 12:24:00,77.2478,77.2627,77.2478,77.2627,427.0,PNFP
2023-01-31 12:23:00,77.2478,77.2478,77.2478,77.2478,255.0,PNFP
2023-01-31 12:22:00,77.1829,77.2528,77.1829,77.2478,1962.0,PNFP
2023-01-31 12:21:00,77.2079,77.2079,77.153,77.1829,2283.0,PNFP
2023-01-31 12:20:00,77.1829,77.1929,77.163,77.173,1450.0,PNFP
2023-01-31 12:16:00,77.153,77.153,77.1281,77.1281,311.0,PNFP
2023-01-31 12:14:00,77.1032,77.1032,77.1032,77.1032,161.0,PNFP
2023-01-31 12:13:00,77.1281,77.1431,77.0732,77.1032,2658.0,PNFP
2023-01-31 12:11:00,77.1131,77.163,77.1032,77.1356,1199.0,PNFP
2023-01-31 12:10:00,77.0732,77.178,77.0732,77.163,2149.0,PNFP
2023-01-31 12:07:00,77.0732,77.0732,77.0034,77.0309,1116.0,PNFP
2023-01-31 12:06:00,76.9536,77.0234,76.9436,77.0234,2775.0,PNFP
2023-01-31 12:04:00,76.9536,76.9835,76.9536,76.9735,389.0,PNFP
2023-01-31 12:02:00,77.0284,77.0383,77.0284,77.0383,470.0,PNFP
2023-01-31 11:59:00,76.9835,76.9835,76.9835,76.9835,144.0,PNFP
2023-01-31 11:58:00,76.9735,76.9735,76.9735,76.9735,416.0,PNFP
2023-01-31 11:56:00,76.8638,76.8638,76.8638,76.8638,123.0,PNFP
2023-01-31 11:52:00,76.7441,76.8838,76.7441,76.8838,1988.0,PNFP
2023-01-31 11:47:00,76.6544,76.7142,76.6544,76.7142,1110.0,PNFP
2023-01-31 11:46:00,76.6195,76.6195,76.5447,76.5447,706.0,PNFP
2023-01-31 11:39:00,76.5746,76.5746,76.5746,76.5746,261.0,PNFP
2023-01-31 11:37:00,76.6643,76.6643,76.6643,76.6643,256.0,PNFP
2023-01-31 11:35:00,76.5945,76.5945,76.5846,76.5846,788.0,PNFP
2023-01-31 11:33:00,76.6444,76.6693,76.6444,76.6693,431.0,PNFP
2023-01-31 11:31:00,76.5596,76.5596,76.5596,76.5596,101.0,PNFP
2023-01-31 11:27:00,76.5746,76.5746,76.5546,76.5546,960.0,PNFP
2023-01-31 11:26:00,76.4649,76.5473,76.4649,76.5473,925.0,PNFP
2023-01-31 11:23:00,76.4549,76.4549,76.4382,76.4382,972.0,PNFP
2023-01-31 11:22:00,76.415,76.415,76.415,76.415,200.0,PNFP
2023-01-31 11:18:00,76.4948,76.5147,76.4948,76.5147,1027.0,PNFP
2023-01-31 11:17:00,76.6145,76.6145,76.6145,76.6145,1460.0,PNFP
2023-01-31 11:15:00,76.6743,76.6743,76.6444,76.6444,1207.0,PNFP
2023-01-31 11:14:00,76.7342,76.7391,76.6544,76.6943,3248.0,PNFP
2023-01-31 11:13:00,76.6344,76.7242,76.6145,76.7242,3622.0,PNFP
2023-01-31 11:12:00,76.5846,76.5846,76.5846,76.5846,291.0,PNFP
2023-01-31 11:11:00,76.6145,76.6145,76.5846,76.5846,1161.0,PNFP
2023-01-31 11:10:00,76.5048,76.5147,76.5048,76.5048,1208.0,PNFP
2023-01-31 11:09:00,76.4948,76.4948,76.4948,76.4948,449.0,PNFP
2023-01-31 11:08:00,76.6095,76.6095,76.6095,76.6095,245.0,PNFP
2023-01-31 11:07:00,76.6095,76.6095,76.6095,76.6095,191.0,PNFP
2023-01-31 11:05:00,76.5447,76.5447,76.5447,76.5447,638.0,PNFP
2023-01-31 11:02:00,76.425,76.425,76.425,76.425,157.0,PNFP
2023-01-31 11:01:00,76.3951,76.4649,76.3951,76.4649,738.0,PNFP
2023-01-31 10:58:00,76.2754,76.3053,76.2554,76.3053,1220.0,PNFP
2023-01-31 10:57:00,76.2554,76.2554,76.2554,76.2554,771.0,PNFP
2023-01-31 10:54:00,76.2754,76.2953,76.2754,76.2754,967.0,PNFP
2023-01-31 10:51:00,76.2255,76.2255,76.2255,76.2255,279.0,PNFP
2023-01-31 10:50:00,76.1657,76.1657,76.1657,76.1657,940.0,PNFP
2023-01-31 10:49:00,76.2255,76.2255,76.1258,76.1258,1095.0,PNFP
2023-01-31 10:47:00,76.2854,76.2854,76.2205,76.2205,1880.0,PNFP
2023-01-31 10:46:00,76.1836,76.3452,76.1836,76.3452,3930.0,PNFP
2023-01-31 10:45:00,76.1757,76.1757,76.1757,76.1757,801.0,PNFP
2023-01-31 10:44:00,76.2205,76.2205,76.2205,76.2205,224.0,PNFP
2023-01-31 10:43:00,76.1358,76.1557,76.1358,76.1557,496.0,PNFP
2023-01-31 10:42:00,75.9662,75.9662,75.9662,75.9662,720.0,PNFP
2023-01-31 10:40:00,76.0061,76.0061,76.0061,76.0061,241.0,PNFP
2023-01-31 10:39:00,76.0061,76.0061,76.0061,76.0061,233.0,PNFP
2023-01-31 10:35:00,75.9662,75.9662,75.9662,75.9662,130.0,PNFP
2023-01-31 10:29:00,75.9812,75.9812,75.9812,75.9812,366.0,PNFP
2023-01-31 10:28:00,75.9064,75.9812,75.9064,75.9812,363.0,PNFP
2023-01-31 10:26:00,76.036,76.036,76.036,76.036,281.0,PNFP
2023-01-31 10:25:00,75.9562,75.9862,75.8964,75.9712,2711.0,PNFP
2023-01-31 10:24:00,75.9862,75.9961,75.9862,75.9862,862.0,PNFP
2023-01-31 10:22:00,75.9463,75.9463,75.9463,75.9463,112.0,PNFP
2023-01-31 10:21:00,75.7867,75.8765,75.7817,75.8765,691.0,PNFP
2023-01-31 10:19:00,75.7219,75.7219,75.7219,75.7219,360.0,PNFP
2023-01-31 10:18:00,75.687,75.7667,75.687,75.7667,336.0,PNFP
2023-01-31 10:16:00,75.5872,75.5872,75.5872,75.5872,132.0,PNFP
2023-01-31 10:15:00,75.6221,75.7269,75.6221,75.672,516.0,PNFP
2023-01-31 10:14:00,75.5872,75.7169,75.5872,75.6072,1120.0,PNFP
2023-01-31 10:13:00,75.5174,75.6171,75.4576,75.6171,758.0,PNFP
2023-01-31 10:12:00,75.308,75.4576,75.308,75.4576,1037.0,PNFP
2023-01-31 10:10:00,75.5473,75.5748,75.2681,75.2681,1059.0,PNFP
2023-01-31 10:08:00,75.7767,75.7767,75.7169,75.7169,2262.0,PNFP
2023-01-31 10:06:00,75.687,75.687,75.687,75.687,408.0,PNFP
2023-01-31 10:05:00,75.677,75.677,75.677,75.677,218.0,PNFP
2023-01-31 10:03:00,75.687,75.687,75.687,75.687,103.0,PNFP
2023-01-31 10:02:00,75.5972,75.682,75.5972,75.682,369.0,PNFP
2023-01-31 10:01:00,75.7867,75.7867,75.6371,75.6371,325.0,PNFP
2023-01-31 09:59:00,75.687,75.7169,75.677,75.7169,1177.0,PNFP
2023-01-31 09:58:00,75.7967,75.7967,75.7967,75.7967,206.0,PNFP
2023-01-31 09:55:00,75.7917,75.7917,75.7917,75.7917,227.0,PNFP
2023-01-31 09:53:00,75.8116,75.8482,75.8116,75.8482,355.0,PNFP
2023-01-31 09:51:00,75.7967,75.9961,75.7967,75.8715,1669.0,PNFP
2023-01-31 09:50:00,75.7717,75.7717,75.7717,75.7717,171.0,PNFP
2023-01-31 09:45:00,75.7767,75.7767,75.7767,75.7767,112.0,PNFP
2023-01-31 09:44:00,75.7169,75.7169,75.7169,75.7169,199.0,PNFP
2023-01-31 09:41:00,75.687,75.687,75.687,75.687,215.0,PNFP
2023-01-31 09:38:00,75.6171,75.6171,75.6171,75.6171,113.0,PNFP
2023-01-31 09:34:00,75.8366,75.8366,75.8366,75.8366,1008.0,PNFP
2023-01-31 09:33:00,75.8864,75.8864,75.7967,75.7967,2045.0,PNFP
2023-01-31 09:31:00,75.7767,76.1457,75.7767,75.8515,5629.0,PNFP
2023-01-30 16:01:00,75.7867,75.7867,75.7867,75.7867,6195.0,PNFP
2023-01-30 16:00:00,75.7368,75.8166,75.7019,75.8166,22145.0,PNFP
2023-01-30 15:59:00,75.687,75.7867,75.687,75.7468,15514.0,PNFP
2023-01-30 15:58:00,75.5473,75.657,75.5473,75.6471,11402.0,PNFP
2023-01-30 15:57:00,75.5673,75.5972,75.5424,75.5573,11672.0,PNFP
2023-01-30 15:56:00,75.5374,75.5972,75.5174,75.5673,11058.0,PNFP
2023-01-30 15:55:00,75.7169,75.7667,75.5872,75.5872,9152.0,PNFP
2023-01-30 15:54:00,75.7418,75.7568,75.7169,75.7169,1799.0,PNFP
2023-01-30 15:53:00,75.8266,75.8266,75.7368,75.7418,6270.0,PNFP
2023-01-30 15:52:00,75.8565,75.8914,75.8266,75.8266,3368.0,PNFP
2023-01-30 15:51:00,75.9961,75.9961,75.8366,75.8366,6368.0,PNFP
2023-01-30 15:50:00,75.9862,76.0161,75.9762,76.0161,2486.0,PNFP
2023-01-30 15:49:00,75.9862,75.9911,75.9562,75.9662,3491.0,PNFP
2023-01-30 15:48:00,75.9662,75.9961,75.9662,75.9911,1767.0,PNFP
2023-01-30 15:47:00,76.0759,76.0759,76.0061,76.0061,2349.0,PNFP
2023-01-30 15:46:00,75.9862,76.056,75.9862,76.056,852.0,PNFP
2023-01-30 15:45:00,76.0659,76.0859,75.9662,75.9662,3620.0,PNFP
2023-01-30 15:44:00,76.0061,76.0959,75.9363,76.0659,14014.0,PNFP
2023-01-30 15:43:00,75.9762,75.9762,75.8864,75.9662,8517.0,PNFP
2023-01-30 15:42:00,76.046,76.046,75.9612,75.9612,2869.0,PNFP
2023-01-30 15:41:00,75.9263,76.0759,75.9064,76.0759,8653.0,PNFP
2023-01-30 15:40:00,75.9313,75.9313,75.9313,75.9313,340.0,PNFP
2023-01-30 15:39:00,75.9263,75.9363,75.9064,75.9363,1362.0,PNFP
2023-01-30 15:38:00,75.9363,75.9363,75.9363,75.9363,392.0,PNFP
2023-01-30 15:37:00,75.9363,75.9463,75.9064,75.9263,1027.0,PNFP
2023-01-30 15:36:00,75.9064,75.9064,75.9064,75.9064,746.0,PNFP
2023-01-30 15:35:00,75.9263,75.9363,75.8765,75.9263,2714.0,PNFP
2023-01-30 15:34:00,75.9263,75.9263,75.9263,75.9263,655.0,PNFP
2023-01-30 15:33:00,75.8615,75.9363,75.8615,75.9213,1104.0,PNFP
2023-01-30 15:32:00,75.8366,75.8465,75.8366,75.8465,1732.0,PNFP
2023-01-30 15:31:00,75.8266,75.8266,75.8266,75.8266,252.0,PNFP
2023-01-30 15:30:00,75.8465,75.8465,75.7967,75.8216,1628.0,PNFP
2023-01-30 15:29:00,75.8266,75.8465,75.7618,75.7867,2063.0,PNFP
2023-01-30 15:28:00,75.7667,75.8166,75.7667,75.8166,3848.0,PNFP
2023-01-30 15:27:00,75.7967,75.7967,75.7967,75.7967,300.0,PNFP
2023-01-30 15:25:00,75.8017,75.8017,75.7967,75.7967,689.0,PNFP
2023-01-30 15:23:00,75.7967,75.8116,75.7967,75.8116,1433.0,PNFP
2023-01-30 15:22:00,75.8166,75.8166,75.7867,75.7967,1275.0,PNFP
2023-01-30 15:21:00,75.8017,75.8017,75.8017,75.8017,565.0,PNFP
2023-01-30 15:20:00,75.657,75.7468,75.657,75.7418,2833.0,PNFP
2023-01-30 15:19:00,75.6271,75.6471,75.6171,75.6471,1535.0,PNFP
2023-01-30 15:18:00,75.5773,75.6072,75.5573,75.5972,2618.0,PNFP
2023-01-30 15:16:00,75.6171,75.6171,75.6171,75.6171,732.0,PNFP
2023-01-30 15:15:00,75.7169,75.7368,75.6471,75.6471,4378.0,PNFP
2023-01-30 15:14:00,75.7767,75.7767,75.7269,75.7269,622.0,PNFP
2023-01-30 15:13:00,75.7069,75.7667,75.7069,75.7069,1992.0,PNFP
2023-01-30 15:11:00,75.7069,75.7069,75.7069,75.7069,222.0,PNFP
2023-01-30 15:10:00,75.7867,75.7867,75.7169,75.7169,318.0,PNFP
2023-01-30 15:09:00,75.7368,75.7767,75.7169,75.7767,1829.0,PNFP
2023-01-30 15:08:00,75.7667,75.8166,75.7667,75.7692,4228.0,PNFP
2023-01-30 15:04:00,75.7169,75.7568,75.7169,75.7568,460.0,PNFP
2023-01-30 15:03:00,75.667,75.687,75.657,75.687,1042.0,PNFP
2023-01-30 15:02:00,75.6471,75.6471,75.6371,75.6371,1830.0,PNFP
2023-01-30 14:58:00,75.5274,75.5872,75.5274,75.5872,632.0,PNFP
2023-01-30 14:57:00,75.5174,75.5723,75.5174,75.5723,595.0,PNFP
2023-01-30 14:56:00,75.3878,75.5174,75.3878,75.5174,3350.0,PNFP
2023-01-30 14:55:00,75.3928,75.3928,75.3928,75.3928,352.0,PNFP
2023-01-30 14:54:00,75.4077,75.4177,75.3678,75.3678,2804.0,PNFP
2023-01-30 14:53:00,75.4975,75.5224,75.3578,75.4074,9657.0,PNFP
2023-01-30 14:52:00,75.5174,75.5772,75.5074,75.5174,8287.0,PNFP
2023-01-30 14:51:00,75.5274,75.5473,75.5074,75.5473,533.0,PNFP
2023-01-30 14:50:00,75.5274,75.5573,75.5074,75.5473,1778.0,PNFP
2023-01-30 14:49:00,75.5473,75.5473,75.5473,75.5473,373.0,PNFP
2023-01-30 14:48:00,75.5673,75.5773,75.5573,75.5673,1433.0,PNFP
2023-01-30 14:47:00,75.5972,75.5972,75.5872,75.5872,691.0,PNFP
2023-01-30 14:46:00,75.5673,75.5972,75.5673,75.5972,1129.0,PNFP
2023-01-30 14:45:00,75.5442,75.5442,75.5442,75.5442,426.0,PNFP
2023-01-30 14:44:00,75.5473,75.5473,75.5473,75.5473,996.0,PNFP
2023-01-30 14:43:00,75.5274,75.5274,75.5274,75.5274,145.0,PNFP
2023-01-30 14:42:00,75.5274,75.5274,75.5274,75.5274,400.0,PNFP
2023-01-30 14:41:00,75.5972,75.5972,75.5374,75.5374,817.0,PNFP
2023-01-30 14:39:00,75.6072,75.6271,75.6072,75.6271,2204.0,PNFP
2023-01-30 14:38:00,75.5473,75.5473,75.5374,75.5374,237.0,PNFP
2023-01-30 14:37:00,75.5872,75.5872,75.5872,75.5872,282.0,PNFP
2023-01-30 14:36:00,75.6139,75.6172,75.6139,75.6172,1066.0,PNFP
2023-01-30 14:34:00,75.677,75.677,75.677,75.677,402.0,PNFP
2023-01-30 14:33:00,75.7867,75.7867,75.7269,75.7269,1439.0,PNFP
2023-01-30 14:32:00,75.8066,75.8066,75.7667,75.7867,2761.0,PNFP
2023-01-30 14:31:00,75.7667,75.8066,75.7468,75.7967,6264.0,PNFP
2023-01-30 14:29:00,75.7568,75.7967,75.7169,75.7269,1738.0,PNFP
2023-01-30 14:28:00,75.6321,75.7468,75.6321,75.677,5211.0,PNFP
2023-01-30 14:27:00,75.6271,75.6321,75.6271,75.6271,1343.0,PNFP
2023-01-30 14:25:00,75.6371,75.6471,75.6371,75.6471,632.0,PNFP
2023-01-30 14:24:00,75.7269,75.7269,75.6969,75.6969,1471.0,PNFP
2023-01-30 14:21:00,75.7568,75.7892,75.7368,75.7468,1042.0,PNFP
2023-01-30 14:20:00,75.8166,75.8465,75.7368,75.7368,4413.0,PNFP
2023-01-30 14:17:00,75.8166,75.8166,75.8166,75.8166,415.0,PNFP
2023-01-30 14:15:00,75.7667,75.8266,75.7667,75.8266,1259.0,PNFP
2023-01-30 14:12:00,75.7568,75.7568,75.7169,75.7169,3071.0,PNFP
2023-01-30 14:10:00,75.8465,75.8465,75.7468,75.7568,4227.0,PNFP
2023-01-30 14:09:00,75.8515,75.8515,75.8515,75.8515,212.0,PNFP
2023-01-30 14:08:00,75.8665,75.8665,75.8565,75.8665,1237.0,PNFP
2023-01-30 14:05:00,75.9014,75.9363,75.9014,75.9363,624.0,PNFP
2023-01-30 14:01:00,75.9163,75.9163,75.8665,75.8665,618.0,PNFP
2023-01-30 14:00:00,75.8216,75.8864,75.8216,75.8864,1277.0,PNFP
2023-01-30 13:59:00,75.8166,75.8166,75.8166,75.8166,214.0,PNFP
2023-01-30 13:50:00,75.8066,75.8964,75.8066,75.8964,1270.0,PNFP
2023-01-30 13:49:00,75.7767,75.7867,75.7767,75.7867,499.0,PNFP
2023-01-30 13:48:00,75.7568,75.7568,75.7468,75.7468,871.0,PNFP
2023-01-30 13:47:00,75.7767,75.8066,75.7767,75.7767,864.0,PNFP
2023-01-30 13:45:00,75.8066,75.8066,75.8066,75.8066,143.0,PNFP
2023-01-30 13:44:00,75.7368,75.8366,75.7368,75.8166,1572.0,PNFP
2023-01-30 13:41:00,75.7568,75.7568,75.7568,75.7568,335.0,PNFP
2023-01-30 13:40:00,75.8066,75.8066,75.8066,75.8066,378.0,PNFP
2023-01-30 13:36:00,75.7867,75.7867,75.7867,75.7867,161.0,PNFP
2023-01-30 13:34:00,75.7867,75.7867,75.7867,75.7867,281.0,PNFP
2023-01-30 13:33:00,75.7468,75.7468,75.7368,75.7368,225.0,PNFP
2023-01-30 13:32:00,75.7568,75.7568,75.7568,75.7568,596.0,PNFP
2023-01-30 13:31:00,75.7656,75.7656,75.7656,75.7656,369.0,PNFP
2023-01-30 13:30:00,75.7967,75.7967,75.7967,75.7967,159.0,PNFP
2023-01-30 13:29:00,75.7967,75.8166,75.7867,75.8166,517.0,PNFP
2023-01-30 13:28:00,75.8665,75.8665,75.7967,75.7967,1295.0,PNFP
2023-01-30 13:26:00,75.8665,75.8665,75.8665,75.8665,227.0,PNFP
2023-01-30 13:25:00,75.9213,75.9213,75.9213,75.9213,138.0,PNFP
2023-01-30 13:17:00,75.6271,75.6271,75.6271,75.6271,314.0,PNFP
2023-01-30 13:16:00,75.5972,75.6171,75.5972,75.6171,1495.0,PNFP
2023-01-30 13:14:00,75.5473,75.5473,75.5473,75.5473,236.0,PNFP
2023-01-30 13:13:00,75.5673,75.5673,75.5374,75.5374,630.0,PNFP
2023-01-30 13:11:00,75.5473,75.5473,75.5473,75.5473,145.0,PNFP
2023-01-30 13:09:00,75.5723,75.5723,75.5723,75.5723,311.0,PNFP
2023-01-30 13:06:00,75.4676,75.6072,75.4676,75.5872,2310.0,PNFP
2023-01-30 13:05:00,75.4526,75.4526,75.4526,75.4526,111.0,PNFP
2023-01-30 13:04:00,75.4526,75.4526,75.4526,75.4526,406.0,PNFP
2023-01-30 13:03:00,75.4177,75.4177,75.4177,75.4177,346.0,PNFP
2023-01-30 13:01:00,75.5074,75.5074,75.4875,75.4875,1029.0,PNFP
2023-01-30 13:00:00,75.5473,75.5773,75.5274,75.5274,735.0,PNFP
2023-01-30 12:57:00,75.5074,75.5074,75.5074,75.5074,256.0,PNFP
2023-01-30 12:56:00,75.5274,75.5473,75.5274,75.5473,486.0,PNFP
2023-01-30 12:55:00,75.5473,75.5473,75.5473,75.5473,191.0,PNFP
2023-01-30 12:54:00,75.6171,75.6171,75.5822,75.5922,1659.0,PNFP
2023-01-30 12:51:00,75.6271,75.6271,75.6072,75.6072,324.0,PNFP
2023-01-30 12:50:00,75.6271,75.6271,75.6271,75.6271,428.0,PNFP
2023-01-30 12:48:00,75.5274,75.5673,75.5274,75.5274,1913.0,PNFP
2023-01-30 12:47:00,75.5374,75.5473,75.5374,75.5473,478.0,PNFP
2023-01-30 12:46:00,75.6072,75.6072,75.6072,75.6072,437.0,PNFP
2023-01-30 12:45:00,75.6072,75.6072,75.6072,75.6072,275.0,PNFP
2023-01-30 12:44:00,75.7767,75.7767,75.6521,75.6521,1340.0,PNFP
2023-01-30 12:43:00,75.7568,75.7568,75.7568,75.7568,102.0,PNFP
2023-01-30 12:42:00,75.8166,75.8166,75.7767,75.7767,550.0,PNFP
2023-01-30 12:40:00,75.8465,75.8465,75.8166,75.8166,720.0,PNFP
2023-01-30 12:38:00,75.8565,75.8565,75.8565,75.8565,145.0,PNFP
2023-01-30 12:36:00,75.9762,75.9762,75.9263,75.9263,851.0,PNFP
2023-01-30 12:34:00,76.056,76.056,76.0261,76.036,1263.0,PNFP
2023-01-30 12:31:00,76.1058,76.1058,76.1058,76.1058,313.0,PNFP
2023-01-30 12:30:00,76.0759,76.1407,76.0759,76.1358,828.0,PNFP
2023-01-30 12:29:00,76.0959,76.0959,76.0959,76.0959,152.0,PNFP
2023-01-30 12:28:00,76.0161,76.0759,76.0161,76.0759,1041.0,PNFP
2023-01-30 12:27:00,76.1058,76.1058,76.0061,76.0061,1427.0,PNFP
2023-01-30 12:26:00,76.0659,76.1208,76.0659,76.1208,328.0,PNFP
2023-01-30 12:25:00,76.0759,76.0759,76.0759,76.0759,191.0,PNFP
2023-01-30 12:24:00,76.0659,76.0659,76.0659,76.0659,200.0,PNFP
2023-01-30 12:22:00,76.0759,76.0759,76.0759,76.0759,133.0,PNFP
2023-01-30 12:19:00,76.1158,76.1158,76.1158,76.1158,660.0,PNFP
2023-01-30 12:18:00,76.1657,76.1657,76.1158,76.1158,1252.0,PNFP
2023-01-30 12:16:00,76.1956,76.1956,76.1956,76.1956,803.0,PNFP
2023-01-30 12:15:00,76.1058,76.2355,76.1058,76.2255,2439.0,PNFP
2023-01-30 12:13:00,76.1205,76.1258,76.1205,76.1258,317.0,PNFP
2023-01-30 12:12:00,76.1258,76.1258,76.1258,76.1258,609.0,PNFP
2023-01-30 12:11:00,76.1258,76.1258,76.1258,76.1258,815.0,PNFP
2023-01-30 12:10:00,76.1657,76.1657,76.1058,76.1058,1536.0,PNFP
2023-01-30 12:08:00,76.1358,76.1358,76.1358,76.1358,662.0,PNFP
2023-01-30 12:07:00,76.1457,76.1457,76.1457,76.1457,223.0,PNFP
2023-01-30 12:05:00,76.2455,76.2455,76.2455,76.2455,243.0,PNFP
2023-01-30 12:04:00,76.2056,76.2056,76.2056,76.2056,113.0,PNFP
2023-01-30 12:01:00,76.1757,76.1757,76.1757,76.1757,761.0,PNFP
2023-01-30 11:59:00,76.2355,76.3103,76.2355,76.3053,823.0,PNFP
2023-01-30 11:58:00,76.2355,76.2355,76.2355,76.2355,356.0,PNFP
2023-01-30 11:57:00,76.1557,76.1557,76.1557,76.1557,265.0,PNFP
2023-01-30 11:56:00,76.046,76.1358,76.036,76.1358,1943.0,PNFP
2023-01-30 11:55:00,76.0859,76.0859,76.0759,76.0759,367.0,PNFP
2023-01-30 11:54:00,76.0859,76.0859,76.0859,76.0859,149.0,PNFP
2023-01-30 11:52:00,76.1263,76.1263,76.1263,76.1263,144.0,PNFP
2023-01-30 11:51:00,76.0759,76.1158,76.0659,76.1158,817.0,PNFP
2023-01-30 11:50:00,76.1358,76.1358,76.1158,76.1158,1592.0,PNFP
2023-01-30 11:46:00,76.1956,76.1956,76.1956,76.1956,112.0,PNFP
2023-01-30 11:44:00,76.1956,76.2006,76.1956,76.2006,373.0,PNFP
2023-01-30 11:43:00,76.1258,76.2355,76.1258,76.1856,1562.0,PNFP
2023-01-30 11:41:00,76.046,76.046,76.046,76.046,131.0,PNFP
2023-01-30 11:39:00,76.0161,76.0659,76.0061,76.036,2506.0,PNFP
2023-01-30 11:38:00,76.0959,76.0959,76.0659,76.0659,971.0,PNFP
2023-01-30 11:36:00,76.1058,76.1058,76.1058,76.1058,313.0,PNFP
2023-01-30 11:33:00,76.1258,76.1956,76.1258,76.1657,940.0,PNFP
2023-01-30 11:29:00,76.0759,76.1158,76.0759,76.1058,1333.0,PNFP
2023-01-30 11:28:00,76.0261,76.0261,76.0261,76.0261,456.0,PNFP
2023-01-30 11:27:00,76.0161,76.0759,76.0061,76.0759,2134.0,PNFP
2023-01-30 11:26:00,76.046,76.046,76.031,76.031,307.0,PNFP
2023-01-30 11:25:00,76.0261,76.0261,76.0261,76.0261,158.0,PNFP
2023-01-30 11:24:00,76.0959,76.0959,76.046,76.046,1099.0,PNFP
2023-01-30 11:23:00,76.1158,76.1158,76.1158,76.1158,711.0,PNFP
2023-01-30 11:22:00,76.1258,76.1258,76.1258,76.1258,199.0,PNFP
2023-01-30 11:21:00,76.1657,76.1657,76.1657,76.1657,606.0,PNFP
2023-01-30 11:20:00,76.2155,76.2754,76.2155,76.2754,718.0,PNFP
2023-01-30 11:18:00,76.2402,76.2953,76.2402,76.2554,1249.0,PNFP
2023-01-30 11:16:00,76.2155,76.2155,76.2155,76.2155,235.0,PNFP
2023-01-30 11:12:00,76.0809,76.1906,76.0809,76.1906,922.0,PNFP
2023-01-30 11:11:00,76.0759,76.1058,76.056,76.1058,1090.0,PNFP
2023-01-30 11:10:00,75.8914,76.0161,75.8914,76.0161,1143.0,PNFP
2023-01-30 11:09:00,75.8565,75.8565,75.8565,75.8565,402.0,PNFP
2023-01-30 11:08:00,75.9213,75.9213,75.9213,75.9213,334.0,PNFP
2023-01-30 11:02:00,75.8166,75.9762,75.8166,75.9762,763.0,PNFP
2023-01-30 10:59:00,75.9363,75.9762,75.9313,75.9313,1538.0,PNFP
2023-01-30 10:58:00,76.046,76.046,75.8665,75.8665,4555.0,PNFP
2023-01-30 10:57:00,76.046,76.046,76.042,76.042,331.0,PNFP
2023-01-30 10:56:00,76.036,76.036,76.036,76.036,432.0,PNFP
2023-01-30 10:55:00,76.056,76.056,76.0261,76.046,2712.0,PNFP
2023-01-30 10:54:00,76.056,76.056,76.036,76.046,1724.0,PNFP
2023-01-30 10:53:00,76.2355,76.2355,76.1058,76.1108,841.0,PNFP
2023-01-30 10:51:00,76.1956,76.2505,76.1956,76.2505,498.0,PNFP
2023-01-30 10:50:00,76.1557,76.1557,76.1557,76.1557,263.0,PNFP
2023-01-30 10:49:00,76.1258,76.1258,76.1258,76.1258,308.0,PNFP
2023-01-30 10:48:00,76.238,76.238,76.046,76.046,1461.0,PNFP
2023-01-30 10:46:00,76.1308,76.2155,76.1308,76.2155,1179.0,PNFP
2023-01-30 10:45:00,76.1308,76.1308,76.1308,76.1308,110.0,PNFP
2023-01-30 10:44:00,76.1258,76.1358,76.1258,76.1358,563.0,PNFP
2023-01-30 10:43:00,76.1457,76.1557,76.1457,76.1557,437.0,PNFP
2023-01-30 10:42:00,76.046,76.1258,76.0161,76.1258,4373.0,PNFP
2023-01-30 10:41:00,76.036,76.046,76.036,76.046,1053.0,PNFP
2023-01-30 10:40:00,76.046,76.046,76.046,76.046,101.0,PNFP
2023-01-30 10:38:00,76.0959,76.0959,76.0959,76.0959,311.0,PNFP
2023-01-30 10:37:00,76.1158,76.1258,76.046,76.1258,2385.0,PNFP
2023-01-30 10:36:00,76.1557,76.1557,76.1557,76.1557,148.0,PNFP
2023-01-30 10:35:00,76.2179,76.2179,76.1158,76.2145,1367.0,PNFP
2023-01-30 10:33:00,76.1707,76.1707,76.1707,76.1707,106.0,PNFP
2023-01-30 10:31:00,76.2006,76.2006,76.1981,76.1981,405.0,PNFP
2023-01-30 10:30:00,76.1956,76.1956,76.1757,76.1757,1217.0,PNFP
2023-01-30 10:28:00,76.2255,76.2754,76.2255,76.2754,498.0,PNFP
2023-01-30 10:27:00,76.2255,76.3153,76.2155,76.2205,1760.0,PNFP
2023-01-30 10:26:00,76.2953,76.2953,76.2953,76.2953,279.0,PNFP
2023-01-30 10:25:00,76.2903,76.2903,76.2903,76.2903,176.0,PNFP
2023-01-30 10:24:00,76.3053,76.3053,76.3053,76.3053,141.0,PNFP
2023-01-30 10:23:00,76.3486,76.3552,76.3478,76.3552,2080.0,PNFP
2023-01-30 10:21:00,76.3252,76.3252,76.3252,76.3252,306.0,PNFP
2023-01-30 10:16:00,76.4025,76.4025,76.2704,76.3103,1388.0,PNFP
2023-01-30 10:15:00,76.3726,76.3726,76.3726,76.3726,200.0,PNFP
2023-01-30 10:14:00,76.3651,76.4449,76.3552,76.3552,2002.0,PNFP
2023-01-30 10:13:00,76.3452,76.42,76.3452,76.42,833.0,PNFP
2023-01-30 10:09:00,76.1856,76.2654,76.1856,76.2604,924.0,PNFP
2023-01-30 10:08:00,76.2903,76.2903,76.2509,76.2509,433.0,PNFP
2023-01-30 10:06:00,76.2942,76.2942,76.2942,76.2942,1525.0,PNFP
2023-01-30 10:04:00,76.2804,76.2804,76.2804,76.2804,146.0,PNFP
2023-01-30 10:02:00,76.1856,76.2056,76.1856,76.2056,309.0,PNFP
2023-01-30 10:01:00,76.1158,76.1158,76.1158,76.1158,261.0,PNFP
2023-01-30 09:57:00,75.9413,76.1757,75.9413,75.9961,1670.0,PNFP
2023-01-30 09:56:00,75.7967,75.8964,75.7867,75.8964,856.0,PNFP
2023-01-30 09:55:00,75.9263,75.9263,75.8864,75.8864,976.0,PNFP
2023-01-30 09:51:00,76.1058,76.1058,75.9363,75.9662,409.0,PNFP
2023-01-30 09:50:00,76.0261,76.0261,76.0261,76.0261,298.0,PNFP
2023-01-30 09:49:00,75.9862,75.9862,75.9862,75.9862,274.0,PNFP
2023-01-30 09:48:00,75.9064,75.9064,75.9064,75.9064,100.0,PNFP
2023-01-30 09:46:00,75.8465,75.8765,75.8465,75.8765,674.0,PNFP
2023-01-30 09:45:00,75.7468,75.7468,75.7468,75.7468,104.0,PNFP
2023-01-30 09:44:00,75.7468,75.7967,75.7468,75.7967,300.0,PNFP
2023-01-30 09:43:00,75.7967,75.7967,75.7967,75.7967,113.0,PNFP
2023-01-30 09:41:00,75.7967,75.7967,75.7967,75.7967,208.0,PNFP
2023-01-30 09:40:00,75.9662,75.9662,75.9662,75.9662,106.0,PNFP
2023-01-30 09:37:00,75.7967,75.7967,75.7967,75.7967,124.0,PNFP
2023-01-30 09:33:00,75.8964,75.8964,75.8964,75.8964,392.0,PNFP
2023-01-30 09:31:00,76.0959,76.0959,76.0959,76.0959,11859.0,PNFP
2023-01-27 16:01:00,76.3153,76.3153,76.3153,76.3153,5248.0,PNFP
2023-01-27 16:00:00,76.1707,76.3552,76.1707,76.3452,14810.0,PNFP
2023-01-27 15:59:00,76.1906,76.2255,76.1657,76.1856,6889.0,PNFP
2023-01-27 15:58:00,76.1856,76.2355,76.1856,76.1906,4466.0,PNFP
2023-01-27 15:57:00,76.1856,76.2554,76.1707,76.1856,3454.0,PNFP
2023-01-27 15:56:00,76.2155,76.2155,76.1557,76.1856,6823.0,PNFP
2023-01-27 15:55:00,76.2355,76.2355,76.2106,76.2106,6671.0,PNFP
2023-01-27 15:54:00,76.2405,76.2405,76.2056,76.2155,3232.0,PNFP
2023-01-27 15:53:00,76.1657,76.2405,76.1657,76.2405,4008.0,PNFP
2023-01-27 15:52:00,76.2554,76.2654,76.1757,76.1856,2829.0,PNFP
2023-01-27 15:51:00,76.3153,76.3352,76.2953,76.2953,4806.0,PNFP
2023-01-27 15:50:00,76.3552,76.3552,76.3452,76.3452,822.0,PNFP
2023-01-27 15:49:00,76.415,76.415,76.3352,76.3602,2129.0,PNFP
2023-01-27 15:48:00,76.415,76.415,76.3951,76.3951,403.0,PNFP
2023-01-27 15:47:00,76.415,76.415,76.415,76.415,395.0,PNFP
2023-01-27 15:46:00,76.3452,76.3851,76.3352,76.3751,4596.0,PNFP
2023-01-27 15:45:00,76.3751,76.3751,76.3252,76.3352,1665.0,PNFP
2023-01-27 15:44:00,76.4449,76.4449,76.3951,76.3951,2712.0,PNFP
2023-01-27 15:43:00,76.41,76.435,76.405,76.425,2123.0,PNFP
2023-01-27 15:42:00,76.4,76.425,76.4,76.425,1185.0,PNFP
2023-01-27 15:41:00,76.3851,76.415,76.3751,76.3851,3021.0,PNFP
2023-01-27 15:40:00,76.415,76.415,76.3851,76.3851,1424.0,PNFP
2023-01-27 15:39:00,76.4449,76.4449,76.415,76.415,1747.0,PNFP
2023-01-27 15:38:00,76.4748,76.4748,76.4449,76.4499,1634.0,PNFP
2023-01-27 15:37:00,76.5048,76.5048,76.4948,76.4948,562.0,PNFP
2023-01-27 15:36:00,76.5098,76.5098,76.4748,76.5048,1866.0,PNFP
2023-01-27 15:35:00,76.5048,76.5147,76.4848,76.5098,1538.0,PNFP
2023-01-27 15:34:00,76.4948,76.4948,76.4848,76.4848,991.0,PNFP
2023-01-27 15:33:00,76.4748,76.4948,76.4748,76.4873,1779.0,PNFP
2023-01-27 15:32:00,76.4948,76.4948,76.4748,76.4748,2083.0,PNFP
2023-01-27 15:31:00,76.4649,76.4798,76.4649,76.4798,345.0,PNFP
2023-01-27 15:30:00,76.435,76.4948,76.435,76.4948,1560.0,PNFP
2023-01-27 15:29:00,76.3951,76.425,76.3951,76.425,692.0,PNFP
2023-01-27 15:28:00,76.415,76.415,76.415,76.415,315.0,PNFP
2023-01-27 15:27:00,76.3651,76.405,76.3651,76.3751,1024.0,PNFP
2023-01-27 15:26:00,76.3053,76.3352,76.3053,76.3352,2182.0,PNFP
2023-01-27 15:24:00,76.2953,76.2953,76.2505,76.2505,526.0,PNFP
2023-01-27 15:23:00,76.2654,76.2654,76.2455,76.2554,763.0,PNFP
2023-01-27 15:22:00,76.2155,76.2155,76.2155,76.2155,381.0,PNFP
2023-01-27 15:21:00,76.2953,76.3103,76.2654,76.2654,1155.0,PNFP
2023-01-27 15:20:00,76.3732,76.3732,76.3552,76.3552,958.0,PNFP
2023-01-27 15:19:00,76.3751,76.3751,76.3751,76.3751,539.0,PNFP
2023-01-27 15:18:00,76.2854,76.3651,76.2854,76.3552,1261.0,PNFP
2023-01-27 15:17:00,76.3352,76.3352,76.2953,76.3256,2837.0,PNFP
2023-01-27 15:16:00,76.3352,76.3352,76.3352,76.3352,246.0,PNFP
2023-01-27 15:15:00,76.405,76.405,76.3352,76.3352,1028.0,PNFP
2023-01-27 15:14:00,76.405,76.405,76.405,76.405,101.0,PNFP
2023-01-27 15:13:00,76.415,76.415,76.405,76.405,572.0,PNFP
2023-01-27 15:12:00,76.4748,76.5048,76.4449,76.4549,4003.0,PNFP
2023-01-27 15:11:00,76.3651,76.4649,76.3651,76.4649,2384.0,PNFP
2023-01-27 15:10:00,76.4948,76.4948,76.3651,76.3651,1365.0,PNFP
2023-01-27 15:09:00,76.5048,76.5048,76.4649,76.4649,412.0,PNFP
2023-01-27 15:08:00,76.5247,76.5347,76.486,76.486,2857.0,PNFP
2023-01-27 15:07:00,76.5147,76.5147,76.4948,76.4948,549.0,PNFP
2023-01-27 15:06:00,76.5646,76.5995,76.5646,76.5646,1843.0,PNFP
2023-01-27 15:05:00,76.5746,76.5746,76.5646,76.5646,228.0,PNFP
2023-01-27 15:04:00,76.5945,76.5945,76.5646,76.5646,833.0,PNFP
2023-01-27 15:01:00,76.5846,76.5846,76.5846,76.5846,153.0,PNFP
2023-01-27 15:00:00,76.6344,76.6544,76.6145,76.6344,1674.0,PNFP
2023-01-27 14:59:00,76.5746,76.5746,76.5746,76.5746,226.0,PNFP
2023-01-27 14:58:00,76.6045,76.6045,76.6045,76.6045,206.0,PNFP
2023-01-27 14:56:00,76.6344,76.6344,76.6344,76.6344,174.0,PNFP
2023-01-27 14:55:00,76.6145,76.6145,76.5846,76.6095,446.0,PNFP
2023-01-27 14:54:00,76.6244,76.6544,76.5945,76.5945,670.0,PNFP
2023-01-27 14:52:00,76.6943,76.6943,76.6843,76.6843,590.0,PNFP
2023-01-27 14:50:00,76.7591,76.7591,76.7142,76.7142,495.0,PNFP
2023-01-27 14:49:00,76.774,76.774,76.7641,76.7641,715.0,PNFP
2023-01-27 14:48:00,76.737,76.737,76.737,76.737,300.0,PNFP
2023-01-27 14:47:00,76.7142,76.7142,76.7142,76.7142,664.0,PNFP
2023-01-27 14:46:00,76.7142,76.7142,76.6818,76.6818,488.0,PNFP
2023-01-27 14:45:00,76.6743,76.6743,76.6743,76.6743,576.0,PNFP
2023-01-27 14:43:00,76.6444,76.6444,76.6444,76.6444,637.0,PNFP
2023-01-27 14:42:00,76.5796,76.6244,76.5796,76.6244,1203.0,PNFP
2023-01-27 14:40:00,76.6743,76.6743,76.5546,76.5546,2695.0,PNFP
2023-01-27 14:39:00,76.7042,76.7042,76.7042,76.7042,3126.0,PNFP
2023-01-27 14:38:00,76.7092,76.7092,76.7092,76.7092,308.0,PNFP
2023-01-27 14:37:00,76.7042,76.7042,76.6943,76.6943,423.0,PNFP
2023-01-27 14:35:00,76.7042,76.7042,76.7042,76.7042,488.0,PNFP
2023-01-27 14:34:00,76.7441,76.7441,76.6943,76.6943,524.0,PNFP
2023-01-27 14:33:00,76.7142,76.7391,76.7142,76.7317,808.0,PNFP
2023-01-27 14:32:00,76.7441,76.7441,76.7441,76.7441,150.0,PNFP
2023-01-27 14:31:00,76.7641,76.7641,76.7042,76.7441,1585.0,PNFP
2023-01-27 14:30:00,76.7468,76.7468,76.7441,76.7441,657.0,PNFP
2023-01-27 14:27:00,76.7242,76.7242,76.7242,76.7242,649.0,PNFP
2023-01-27 14:26:00,76.794,76.794,76.7242,76.7441,1288.0,PNFP
2023-01-27 14:23:00,76.8139,76.8139,76.8139,76.8139,530.0,PNFP
2023-01-27 14:21:00,76.794,76.794,76.794,76.794,552.0,PNFP
2023-01-27 14:19:00,76.7342,76.809,76.7342,76.809,1752.0,PNFP
2023-01-27 14:17:00,76.6344,76.6344,76.6344,76.6344,754.0,PNFP
2023-01-27 14:16:00,76.5945,76.6643,76.5945,76.6643,634.0,PNFP
2023-01-27 14:15:00,76.5347,76.5646,76.5347,76.5646,980.0,PNFP
2023-01-27 14:14:00,76.5347,76.5526,76.5347,76.5526,327.0,PNFP
2023-01-27 14:13:00,76.5067,76.5646,76.5067,76.5347,2028.0,PNFP
2023-01-27 14:12:00,76.5147,76.5147,76.5147,76.5147,115.0,PNFP
2023-01-27 14:09:00,76.4798,76.4798,76.4798,76.4798,558.0,PNFP
2023-01-27 14:06:00,76.4798,76.4798,76.4798,76.4798,451.0,PNFP
2023-01-27 14:05:00,76.4748,76.5098,76.4748,76.5098,652.0,PNFP
2023-01-27 14:04:00,76.5098,76.5546,76.5098,76.5098,1071.0,PNFP
2023-01-27 14:03:00,76.4848,76.4848,76.4848,76.4848,641.0,PNFP
2023-01-27 14:02:00,76.4798,76.5303,76.4798,76.5303,1001.0,PNFP
2023-01-27 14:01:00,76.4549,76.4948,76.425,76.4748,1264.0,PNFP
2023-01-27 14:00:00,76.405,76.405,76.405,76.405,485.0,PNFP
2023-01-27 13:59:00,76.3851,76.3951,76.3801,76.3951,1321.0,PNFP
2023-01-27 13:56:00,76.3502,76.3502,76.3502,76.3502,208.0,PNFP
2023-01-27 13:55:00,76.3502,76.3502,76.3502,76.3502,449.0,PNFP
2023-01-27 13:54:00,76.3502,76.3502,76.3502,76.3502,205.0,PNFP
2023-01-27 13:53:00,76.3851,76.3851,76.3851,76.3851,104.0,PNFP
2023-01-27 13:52:00,76.3951,76.3951,76.3951,76.3951,166.0,PNFP
2023-01-27 13:51:00,76.3602,76.3602,76.3602,76.3602,298.0,PNFP
2023-01-27 13:49:00,76.3951,76.3951,76.3502,76.3502,912.0,PNFP
2023-01-27 13:48:00,76.3951,76.3951,76.3951,76.3951,253.0,PNFP
2023-01-27 13:47:00,76.3252,76.3352,76.3252,76.3352,849.0,PNFP
2023-01-27 13:46:00,76.2854,76.2854,76.2854,76.2854,120.0,PNFP
2023-01-27 13:45:00,76.2854,76.2928,76.2854,76.2928,474.0,PNFP
2023-01-27 13:43:00,76.3053,76.3053,76.2854,76.2854,474.0,PNFP
2023-01-27 13:42:00,76.3552,76.3552,76.3552,76.3552,289.0,PNFP
2023-01-27 13:41:00,76.3651,76.3651,76.3651,76.3651,399.0,PNFP
2023-01-27 13:40:00,76.2953,76.3153,76.2953,76.2953,1485.0,PNFP
2023-01-27 13:39:00,76.2754,76.2754,76.2754,76.2754,174.0,PNFP
2023-01-27 13:37:00,76.2854,76.2854,76.2854,76.2854,404.0,PNFP
2023-01-27 13:36:00,76.2255,76.2654,76.2056,76.2654,1994.0,PNFP
2023-01-27 13:35:00,76.2255,76.2255,76.2255,76.2255,658.0,PNFP
2023-01-27 13:34:00,76.1906,76.2255,76.1906,76.2255,339.0,PNFP
2023-01-27 13:33:00,76.2155,76.2155,76.2155,76.2155,547.0,PNFP
2023-01-27 13:32:00,76.1956,76.1956,76.1956,76.1956,644.0,PNFP
2023-01-27 13:30:00,76.1956,76.1956,76.1956,76.1956,110.0,PNFP
2023-01-27 13:29:00,76.2056,76.2056,76.1956,76.2056,1481.0,PNFP
2023-01-27 13:28:00,76.1956,76.1956,76.1856,76.1856,594.0,PNFP
2023-01-27 13:27:00,76.2455,76.2455,76.2056,76.2056,1704.0,PNFP
2023-01-27 13:26:00,76.2056,76.2056,76.2056,76.2056,543.0,PNFP
2023-01-27 13:17:00,76.2654,76.2953,76.2554,76.2754,1541.0,PNFP
2023-01-27 13:16:00,76.2554,76.2554,76.2554,76.2554,348.0,PNFP
2023-01-27 13:15:00,76.2554,76.2554,76.2455,76.2554,1523.0,PNFP
2023-01-27 13:14:00,76.1956,76.2155,76.1956,76.2155,730.0,PNFP
2023-01-27 13:13:00,76.2455,76.2455,76.2455,76.2455,589.0,PNFP
2023-01-27 13:12:00,76.2255,76.2255,76.2056,76.2056,989.0,PNFP
2023-01-27 13:09:00,76.2405,76.2405,76.2405,76.2405,404.0,PNFP
2023-01-27 13:08:00,76.2405,76.2953,76.2405,76.2554,501.0,PNFP
2023-01-27 13:07:00,76.2255,76.2255,76.2255,76.2255,426.0,PNFP
2023-01-27 13:04:00,76.2355,76.2355,76.1557,76.1657,812.0,PNFP
2023-01-27 13:03:00,76.0959,76.2155,76.0959,76.1158,1332.0,PNFP
2023-01-27 13:02:00,76.1557,76.1956,76.1557,76.1657,1231.0,PNFP
2023-01-27 13:01:00,76.2106,76.2155,76.1559,76.1806,2711.0,PNFP
2023-01-27 13:00:00,76.2106,76.2106,76.2106,76.2106,228.0,PNFP
2023-01-27 12:57:00,76.2554,76.2554,76.2455,76.2455,260.0,PNFP
2023-01-27 12:56:00,76.2754,76.2754,76.2554,76.2554,323.0,PNFP
2023-01-27 12:53:00,76.3452,76.3651,76.3252,76.3651,1145.0,PNFP
2023-01-27 12:52:00,76.2455,76.2654,76.2455,76.2654,542.0,PNFP
2023-01-27 12:50:00,76.2155,76.2155,76.2155,76.2155,352.0,PNFP
2023-01-27 12:49:00,76.2155,76.2255,76.2155,76.2255,539.0,PNFP
2023-01-27 12:48:00,76.2155,76.2355,76.2078,76.2078,999.0,PNFP
2023-01-27 12:47:00,76.1806,76.1806,76.1806,76.1806,101.0,PNFP
2023-01-27 12:46:00,76.1806,76.1806,76.1806,76.1806,203.0,PNFP
2023-01-27 12:45:00,76.1956,76.1956,76.1956,76.1956,385.0,PNFP
2023-01-27 12:43:00,76.2355,76.2355,76.2355,76.2355,533.0,PNFP
2023-01-27 12:42:00,76.2854,76.2854,76.2854,76.2854,160.0,PNFP
2023-01-27 12:41:00,76.3053,76.3053,76.2953,76.3053,915.0,PNFP
2023-01-27 12:39:00,76.2704,76.2704,76.2704,76.2704,115.0,PNFP
2023-01-27 12:37:00,76.1707,76.1707,76.1557,76.1707,710.0,PNFP
2023-01-27 12:36:00,76.1208,76.1208,76.1208,76.1208,229.0,PNFP
2023-01-27 12:35:00,76.1258,76.1258,76.1258,76.1258,240.0,PNFP
2023-01-27 12:32:00,76.036,76.0659,76.036,76.0659,1191.0,PNFP
2023-01-27 12:31:00,75.9612,75.9961,75.9463,75.9762,3603.0,PNFP
2023-01-27 12:30:00,75.9163,75.9163,75.9163,75.9163,246.0,PNFP
2023-01-27 12:29:00,76.0261,76.0261,76.0261,76.0261,352.0,PNFP
2023-01-27 12:28:00,76.1358,76.1457,76.036,76.051,5499.0,PNFP
2023-01-27 12:24:00,76.1457,76.1806,76.1457,76.1806,949.0,PNFP
2023-01-27 12:23:00,76.1058,76.1457,76.1058,76.1457,515.0,PNFP
2023-01-27 12:22:00,76.1108,76.1158,76.0963,76.1158,531.0,PNFP
2023-01-27 12:21:00,76.1258,76.1258,76.0859,76.0934,1712.0,PNFP
2023-01-27 12:20:00,76.1208,76.1258,76.036,76.1158,1357.0,PNFP
2023-01-27 12:17:00,76.0759,76.1258,76.0709,76.1258,792.0,PNFP
2023-01-27 12:15:00,76.041,76.041,76.041,76.041,294.0,PNFP
2023-01-27 12:14:00,76.0061,76.0161,76.0061,76.0161,714.0,PNFP
2023-01-27 12:13:00,75.9463,75.9562,75.9463,75.9463,824.0,PNFP
2023-01-27 12:12:00,75.9961,75.9961,75.9463,75.9463,618.0,PNFP
2023-01-27 12:11:00,75.9762,75.9862,75.9662,75.9862,976.0,PNFP
2023-01-27 12:10:00,75.9213,75.9562,75.8765,75.9562,2054.0,PNFP
2023-01-27 12:06:00,75.935,75.935,75.935,75.935,336.0,PNFP
2023-01-27 12:05:00,75.9064,75.9064,75.8864,75.8864,729.0,PNFP
2023-01-27 12:02:00,75.9263,75.9463,75.9263,75.9463,850.0,PNFP
2023-01-27 11:58:00,75.9961,75.9961,75.9762,75.9762,934.0,PNFP
2023-01-27 11:57:00,76.0061,76.0111,76.0061,76.0111,1102.0,PNFP
2023-01-27 11:55:00,75.8964,75.8964,75.8964,75.8964,335.0,PNFP
2023-01-27 11:54:00,75.9463,75.9662,75.9463,75.9662,579.0,PNFP
2023-01-27 11:52:00,75.9213,75.9213,75.9213,75.9213,488.0,PNFP
2023-01-27 11:51:00,75.8665,75.9213,75.8665,75.9213,800.0,PNFP
2023-01-27 11:49:00,75.8465,75.8465,75.8465,75.8465,301.0,PNFP
2023-01-27 11:48:00,75.8266,75.9313,75.8266,75.9064,1389.0,PNFP
2023-01-27 11:46:00,75.8366,75.8565,75.8366,75.8565,774.0,PNFP
2023-01-27 11:42:00,75.8266,75.8266,75.8266,75.8266,101.0,PNFP
2023-01-27 11:39:00,75.7867,75.7867,75.7867,75.7867,219.0,PNFP
2023-01-27 11:38:00,75.6969,75.7318,75.6969,75.7318,764.0,PNFP
2023-01-27 11:36:00,75.6471,75.6471,75.5573,75.5972,3755.0,PNFP
2023-01-27 11:35:00,75.7767,75.7867,75.7019,75.7069,4068.0,PNFP
2023-01-27 11:34:00,75.657,75.7468,75.657,75.6969,944.0,PNFP
2023-01-27 11:33:00,75.5573,75.6271,75.5573,75.6271,1998.0,PNFP
2023-01-27 11:31:00,75.5374,75.5473,75.5274,75.5399,798.0,PNFP
2023-01-27 11:30:00,75.3728,75.5573,75.3728,75.5573,4448.0,PNFP
2023-01-27 11:29:00,75.318,75.318,75.318,75.318,115.0,PNFP
2023-01-27 11:27:00,75.4576,75.4576,75.3479,75.3479,2056.0,PNFP
2023-01-27 11:26:00,75.4569,75.4569,75.4569,75.4569,668.0,PNFP
2023-01-27 11:23:00,75.4277,75.4676,75.3878,75.4676,6488.0,PNFP
2023-01-27 11:22:00,75.4476,75.4476,75.3977,75.3977,786.0,PNFP
2023-01-27 11:21:00,75.3678,75.5573,75.3678,75.4626,11661.0,PNFP
2023-01-27 11:20:00,75.4426,75.4476,75.4376,75.4376,5482.0,PNFP
2023-01-27 11:18:00,75.4401,75.4426,75.4177,75.4277,882.0,PNFP
2023-01-27 11:17:00,75.318,75.5074,75.318,75.5074,1408.0,PNFP
2023-01-27 11:16:00,75.2481,75.3279,75.2481,75.3279,3118.0,PNFP
2023-01-27 11:15:00,75.2481,75.2631,75.2481,75.2481,686.0,PNFP
2023-01-27 11:14:00,75.3279,75.3279,75.3279,75.3279,397.0,PNFP
2023-01-27 11:13:00,75.2781,75.3279,75.2781,75.3279,460.0,PNFP
2023-01-27 11:11:00,75.2781,75.2781,75.2781,75.2781,511.0,PNFP
2023-01-27 11:10:00,75.1185,75.2182,75.1185,75.2182,1120.0,PNFP
2023-01-27 11:09:00,75.2681,75.2681,75.1004,75.1185,4049.0,PNFP
2023-01-27 11:08:00,75.4027,75.4027,75.318,75.318,1277.0,PNFP
2023-01-27 11:07:00,75.4676,75.4676,75.3578,75.4127,14374.0,PNFP
2023-01-27 11:05:00,75.4775,75.4775,75.4775,75.4775,221.0,PNFP
2023-01-27 11:04:00,75.4825,75.4825,75.4825,75.4825,108.0,PNFP
2023-01-27 11:03:00,75.4177,75.4775,75.4177,75.4775,1841.0,PNFP
2023-01-27 11:01:00,75.4825,75.5723,75.4177,75.5174,2132.0,PNFP
2023-01-27 10:59:00,75.4875,75.5473,75.4476,75.4875,711.0,PNFP
2023-01-27 10:58:00,75.3177,75.4576,75.3177,75.4576,3021.0,PNFP
2023-01-27 10:57:00,75.298,75.303,75.298,75.303,734.0,PNFP
2023-01-27 10:56:00,75.2681,75.2781,75.1983,75.2481,1632.0,PNFP
2023-01-27 10:55:00,75.283,75.283,75.2781,75.2781,221.0,PNFP
2023-01-27 10:54:00,75.1584,75.2781,75.1434,75.2781,3717.0,PNFP
2023-01-27 10:53:00,75.1783,75.1783,75.1684,75.1684,724.0,PNFP
2023-01-27 10:51:00,75.2382,75.2382,75.1783,75.1783,539.0,PNFP
2023-01-27 10:50:00,75.2232,75.2681,75.2232,75.2382,1272.0,PNFP
2023-01-27 10:49:00,75.1983,75.308,75.1783,75.2282,2725.0,PNFP
2023-01-27 10:48:00,75.2282,75.2282,75.1883,75.1883,248.0,PNFP
2023-01-27 10:47:00,75.4676,75.4676,75.298,75.298,1749.0,PNFP
2023-01-27 10:46:00,75.4676,75.5074,75.4676,75.4676,784.0,PNFP
2023-01-27 10:45:00,75.4676,75.5274,75.4676,75.5274,3577.0,PNFP
2023-01-27 10:44:00,75.4676,75.4676,75.4676,75.4676,1684.0,PNFP
2023-01-27 10:43:00,75.4875,75.4875,75.4676,75.4676,765.0,PNFP
2023-01-27 10:41:00,75.5224,75.5224,75.4775,75.4775,416.0,PNFP
2023-01-27 10:40:00,75.5174,75.5174,75.5174,75.5174,465.0,PNFP
2023-01-27 10:38:00,75.5872,75.5872,75.5872,75.5872,250.0,PNFP
2023-01-27 10:37:00,75.6171,75.662,75.5424,75.662,957.0,PNFP
2023-01-27 10:36:00,75.5124,75.5673,75.5124,75.5673,895.0,PNFP
2023-01-27 10:35:00,75.5872,75.6022,75.5274,75.6022,2216.0,PNFP
2023-01-27 10:34:00,75.6271,75.6271,75.6271,75.6271,431.0,PNFP
2023-01-27 10:33:00,75.677,75.677,75.677,75.677,110.0,PNFP
2023-01-27 10:32:00,75.677,75.7368,75.677,75.682,904.0,PNFP
2023-01-27 10:31:00,75.677,75.7073,75.677,75.682,417.0,PNFP
2023-01-27 10:28:00,75.6969,75.6969,75.682,75.687,920.0,PNFP
2023-01-27 10:27:00,75.6321,75.677,75.6321,75.677,1585.0,PNFP
2023-01-27 10:26:00,75.687,75.7169,75.6521,75.7169,1181.0,PNFP
2023-01-27 10:25:00,75.6271,75.7019,75.6271,75.667,2666.0,PNFP
2023-01-27 10:24:00,75.7169,75.7169,75.7169,75.7169,779.0,PNFP
2023-01-27 10:23:00,75.6501,75.6501,75.6501,75.6501,107.0,PNFP
2023-01-27 10:22:00,75.8066,75.8066,75.7967,75.7967,574.0,PNFP
2023-01-27 10:21:00,75.9263,75.9263,75.8465,75.8665,722.0,PNFP
2023-01-27 10:19:00,75.9762,75.9762,75.9762,75.9762,476.0,PNFP
2023-01-27 10:16:00,76.036,76.036,75.9762,75.9762,713.0,PNFP
2023-01-27 10:15:00,76.1158,76.1158,76.1158,76.1158,264.0,PNFP
2023-01-27 10:14:00,76.0959,76.0959,76.036,76.036,747.0,PNFP
2023-01-27 10:13:00,76.1358,76.1358,76.1158,76.1158,554.0,PNFP
2023-01-27 10:11:00,76.0261,76.1358,76.0261,76.1358,460.0,PNFP
2023-01-27 10:09:00,76.0659,76.0881,76.0659,76.0881,322.0,PNFP
2023-01-27 10:06:00,75.9961,75.9961,75.9961,75.9961,282.0,PNFP
2023-01-27 10:05:00,76.1158,76.1158,76.056,76.056,532.0,PNFP
2023-01-27 10:04:00,76.0659,76.0659,76.0659,76.0659,826.0,PNFP
2023-01-27 10:03:00,75.9862,75.9862,75.9862,75.9862,210.0,PNFP
2023-01-27 10:02:00,75.8316,75.8765,75.8316,75.8765,625.0,PNFP
2023-01-27 10:01:00,75.7468,75.7468,75.7468,75.7468,470.0,PNFP
2023-01-27 10:00:00,76.0061,76.0061,76.0061,76.0061,194.0,PNFP
2023-01-27 09:57:00,76.036,76.036,76.036,76.036,309.0,PNFP
2023-01-27 09:55:00,76.0111,76.0111,76.0111,76.0111,313.0,PNFP
2023-01-27 09:54:00,75.9463,76.0659,75.9463,76.0659,483.0,PNFP
2023-01-27 09:53:00,75.8316,76.0659,75.8266,75.9363,928.0,PNFP
2023-01-27 09:52:00,75.8366,75.8366,75.7219,75.8366,1165.0,PNFP
2023-01-27 09:51:00,75.7717,75.7717,75.7717,75.7717,126.0,PNFP
2023-01-27 09:50:00,76.0268,76.1058,75.7169,75.7568,1661.0,PNFP
2023-01-27 09:49:00,75.8964,76.0486,75.8864,75.9862,416.0,PNFP
2023-01-27 09:48:00,76.0111,76.0111,76.0111,76.0111,408.0,PNFP
2023-01-27 09:46:00,76.0061,76.0061,76.0061,76.0061,286.0,PNFP
2023-01-27 09:44:00,75.9064,75.9064,75.9064,75.9064,125.0,PNFP
2023-01-27 09:42:00,75.7169,75.7169,75.5972,75.5972,772.0,PNFP
2023-01-27 09:41:00,75.5872,75.7468,75.5872,75.7069,2019.0,PNFP
2023-01-27 09:40:00,75.8565,75.8565,75.6969,75.6969,686.0,PNFP
2023-01-27 09:35:00,75.3329,75.3479,75.3329,75.3479,546.0,PNFP
2023-01-27 09:34:00,75.6171,75.6371,75.298,75.298,1821.0,PNFP
2023-01-27 09:32:00,75.2989,75.2989,75.2989,75.2989,100.0,PNFP
2023-01-27 09:31:00,76.0759,76.0759,75.2781,75.298,3152.0,PNFP
2023-01-26 16:06:00,75.677,75.677,75.677,75.677,3900.0,PNFP
2023-01-26 16:01:00,75.677,75.677,75.677,75.677,17852.0,PNFP
2023-01-26 16:00:00,75.677,75.7468,75.667,75.6672,15973.0,PNFP
2023-01-26 15:59:00,75.667,75.7269,75.667,75.672,11736.0,PNFP
2023-01-26 15:58:00,75.5872,75.677,75.5872,75.677,12284.0,PNFP
2023-01-26 15:57:00,75.6022,75.6072,75.5773,75.5783,6185.0,PNFP
2023-01-26 15:56:00,75.5673,75.6022,75.5473,75.5998,7392.0,PNFP
2023-01-26 15:55:00,75.687,75.7468,75.5374,75.5374,10656.0,PNFP
2023-01-26 15:54:00,75.6271,75.7667,75.6171,75.7269,8340.0,PNFP
2023-01-26 15:53:00,75.6221,75.6471,75.6072,75.6471,4015.0,PNFP
2023-01-26 15:52:00,75.5523,75.6171,75.5074,75.6072,3995.0,PNFP
2023-01-26 15:51:00,75.5074,75.6171,75.5074,75.6072,3112.0,PNFP
2023-01-26 15:50:00,75.4875,75.5274,75.4875,75.5274,7162.0,PNFP
2023-01-26 15:49:00,75.5074,75.5074,75.4825,75.4975,1076.0,PNFP
2023-01-26 15:48:00,75.5074,75.5274,75.4875,75.5074,2204.0,PNFP
2023-01-26 15:47:00,75.4775,75.5124,75.4775,75.5025,2648.0,PNFP
2023-01-26 15:46:00,75.4576,75.4725,75.4576,75.4725,6863.0,PNFP
2023-01-26 15:45:00,75.5034,75.5034,75.4576,75.4576,7877.0,PNFP
2023-01-26 15:44:00,75.4676,75.5274,75.4576,75.4875,4264.0,PNFP
2023-01-26 15:43:00,75.4725,75.5174,75.4626,75.4875,6908.0,PNFP
2023-01-26 15:42:00,75.4725,75.5224,75.4725,75.4725,1022.0,PNFP
2023-01-26 15:41:00,75.5673,75.5673,75.4626,75.4676,2586.0,PNFP
2023-01-26 15:40:00,75.4925,75.5573,75.4925,75.4925,719.0,PNFP
2023-01-26 15:39:00,75.5573,75.5573,75.4925,75.4925,446.0,PNFP
2023-01-26 15:38:00,75.5374,75.5473,75.4925,75.4925,805.0,PNFP
2023-01-26 15:37:00,75.7269,75.7269,75.6271,75.6271,850.0,PNFP
2023-01-26 15:36:00,75.7667,75.7667,75.7219,75.7219,342.0,PNFP
2023-01-26 15:35:00,75.8964,75.8964,75.8166,75.8166,2046.0,PNFP
2023-01-26 15:34:00,75.8864,75.9662,75.8864,75.8964,2835.0,PNFP
2023-01-26 15:33:00,75.8765,75.9064,75.8765,75.9064,513.0,PNFP
2023-01-26 15:32:00,75.9363,75.9463,75.8565,75.8789,1884.0,PNFP
2023-01-26 15:31:00,75.9263,75.9513,75.9064,75.9463,1432.0,PNFP
2023-01-26 15:30:00,75.9662,76.0161,75.9173,75.9263,1112.0,PNFP
2023-01-26 15:27:00,75.9762,76.0312,75.9762,75.9762,1328.0,PNFP
2023-01-26 15:26:00,75.7967,75.9662,75.7897,75.9562,10352.0,PNFP
2023-01-26 15:25:00,75.7767,75.8066,75.7667,75.8066,2201.0,PNFP
2023-01-26 15:24:00,75.7967,75.7967,75.7967,75.7967,369.0,PNFP
2023-01-26 15:23:00,75.7967,75.7967,75.7967,75.7967,762.0,PNFP
2023-01-26 15:22:00,75.8316,75.8316,75.8316,75.8316,647.0,PNFP
2023-01-26 15:21:00,75.7967,75.7967,75.7967,75.7967,379.0,PNFP
2023-01-26 15:20:00,75.8066,75.8665,75.8066,75.8465,809.0,PNFP
2023-01-26 15:17:00,75.8266,75.9163,75.8266,75.8565,2282.0,PNFP
2023-01-26 15:16:00,75.8266,75.8266,75.8266,75.8266,328.0,PNFP
2023-01-26 15:15:00,75.7368,75.7867,75.7269,75.7767,4710.0,PNFP
2023-01-26 15:14:00,75.7817,75.7817,75.7817,75.7817,153.0,PNFP
2023-01-26 15:13:00,75.7767,75.7767,75.7767,75.7767,226.0,PNFP
2023-01-26 15:12:00,75.677,75.7169,75.667,75.7169,3305.0,PNFP
2023-01-26 15:07:00,75.6221,75.6321,75.6221,75.6321,559.0,PNFP
2023-01-26 15:06:00,75.6171,75.6171,75.6072,75.6072,588.0,PNFP
2023-01-26 15:05:00,75.7468,75.7468,75.7069,75.7069,663.0,PNFP
2023-01-26 15:04:00,75.7468,75.7468,75.7468,75.7468,417.0,PNFP
2023-01-26 15:03:00,75.7568,75.7568,75.7568,75.7568,548.0,PNFP
2023-01-26 15:01:00,75.8266,75.8266,75.8066,75.8066,389.0,PNFP
2023-01-26 15:00:00,75.7468,75.7767,75.7468,75.7667,1912.0,PNFP
2023-01-26 14:58:00,75.7667,75.7667,75.7667,75.7667,295.0,PNFP
2023-01-26 14:57:00,75.7368,75.7368,75.7368,75.7368,216.0,PNFP
2023-01-26 14:55:00,75.7119,75.7269,75.6969,75.7269,786.0,PNFP
2023-01-26 14:54:00,75.687,75.687,75.687,75.687,935.0,PNFP
2023-01-26 14:53:00,75.657,75.677,75.657,75.677,1049.0,PNFP
2023-01-26 14:51:00,75.6969,75.6969,75.6969,75.6969,317.0,PNFP
2023-01-26 14:50:00,75.6969,75.6969,75.6969,75.6969,569.0,PNFP
2023-01-26 14:49:00,75.7318,75.7318,75.7318,75.7318,316.0,PNFP
2023-01-26 14:47:00,75.6969,75.6969,75.6969,75.6969,317.0,PNFP
2023-01-26 14:46:00,75.6969,75.7219,75.6969,75.7219,322.0,PNFP
2023-01-26 14:45:00,75.7219,75.7219,75.6969,75.6969,293.0,PNFP
2023-01-26 14:44:00,75.7069,75.7069,75.7069,75.7069,492.0,PNFP
2023-01-26 14:43:00,75.6421,75.6421,75.6421,75.6421,376.0,PNFP
2023-01-26 14:42:00,75.657,75.657,75.657,75.657,527.0,PNFP
2023-01-26 14:41:00,75.5972,75.6371,75.5972,75.6371,960.0,PNFP
2023-01-26 14:39:00,75.667,75.667,75.667,75.667,217.0,PNFP
2023-01-26 14:38:00,75.6471,75.657,75.6371,75.6371,1133.0,PNFP
2023-01-26 14:37:00,75.5573,75.6271,75.5374,75.6271,2013.0,PNFP
2023-01-26 14:36:00,75.5074,75.5374,75.4975,75.5374,1979.0,PNFP
2023-01-26 14:35:00,75.5274,75.5274,75.5274,75.5274,251.0,PNFP
2023-01-26 14:33:00,75.5773,75.5773,75.5773,75.5773,755.0,PNFP
2023-01-26 14:32:00,75.5424,75.5424,75.5424,75.5424,122.0,PNFP
2023-01-26 14:30:00,75.5872,75.5872,75.5872,75.5872,284.0,PNFP
2023-01-26 14:29:00,75.6271,75.6271,75.6271,75.6271,326.0,PNFP
2023-01-26 14:27:00,75.7368,75.7568,75.6222,75.6222,1553.0,PNFP
2023-01-26 14:26:00,75.7967,75.8266,75.7568,75.7867,12529.0,PNFP
2023-01-26 14:25:00,75.7767,75.7967,75.7767,75.7867,1747.0,PNFP
2023-01-26 14:24:00,75.8415,75.8415,75.7468,75.7468,907.0,PNFP
2023-01-26 14:23:00,75.8665,75.8665,75.8116,75.8116,778.0,PNFP
2023-01-26 14:22:00,75.8266,75.8665,75.7967,75.8665,22668.0,PNFP
2023-01-26 14:21:00,75.8765,75.8765,75.8266,75.8266,1664.0,PNFP
2023-01-26 14:20:00,75.9163,75.9163,75.9163,75.9163,7524.0,PNFP
2023-01-26 14:19:00,75.9064,75.9163,75.9064,75.9163,1238.0,PNFP
2023-01-26 14:16:00,75.9562,75.9562,75.9163,75.9163,1389.0,PNFP
2023-01-26 14:14:00,76.0061,76.0261,75.9812,76.0261,6305.0,PNFP
2023-01-26 14:13:00,75.9961,76.0061,75.9712,75.9712,1375.0,PNFP
2023-01-26 14:12:00,76.0859,76.0859,76.036,76.036,493.0,PNFP
2023-01-26 14:08:00,75.9777,76.0959,75.9777,76.046,4351.0,PNFP
2023-01-26 14:07:00,75.9097,75.9862,75.9097,75.9862,645.0,PNFP
2023-01-26 14:05:00,76.0161,76.0161,76.0161,76.0161,100.0,PNFP
2023-01-26 14:04:00,75.9961,76.0161,75.9862,75.9961,2046.0,PNFP
2023-01-26 14:03:00,75.9163,76.036,75.9163,76.036,1541.0,PNFP
2023-01-26 14:02:00,75.9014,75.9463,75.9014,75.9463,690.0,PNFP
2023-01-26 13:58:00,75.8914,75.8914,75.8914,75.8914,126.0,PNFP
2023-01-26 13:57:00,75.8625,75.9163,75.8625,75.9163,512.0,PNFP
2023-01-26 13:56:00,75.8615,75.9064,75.8615,75.9064,947.0,PNFP
2023-01-26 13:55:00,75.7666,75.8765,75.683,75.8765,4625.0,PNFP
2023-01-26 13:54:00,75.7468,75.7468,75.7219,75.7219,408.0,PNFP
2023-01-26 13:53:00,75.7568,75.7568,75.7568,75.7568,399.0,PNFP
2023-01-26 13:52:00,75.7967,75.7967,75.7867,75.7867,520.0,PNFP
2023-01-26 13:51:00,75.8366,75.8366,75.8366,75.8366,377.0,PNFP
2023-01-26 13:50:00,75.8565,75.8665,75.8565,75.8665,465.0,PNFP
2023-01-26 13:49:00,75.7269,75.8565,75.7269,75.8565,5362.0,PNFP
2023-01-26 13:48:00,75.7368,75.7368,75.7368,75.7368,317.0,PNFP
2023-01-26 13:45:00,75.8266,75.8266,75.8166,75.8166,424.0,PNFP
2023-01-26 13:44:00,75.7667,75.8166,75.7667,75.8166,1052.0,PNFP
2023-01-26 13:41:00,75.7568,75.8166,75.7568,75.8166,620.0,PNFP
2023-01-26 13:39:00,75.7667,75.8166,75.7667,75.7767,1988.0,PNFP
2023-01-26 13:37:00,75.6969,75.6969,75.687,75.687,307.0,PNFP
2023-01-26 13:35:00,75.687,75.687,75.677,75.677,207.0,PNFP
2023-01-26 13:34:00,75.7019,75.7568,75.7019,75.7568,408.0,PNFP
2023-01-26 13:32:00,75.7468,75.7667,75.7368,75.7667,906.0,PNFP
2023-01-26 13:28:00,75.7568,75.7767,75.7568,75.7767,500.0,PNFP
2023-01-26 13:27:00,75.7318,75.7767,75.7169,75.7767,1877.0,PNFP
2023-01-26 13:24:00,75.6969,75.6969,75.6471,75.6969,929.0,PNFP
2023-01-26 13:22:00,75.6271,75.6271,75.6271,75.6271,105.0,PNFP
2023-01-26 13:21:00,75.6022,75.657,75.6022,75.657,318.0,PNFP
2023-01-26 13:19:00,75.6346,75.6346,75.6321,75.6321,344.0,PNFP
2023-01-26 13:18:00,75.6969,75.6969,75.6969,75.6969,329.0,PNFP
2023-01-26 13:17:00,75.687,75.687,75.687,75.687,729.0,PNFP
2023-01-26 13:15:00,75.657,75.657,75.657,75.657,150.0,PNFP
2023-01-26 13:14:00,75.5922,75.677,75.5922,75.677,1316.0,PNFP
2023-01-26 13:12:00,75.6271,75.6271,75.6271,75.6271,360.0,PNFP
2023-01-26 13:11:00,75.5872,75.6271,75.5773,75.6271,676.0,PNFP
2023-01-26 13:10:00,75.5374,75.5374,75.5374,75.5374,228.0,PNFP
2023-01-26 13:09:00,75.5872,75.5872,75.5274,75.5274,525.0,PNFP
2023-01-26 13:08:00,75.5673,75.6122,75.5374,75.5374,1774.0,PNFP
2023-01-26 13:06:00,75.687,75.687,75.687,75.687,138.0,PNFP
2023-01-26 13:04:00,75.7069,75.7069,75.7069,75.7069,472.0,PNFP
2023-01-26 13:03:00,75.7069,75.7867,75.7069,75.7867,782.0,PNFP
2023-01-26 13:02:00,75.677,75.8266,75.6271,75.8266,2316.0,PNFP
2023-01-26 13:01:00,75.6471,75.687,75.6471,75.687,849.0,PNFP
2023-01-26 12:58:00,75.6271,75.7069,75.6171,75.7069,324.0,PNFP
2023-01-26 12:56:00,75.5972,75.5972,75.5972,75.5972,102.0,PNFP
2023-01-26 12:55:00,75.7269,75.7269,75.7269,75.7269,436.0,PNFP
2023-01-26 12:54:00,75.7967,75.7967,75.7468,75.7468,469.0,PNFP
2023-01-26 12:53:00,75.8266,75.8565,75.8266,75.8565,434.0,PNFP
2023-01-26 12:52:00,75.8066,75.8465,75.7877,75.7877,730.0,PNFP
2023-01-26 12:51:00,75.7418,75.7418,75.7418,75.7418,157.0,PNFP
2023-01-26 12:50:00,75.7343,75.7343,75.7343,75.7343,247.0,PNFP
2023-01-26 12:47:00,75.7318,75.8066,75.7318,75.8066,231.0,PNFP
2023-01-26 12:45:00,75.7667,75.8066,75.7667,75.8066,559.0,PNFP
2023-01-26 12:43:00,75.8166,75.8366,75.8166,75.8366,547.0,PNFP
2023-01-26 12:42:00,75.8165,75.8765,75.7967,75.8765,3727.0,PNFP
2023-01-26 12:41:00,75.7767,75.8166,75.7767,75.8166,704.0,PNFP
2023-01-26 12:38:00,75.7219,75.7667,75.7219,75.7667,371.0,PNFP
2023-01-26 12:35:00,75.7169,75.7468,75.7169,75.7468,238.0,PNFP
2023-01-26 12:33:00,75.7269,75.7269,75.7269,75.7269,180.0,PNFP
2023-01-26 12:32:00,75.657,75.657,75.657,75.657,409.0,PNFP
2023-01-26 12:31:00,75.6371,75.677,75.6072,75.657,4031.0,PNFP
2023-01-26 12:30:00,75.5174,75.6371,75.5074,75.6371,3419.0,PNFP
2023-01-26 12:29:00,75.4576,75.6072,75.4576,75.6072,236.0,PNFP
2023-01-26 12:28:00,75.4793,75.4793,75.4793,75.4793,152.0,PNFP
2023-01-26 12:25:00,75.5872,75.5872,75.5174,75.5424,1195.0,PNFP
2023-01-26 12:24:00,75.6471,75.6471,75.6471,75.6471,168.0,PNFP
2023-01-26 12:22:00,75.687,75.6969,75.687,75.6969,1103.0,PNFP
2023-01-26 12:21:00,75.677,75.677,75.677,75.677,563.0,PNFP
2023-01-26 12:20:00,75.6271,75.6271,75.6271,75.6271,329.0,PNFP
2023-01-26 12:19:00,75.6221,75.677,75.6072,75.677,1681.0,PNFP
2023-01-26 12:17:00,75.5424,75.5424,75.5424,75.5424,245.0,PNFP
2023-01-26 12:15:00,75.5773,75.5773,75.5224,75.5424,358.0,PNFP
2023-01-26 12:13:00,75.6072,75.6072,75.6072,75.6072,165.0,PNFP
2023-01-26 12:12:00,75.667,75.667,75.667,75.667,317.0,PNFP
2023-01-26 12:10:00,75.7069,75.7069,75.6919,75.6919,458.0,PNFP
2023-01-26 12:07:00,75.7318,75.7318,75.7318,75.7318,134.0,PNFP
2023-01-26 12:06:00,75.7269,75.7269,75.7219,75.7219,364.0,PNFP
2023-01-26 12:03:00,75.7767,75.7767,75.7767,75.7767,126.0,PNFP
2023-01-26 12:02:00,75.7767,75.7867,75.7767,75.7817,891.0,PNFP
2023-01-26 12:01:00,75.7169,75.7169,75.7169,75.7169,452.0,PNFP
2023-01-26 11:59:00,75.7383,75.7383,75.7383,75.7383,267.0,PNFP
2023-01-26 11:57:00,75.6545,75.7169,75.6521,75.6521,463.0,PNFP
2023-01-26 11:56:00,75.6919,75.6919,75.6919,75.6919,132.0,PNFP
2023-01-26 11:55:00,75.677,75.7069,75.677,75.7069,250.0,PNFP
2023-01-26 11:54:00,75.6942,75.7169,75.677,75.677,1091.0,PNFP
2023-01-26 11:51:00,75.7368,75.7368,75.7368,75.7368,122.0,PNFP
2023-01-26 11:49:00,75.7019,75.7019,75.7019,75.7019,440.0,PNFP
2023-01-26 11:46:00,75.6471,75.667,75.6471,75.667,423.0,PNFP
2023-01-26 11:45:00,75.6969,75.7069,75.6532,75.687,1066.0,PNFP
2023-01-26 11:44:00,75.6521,75.687,75.6521,75.6521,471.0,PNFP
2023-01-26 11:43:00,75.667,75.667,75.6521,75.6521,506.0,PNFP
2023-01-26 11:42:00,75.5773,75.5773,75.5773,75.5773,139.0,PNFP
2023-01-26 11:41:00,75.5573,75.6072,75.5324,75.6072,1519.0,PNFP
2023-01-26 11:40:00,75.4875,75.4875,75.485,75.485,648.0,PNFP
2023-01-26 11:38:00,75.5573,75.5673,75.5274,75.5274,574.0,PNFP
2023-01-26 11:37:00,75.431,75.5274,75.431,75.5274,3749.0,PNFP
2023-01-26 11:34:00,75.4551,75.4551,75.3977,75.3977,549.0,PNFP
2023-01-26 11:33:00,75.5274,75.5374,75.4775,75.5374,567.0,PNFP
2023-01-26 11:32:00,75.5773,75.5773,75.5374,75.5648,1277.0,PNFP
2023-01-26 11:31:00,75.5374,75.5573,75.5274,75.5473,1162.0,PNFP
2023-01-26 11:30:00,75.5473,75.5473,75.5473,75.5473,112.0,PNFP
2023-01-26 11:29:00,75.5144,75.5374,75.5144,75.5374,412.0,PNFP
2023-01-26 11:28:00,75.4975,75.4975,75.4975,75.4975,246.0,PNFP
2023-01-26 11:27:00,75.5174,75.5473,75.5174,75.5473,855.0,PNFP
2023-01-26 11:26:00,75.4775,75.4825,75.4775,75.4825,253.0,PNFP
2023-01-26 11:25:00,75.4825,75.4875,75.4825,75.4875,413.0,PNFP
2023-01-26 11:24:00,75.4825,75.4825,75.4825,75.4825,261.0,PNFP
2023-01-26 11:23:00,75.4426,75.4426,75.4426,75.4426,246.0,PNFP
2023-01-26 11:22:00,75.5473,75.5473,75.3977,75.4526,1798.0,PNFP
2023-01-26 11:21:00,75.4925,75.4925,75.4376,75.4875,1233.0,PNFP
2023-01-26 11:20:00,75.4775,75.4775,75.4376,75.4376,741.0,PNFP
2023-01-26 11:19:00,75.4775,75.4775,75.4775,75.4775,102.0,PNFP
2023-01-26 11:18:00,75.4576,75.5274,75.4576,75.4775,1188.0,PNFP
2023-01-26 11:17:00,75.3977,75.4975,75.3977,75.4975,1264.0,PNFP
2023-01-26 11:14:00,75.2874,75.2874,75.2874,75.2874,103.0,PNFP
2023-01-26 11:13:00,75.3379,75.3379,75.3379,75.3379,305.0,PNFP
2023-01-26 11:12:00,75.3379,75.3379,75.313,75.313,872.0,PNFP
2023-01-26 11:11:00,75.298,75.4476,75.298,75.4476,1994.0,PNFP
2023-01-26 11:09:00,75.3279,75.3279,75.2681,75.2681,964.0,PNFP
2023-01-26 11:08:00,75.3977,75.3977,75.3977,75.3977,162.0,PNFP
2023-01-26 11:07:00,75.3578,75.3578,75.3578,75.3578,542.0,PNFP
2023-01-26 11:06:00,75.4576,75.4676,75.3778,75.3878,859.0,PNFP
2023-01-26 11:05:00,75.299,75.4077,75.299,75.4077,1553.0,PNFP
2023-01-26 11:03:00,75.318,75.318,75.283,75.283,530.0,PNFP
2023-01-26 11:02:00,75.1983,75.298,75.1958,75.288,1193.0,PNFP
2023-01-26 11:01:00,75.1285,75.2082,75.0487,75.1185,1795.0,PNFP
2023-01-26 11:00:00,75.1185,75.1983,75.0836,75.1285,1738.0,PNFP
2023-01-26 10:59:00,75.1085,75.1584,75.0686,75.1185,10190.0,PNFP
2023-01-26 10:58:00,75.1484,75.1584,75.1185,75.1584,2085.0,PNFP
2023-01-26 10:57:00,74.9789,75.1185,74.9789,75.1185,1205.0,PNFP
2023-01-26 10:55:00,75.1584,75.1883,75.0586,75.1584,6945.0,PNFP
2023-01-26 10:54:00,75.3678,75.3678,75.3279,75.3279,819.0,PNFP
2023-01-26 10:53:00,75.298,75.298,75.298,75.298,551.0,PNFP
2023-01-26 10:52:00,75.308,75.3479,75.2731,75.3479,965.0,PNFP
2023-01-26 10:51:00,75.3578,75.3578,75.2182,75.288,6955.0,PNFP
2023-01-26 10:50:00,75.3678,75.3778,75.3678,75.3678,2957.0,PNFP
2023-01-26 10:49:00,75.4177,75.4576,75.3977,75.4326,1821.0,PNFP
2023-01-26 10:48:00,75.4676,75.4676,75.4676,75.4676,343.0,PNFP
2023-01-26 10:46:00,75.5473,75.6471,75.5424,75.6471,872.0,PNFP
2023-01-26 10:45:00,75.657,75.687,75.5773,75.5773,828.0,PNFP
2023-01-26 10:43:00,75.6221,75.7468,75.6221,75.7418,1615.0,PNFP
2023-01-26 10:42:00,75.667,75.667,75.667,75.667,301.0,PNFP
2023-01-26 10:41:00,75.6072,75.6471,75.5773,75.5773,771.0,PNFP
2023-01-26 10:40:00,75.5374,75.6471,75.5374,75.5972,1605.0,PNFP
2023-01-26 10:39:00,75.5872,75.667,75.5324,75.5324,1236.0,PNFP
2023-01-26 10:38:00,75.667,75.6969,75.5888,75.5888,1985.0,PNFP
2023-01-26 10:37:00,75.6271,75.6271,75.6271,75.6271,106.0,PNFP
2023-01-26 10:35:00,75.6371,75.667,75.6271,75.667,974.0,PNFP
2023-01-26 10:34:00,75.5773,75.5773,75.5773,75.5773,362.0,PNFP
2023-01-26 10:33:00,75.4775,75.5773,75.4775,75.5773,744.0,PNFP
2023-01-26 10:32:00,75.3977,75.4626,75.3977,75.4626,412.0,PNFP
2023-01-26 10:29:00,75.3878,75.4177,75.3878,75.4177,252.0,PNFP
2023-01-26 10:27:00,75.4975,75.5374,75.4975,75.5374,531.0,PNFP
2023-01-26 10:24:00,75.4177,75.4177,75.4177,75.4177,801.0,PNFP
2023-01-26 10:22:00,75.3977,75.3977,75.2681,75.3479,1974.0,PNFP
2023-01-26 10:21:00,75.308,75.3977,75.308,75.3279,3009.0,PNFP
2023-01-26 10:19:00,75.3628,75.4077,75.3628,75.3977,797.0,PNFP
2023-01-26 10:18:00,75.3678,75.3678,75.3678,75.3678,364.0,PNFP
2023-01-26 10:17:00,75.2781,75.2781,75.2781,75.2781,229.0,PNFP
2023-01-26 10:15:00,75.0287,75.1484,74.9988,75.1235,2433.0,PNFP
2023-01-26 10:14:00,75.0586,75.0586,75.0586,75.0586,673.0,PNFP
2023-01-26 10:09:00,75.0188,75.0387,74.9739,74.9739,1212.0,PNFP
2023-01-26 10:08:00,75.0586,75.0586,75.0586,75.0586,870.0,PNFP
2023-01-26 10:07:00,74.9789,75.0985,74.7395,75.0287,8669.0,PNFP
2023-01-26 10:04:00,74.934,74.934,74.934,74.934,191.0,PNFP
2023-01-26 10:03:00,74.6996,74.8891,74.6996,74.8791,2492.0,PNFP
2023-01-26 10:02:00,74.9589,74.9589,74.54,74.7495,6341.0,PNFP
2023-01-26 10:01:00,74.939,74.9689,74.6797,74.8692,3970.0,PNFP
2023-01-26 10:00:00,74.9639,74.9639,74.6198,74.7495,3876.0,PNFP
2023-01-26 09:59:00,74.9838,74.9838,74.9838,74.9838,808.0,PNFP
2023-01-26 09:57:00,74.9938,74.9988,74.9489,74.9988,2293.0,PNFP
2023-01-26 09:55:00,75.2631,75.3429,74.8093,75.0586,3000.0,PNFP
2023-01-26 09:54:00,75.298,75.298,75.1285,75.2481,1290.0,PNFP
2023-01-26 09:53:00,75.1584,75.318,74.9689,75.288,12254.0,PNFP
2023-01-26 09:52:00,75.2082,75.2082,75.2082,75.2082,125.0,PNFP
2023-01-26 09:51:00,75.288,75.3479,75.288,75.3479,571.0,PNFP
2023-01-26 09:50:00,75.3229,75.3578,75.1783,75.3578,908.0,PNFP
2023-01-26 09:49:00,75.3279,75.3279,75.3279,75.3279,103.0,PNFP
2023-01-26 09:46:00,75.4975,75.5473,75.4975,75.5174,449.0,PNFP
2023-01-26 09:45:00,75.3379,75.3379,75.3379,75.3379,139.0,PNFP
2023-01-26 09:44:00,75.672,75.672,75.4875,75.6221,783.0,PNFP
2023-01-26 09:43:00,75.2082,75.657,75.1883,75.6271,2570.0,PNFP
2023-01-26 09:42:00,75.2082,75.2082,75.2082,75.2082,466.0,PNFP
2023-01-26 09:31:00,75.1684,75.1684,75.1684,75.1684,1167.0,PNFP
2023-01-25 16:01:00,74.5001,74.5001,74.5001,74.5001,10863.0,PNFP
2023-01-25 16:00:00,74.5051,74.55,74.5001,74.5001,20066.0,PNFP
2023-01-25 15:59:00,74.4303,74.5101,74.4303,74.5051,12955.0,PNFP
2023-01-25 15:58:00,74.4403,74.4403,74.3904,74.4303,13788.0,PNFP
2023-01-25 15:57:00,74.4104,74.4503,74.3914,74.4328,10293.0,PNFP
2023-01-25 15:56:00,74.4403,74.4503,74.3755,74.4104,10467.0,PNFP
2023-01-25 15:55:00,74.4403,74.4802,74.4204,74.4503,7512.0,PNFP
2023-01-25 15:54:00,74.4303,74.4403,74.4054,74.4204,3275.0,PNFP
2023-01-25 15:53:00,74.4303,74.5201,74.4114,74.4353,7113.0,PNFP
2023-01-25 15:52:00,74.4902,74.5001,74.4403,74.4403,2888.0,PNFP
2023-01-25 15:51:00,74.4902,74.5351,74.4902,74.4902,2255.0,PNFP
2023-01-25 15:50:00,74.5251,74.57,74.5201,74.54,2770.0,PNFP
2023-01-25 15:49:00,74.4652,74.5151,74.4603,74.5151,3548.0,PNFP
2023-01-25 15:48:00,74.4243,74.5001,74.4243,74.5001,1714.0,PNFP
2023-01-25 15:47:00,74.4802,74.4802,74.4253,74.4303,1420.0,PNFP
2023-01-25 15:46:00,74.565,74.565,74.4453,74.4553,2927.0,PNFP
2023-01-25 15:45:00,74.5201,74.5799,74.5201,74.5799,1867.0,PNFP
2023-01-25 15:44:00,74.6198,74.6198,74.55,74.56,2146.0,PNFP
2023-01-25 15:43:00,74.6597,74.6597,74.6497,74.6497,638.0,PNFP
2023-01-25 15:42:00,74.6847,74.7196,74.6497,74.6697,1859.0,PNFP
2023-01-25 15:41:00,74.7345,74.7345,74.6797,74.6797,3334.0,PNFP
2023-01-25 15:40:00,74.6797,74.7345,74.6797,74.7345,1128.0,PNFP
2023-01-25 15:39:00,74.6647,74.6996,74.6647,74.6996,955.0,PNFP
2023-01-25 15:38:00,74.57,74.6697,74.54,74.6697,4463.0,PNFP
2023-01-25 15:37:00,74.5899,74.5899,74.5101,74.5101,4801.0,PNFP
2023-01-25 15:36:00,74.6099,74.6398,74.5899,74.6298,2543.0,PNFP
2023-01-25 15:35:00,74.6208,74.6398,74.6099,74.6099,718.0,PNFP
2023-01-25 15:34:00,74.6398,74.6448,74.6198,74.6198,1248.0,PNFP
2023-01-25 15:33:00,74.6148,74.6298,74.5899,74.6298,1279.0,PNFP
2023-01-25 15:32:00,74.6298,74.6298,74.5909,74.5909,1490.0,PNFP
2023-01-25 15:31:00,74.6597,74.6597,74.6597,74.6597,801.0,PNFP
2023-01-25 15:30:00,74.6298,74.6497,74.6198,74.6497,907.0,PNFP
2023-01-25 15:29:00,74.6198,74.6398,74.6198,74.6398,1123.0,PNFP
2023-01-25 15:28:00,74.5899,74.6248,74.5899,74.6248,897.0,PNFP
2023-01-25 15:27:00,74.55,74.5749,74.55,74.5749,835.0,PNFP
2023-01-25 15:26:00,74.5799,74.5799,74.5301,74.5301,1539.0,PNFP
2023-01-25 15:25:00,74.4802,74.551,74.4802,74.551,2466.0,PNFP
2023-01-25 15:24:00,74.4902,74.4902,74.4702,74.4902,1491.0,PNFP
2023-01-25 15:23:00,74.4702,74.4902,74.4702,74.4902,1344.0,PNFP
2023-01-25 15:22:00,74.4902,74.5101,74.4702,74.4802,969.0,PNFP
2023-01-25 15:21:00,74.54,74.54,74.5101,74.5251,972.0,PNFP
2023-01-25 15:20:00,74.4802,74.5466,74.4802,74.5291,1644.0,PNFP
2023-01-25 15:19:00,74.5201,74.5201,74.4702,74.4802,946.0,PNFP
2023-01-25 15:18:00,74.5101,74.5201,74.5101,74.5201,878.0,PNFP
2023-01-25 15:17:00,74.54,74.54,74.54,74.54,348.0,PNFP
2023-01-25 15:16:00,74.56,74.56,74.54,74.54,1157.0,PNFP
2023-01-25 15:15:00,74.5301,74.5301,74.5301,74.5301,566.0,PNFP
2023-01-25 15:14:00,74.4204,74.5301,74.4204,74.4952,2206.0,PNFP
2023-01-25 15:13:00,74.4852,74.4852,74.4852,74.4852,417.0,PNFP
2023-01-25 15:12:00,74.6497,74.6597,74.5101,74.5101,3167.0,PNFP
2023-01-25 15:11:00,74.6248,74.7196,74.6248,74.6747,3521.0,PNFP
2023-01-25 15:10:00,74.6497,74.6497,74.6049,74.6099,930.0,PNFP
2023-01-25 15:09:00,74.6099,74.6099,74.6099,74.6099,433.0,PNFP
2023-01-25 15:08:00,74.57,74.6198,74.57,74.6198,750.0,PNFP
2023-01-25 15:07:00,74.5301,74.6099,74.4952,74.57,1229.0,PNFP
2023-01-25 15:06:00,74.5201,74.5301,74.4902,74.4952,793.0,PNFP
2023-01-25 15:05:00,74.4652,74.5201,74.4652,74.5201,1404.0,PNFP
2023-01-25 15:04:00,74.4503,74.4603,74.4503,74.4503,479.0,PNFP
2023-01-25 15:03:00,74.4802,74.4802,74.4702,74.4702,321.0,PNFP
2023-01-25 15:02:00,74.4403,74.4802,74.4104,74.4802,1664.0,PNFP
2023-01-25 15:01:00,74.4204,74.4204,74.4054,74.4104,1058.0,PNFP
2023-01-25 15:00:00,74.4603,74.4603,74.4204,74.4204,1114.0,PNFP
2023-01-25 14:59:00,74.4902,74.4902,74.4204,74.4553,1226.0,PNFP
2023-01-25 14:58:00,74.4553,74.4553,74.4553,74.4553,112.0,PNFP
2023-01-25 14:57:00,74.5051,74.5051,74.4303,74.4303,1386.0,PNFP
2023-01-25 14:56:00,74.4952,74.56,74.4952,74.5051,1888.0,PNFP
2023-01-25 14:55:00,74.4952,74.56,74.4403,74.56,4984.0,PNFP
2023-01-25 14:54:00,74.4852,74.54,74.4852,74.4952,1048.0,PNFP
2023-01-25 14:53:00,74.4004,74.57,74.4004,74.57,3627.0,PNFP
2023-01-25 14:52:00,74.3755,74.4204,74.3755,74.4054,446.0,PNFP
2023-01-25 14:51:00,74.3755,74.3755,74.3755,74.3755,339.0,PNFP
2023-01-25 14:50:00,74.2708,74.3805,74.2708,74.3805,2186.0,PNFP
2023-01-25 14:49:00,74.2907,74.2907,74.2708,74.2708,427.0,PNFP
2023-01-25 14:48:00,74.2708,74.2907,74.2708,74.2907,572.0,PNFP
2023-01-25 14:47:00,74.2608,74.3107,74.2408,74.2708,1105.0,PNFP
2023-01-25 14:46:00,74.2309,74.2508,74.2183,74.2183,437.0,PNFP
2023-01-25 14:45:00,74.171,74.181,74.171,74.171,894.0,PNFP
2023-01-25 14:44:00,74.1611,74.1611,74.1611,74.1611,165.0,PNFP
2023-01-25 14:42:00,74.1112,74.1361,74.1112,74.1361,1611.0,PNFP
2023-01-25 14:39:00,74.0513,74.0813,74.0513,74.0813,1800.0,PNFP
2023-01-25 14:38:00,74.0214,74.0214,74.0115,74.0115,777.0,PNFP
2023-01-25 14:37:00,74.0214,74.0638,74.0214,74.0638,519.0,PNFP
2023-01-25 14:35:00,74.0613,74.0613,74.0613,74.0613,351.0,PNFP
2023-01-25 14:34:00,74.1411,74.1411,74.0613,74.0912,824.0,PNFP
2023-01-25 14:33:00,74.1361,74.181,74.1361,74.181,2196.0,PNFP
2023-01-25 14:32:00,74.1012,74.1012,74.0912,74.0912,632.0,PNFP
2023-01-25 14:31:00,74.1311,74.1311,74.1012,74.1012,525.0,PNFP
2023-01-25 14:30:00,74.1212,74.1212,74.1212,74.1212,374.0,PNFP
2023-01-25 14:28:00,74.1431,74.1431,74.1431,74.1431,350.0,PNFP
2023-01-25 14:27:00,74.181,74.181,74.1311,74.1311,596.0,PNFP
2023-01-25 14:26:00,74.2408,74.2408,74.2408,74.2408,427.0,PNFP
2023-01-25 14:25:00,74.2708,74.2708,74.2708,74.2708,366.0,PNFP
2023-01-25 14:24:00,74.2708,74.2708,74.2508,74.2508,955.0,PNFP
2023-01-25 14:23:00,74.327,74.327,74.2807,74.3007,936.0,PNFP
2023-01-25 14:22:00,74.3406,74.3406,74.2907,74.2907,1833.0,PNFP
2023-01-25 14:20:00,74.3705,74.4104,74.3705,74.4104,216.0,PNFP
2023-01-25 14:19:00,74.3805,74.4204,74.3805,74.4204,436.0,PNFP
2023-01-25 14:17:00,74.4104,74.4104,74.4104,74.4104,534.0,PNFP
2023-01-25 14:16:00,74.3705,74.4004,74.3705,74.4004,484.0,PNFP
2023-01-25 14:15:00,74.3206,74.3705,74.3206,74.3705,1065.0,PNFP
2023-01-25 14:13:00,74.2508,74.3007,74.2508,74.2708,1458.0,PNFP
2023-01-25 14:12:00,74.1511,74.191,74.1511,74.191,1088.0,PNFP
2023-01-25 14:11:00,74.1311,74.1311,74.1212,74.1212,444.0,PNFP
2023-01-25 14:09:00,74.0912,74.1212,74.0912,74.1112,1885.0,PNFP
2023-01-25 14:07:00,74.0713,74.0713,74.0613,74.0613,913.0,PNFP
2023-01-25 14:04:00,74.0912,74.0912,74.0912,74.0912,104.0,PNFP
2023-01-25 14:03:00,74.1112,74.1212,74.0713,74.1112,871.0,PNFP
2023-01-25 14:02:00,74.1311,74.1511,74.1311,74.1511,1089.0,PNFP
2023-01-25 14:01:00,74.2109,74.2109,74.2109,74.2109,224.0,PNFP
2023-01-25 14:00:00,74.1311,74.2109,74.1212,74.2109,1964.0,PNFP
2023-01-25 13:59:00,73.9616,74.1311,73.9616,74.1311,2716.0,PNFP
2023-01-25 13:58:00,73.9516,73.9516,73.9516,73.9516,186.0,PNFP
2023-01-25 13:57:00,73.8918,73.9317,73.8918,73.9317,2733.0,PNFP
2023-01-25 13:55:00,73.9766,73.9766,73.9018,73.9117,2866.0,PNFP
2023-01-25 13:54:00,73.9766,73.9766,73.9716,73.9716,1204.0,PNFP
2023-01-25 13:53:00,73.9815,74.0015,73.9766,73.9766,1901.0,PNFP
2023-01-25 13:52:00,73.9616,73.9716,73.9616,73.9716,1128.0,PNFP
2023-01-25 13:50:00,73.9117,73.9117,73.9067,73.9067,359.0,PNFP
2023-01-25 13:49:00,73.8519,73.9416,73.8519,73.9117,3243.0,PNFP
2023-01-25 13:47:00,73.7422,73.8569,73.7422,73.8569,3566.0,PNFP
2023-01-25 13:45:00,73.8818,73.8818,73.7222,73.7222,3659.0,PNFP
2023-01-25 13:44:00,73.8818,73.9018,73.8818,73.9018,1822.0,PNFP
2023-01-25 13:43:00,73.8818,73.8818,73.8818,73.8818,419.0,PNFP
2023-01-25 13:42:00,73.827,73.8918,73.802,73.8918,4936.0,PNFP
2023-01-25 13:41:00,73.827,73.827,73.827,73.827,262.0,PNFP
2023-01-25 13:40:00,73.8619,73.8619,73.802,73.8369,1180.0,PNFP
2023-01-25 13:39:00,73.9217,73.9466,73.9217,73.9416,1944.0,PNFP
2023-01-25 13:38:00,73.9466,73.9466,73.9466,73.9466,401.0,PNFP
2023-01-25 13:37:00,73.9367,73.9716,73.9367,73.9716,1849.0,PNFP
2023-01-25 13:36:00,73.9117,73.9716,73.9117,73.9716,2075.0,PNFP
2023-01-25 13:35:00,73.8419,73.9815,73.8419,73.9815,2386.0,PNFP
2023-01-25 13:34:00,73.9067,73.9067,73.9067,73.9067,442.0,PNFP
2023-01-25 13:32:00,74.0314,74.0314,73.9915,73.9915,861.0,PNFP
2023-01-25 13:31:00,74.0115,74.1211,74.0114,74.0613,8811.0,PNFP
2023-01-25 13:30:00,73.9766,74.0115,73.9766,73.9766,2806.0,PNFP
2023-01-25 13:29:00,73.9716,74.0015,73.9716,73.9766,522.0,PNFP
2023-01-25 13:28:00,74.0065,74.0065,73.9683,74.0065,1465.0,PNFP
2023-01-25 13:27:00,74.0164,74.0214,74.0015,74.0065,828.0,PNFP
2023-01-25 13:26:00,74.0115,74.0164,74.0115,74.0164,416.0,PNFP
2023-01-25 13:25:00,74.0264,74.0314,74.0115,74.0115,713.0,PNFP
2023-01-25 13:24:00,74.0813,74.0813,74.0613,74.0613,1514.0,PNFP
2023-01-25 13:23:00,74.0364,74.0713,74.0364,74.0464,776.0,PNFP
2023-01-25 13:22:00,74.0364,74.0713,74.0364,74.0389,413.0,PNFP
2023-01-25 13:21:00,74.0015,74.0613,74.0015,74.0464,1290.0,PNFP
2023-01-25 13:20:00,74.0065,74.0115,74.0065,74.0115,407.0,PNFP
2023-01-25 13:19:00,73.9516,74.0065,73.9317,74.0065,1143.0,PNFP
2023-01-25 13:18:00,74.0813,74.0813,74.0813,74.0813,185.0,PNFP
2023-01-25 13:17:00,74.0513,74.0513,74.0464,74.0464,467.0,PNFP
2023-01-25 13:15:00,74.0464,74.0962,74.0414,74.0663,744.0,PNFP
2023-01-25 13:14:00,74.0214,74.0613,74.0214,74.0613,1961.0,PNFP
2023-01-25 13:13:00,74.0414,74.0414,74.0414,74.0414,312.0,PNFP
2023-01-25 13:12:00,73.9466,74.1112,73.9466,74.1112,2468.0,PNFP
2023-01-25 13:11:00,73.9666,73.9915,73.9466,73.9466,806.0,PNFP
2023-01-25 13:10:00,73.9167,73.9516,73.9167,73.9416,1478.0,PNFP
2023-01-25 13:09:00,73.9965,73.9965,73.9416,73.9416,725.0,PNFP
2023-01-25 13:08:00,73.7721,73.9616,73.7272,73.9416,4794.0,PNFP
2023-01-25 13:07:00,73.7322,73.7322,73.7222,73.7222,1268.0,PNFP
2023-01-25 13:06:00,73.7372,73.7372,73.7372,73.7372,284.0,PNFP
2023-01-25 13:05:00,73.812,73.812,73.7222,73.7222,846.0,PNFP
2023-01-25 13:04:00,73.9915,73.9915,73.7322,73.7322,4691.0,PNFP
2023-01-25 13:03:00,74.0115,74.1212,74.0115,74.0513,8495.0,PNFP
2023-01-25 13:02:00,73.9915,74.0314,73.9915,73.9965,3438.0,PNFP
2023-01-25 13:01:00,73.9716,73.9865,73.9416,73.9666,1957.0,PNFP
2023-01-25 13:00:00,73.9865,73.9915,73.9516,73.9915,2819.0,PNFP
2023-01-25 12:59:00,74.0115,74.0314,74.0115,74.0314,1766.0,PNFP
2023-01-25 12:58:00,73.9865,73.9865,73.9716,73.9815,956.0,PNFP
2023-01-25 12:57:00,73.9716,74.0015,73.9716,74.0015,1088.0,PNFP
2023-01-25 12:56:00,73.9915,74.0314,73.9915,74.0065,1152.0,PNFP
2023-01-25 12:55:00,74.0314,74.0314,74.0314,74.0314,417.0,PNFP
2023-01-25 12:53:00,73.9516,74.0214,73.9516,74.0214,5237.0,PNFP
2023-01-25 12:52:00,74.0115,74.0115,74.0015,74.0015,1475.0,PNFP
2023-01-25 12:51:00,73.9716,74.0513,73.9716,74.0513,2540.0,PNFP
2023-01-25 12:50:00,73.9516,73.9616,73.9516,73.9616,1603.0,PNFP
2023-01-25 12:49:00,73.9117,73.9217,73.9117,73.9117,646.0,PNFP
2023-01-25 12:48:00,74.0115,74.0115,73.9815,73.9815,685.0,PNFP
2023-01-25 12:46:00,74.1611,74.1611,74.0513,74.0513,1375.0,PNFP
2023-01-25 12:45:00,74.2009,74.2009,74.166,74.181,3708.0,PNFP
2023-01-25 12:44:00,74.1012,74.2533,74.0414,74.2533,5410.0,PNFP
2023-01-25 12:43:00,74.1012,74.1012,74.1012,74.1012,120.0,PNFP
2023-01-25 12:42:00,74.0962,74.0962,74.0962,74.0962,467.0,PNFP
2023-01-25 12:41:00,74.0962,74.0962,74.0962,74.0962,529.0,PNFP
2023-01-25 12:40:00,74.0962,74.0962,74.0962,74.0962,521.0,PNFP
2023-01-25 12:39:00,74.0962,74.0962,74.0962,74.0962,461.0,PNFP
2023-01-25 12:37:00,74.1112,74.1112,74.0613,74.0912,2174.0,PNFP
2023-01-25 12:36:00,73.9716,74.1212,73.9716,74.1212,3543.0,PNFP
2023-01-25 12:35:00,73.9732,73.9732,73.9732,73.9732,231.0,PNFP
2023-01-25 12:34:00,73.9716,73.9815,73.9716,73.9815,249.0,PNFP
2023-01-25 12:32:00,73.8918,74.0015,73.8918,73.9716,1479.0,PNFP
2023-01-25 12:31:00,73.8619,73.8918,73.8519,73.8878,1671.0,PNFP
2023-01-25 12:30:00,73.7721,73.8519,73.7721,73.8519,2259.0,PNFP
2023-01-25 12:29:00,73.6923,73.7322,73.6923,73.7222,1748.0,PNFP
2023-01-25 12:28:00,73.822,73.822,73.6524,73.6524,3348.0,PNFP
2023-01-25 12:27:00,73.9017,73.9017,73.9017,73.9017,1514.0,PNFP
2023-01-25 12:24:00,73.9018,73.9018,73.802,73.822,862.0,PNFP
2023-01-25 12:22:00,73.9516,74.0414,73.9117,73.9117,9225.0,PNFP
2023-01-25 12:21:00,73.9716,73.9716,73.9516,73.9516,722.0,PNFP
2023-01-25 12:20:00,74.1062,74.1062,74.0214,74.0214,1067.0,PNFP
2023-01-25 12:18:00,74.1062,74.1062,74.1062,74.1062,118.0,PNFP
2023-01-25 12:17:00,74.1212,74.1212,74.1012,74.1012,627.0,PNFP
2023-01-25 12:16:00,74.1436,74.1461,74.1311,74.1311,4264.0,PNFP
2023-01-25 12:15:00,74.0613,74.1112,74.0613,74.0912,2788.0,PNFP
2023-01-25 12:14:00,74.1112,74.1112,74.0214,74.0214,663.0,PNFP
2023-01-25 12:13:00,74.1511,74.1511,74.1511,74.1511,580.0,PNFP
2023-01-25 12:12:00,74.1611,74.1611,74.1611,74.1611,179.0,PNFP
2023-01-25 12:11:00,74.2508,74.2508,74.191,74.191,4458.0,PNFP
2023-01-25 12:10:00,74.2209,74.2708,74.2209,74.2708,1174.0,PNFP
2023-01-25 12:09:00,74.1062,74.191,74.1062,74.191,1064.0,PNFP
2023-01-25 12:07:00,73.9815,74.1411,73.9815,74.1271,3784.0,PNFP
2023-01-25 12:06:00,73.8918,73.9267,73.8918,73.9267,3714.0,PNFP
2023-01-25 12:05:00,73.9367,73.9367,73.9292,73.9292,648.0,PNFP
2023-01-25 12:03:00,73.8818,73.8818,73.8818,73.8818,484.0,PNFP
2023-01-25 12:02:00,73.7621,73.8818,73.7621,73.8818,1627.0,PNFP
2023-01-25 12:01:00,73.7222,73.7621,73.7222,73.7621,1082.0,PNFP
2023-01-25 12:00:00,73.7522,73.7522,73.7522,73.7522,723.0,PNFP
2023-01-25 11:59:00,73.8519,73.8519,73.792,73.792,5593.0,PNFP
2023-01-25 11:58:00,73.822,73.8469,73.822,73.8469,801.0,PNFP
2023-01-25 11:57:00,73.812,73.822,73.812,73.822,2007.0,PNFP
2023-01-25 11:56:00,73.7522,73.7621,73.7522,73.7522,1880.0,PNFP
2023-01-25 11:54:00,73.7571,73.7571,73.7571,73.7571,100.0,PNFP
2023-01-25 11:53:00,73.5926,73.7073,73.5926,73.7073,885.0,PNFP
2023-01-25 11:52:00,73.4679,73.5627,73.4679,73.5627,2298.0,PNFP
2023-01-25 11:50:00,73.4928,73.5128,73.4928,73.5128,1612.0,PNFP
2023-01-25 11:49:00,73.453,73.453,73.443,73.443,507.0,PNFP
2023-01-25 11:48:00,73.443,73.4679,73.443,73.4679,810.0,PNFP
2023-01-25 11:47:00,73.4729,73.4779,73.4729,73.4779,693.0,PNFP
2023-01-25 11:46:00,73.4729,73.5477,73.443,73.443,7705.0,PNFP
2023-01-25 11:45:00,73.443,73.4829,73.443,73.4829,1365.0,PNFP
2023-01-25 11:43:00,73.3931,73.433,73.3931,73.4131,2249.0,PNFP
2023-01-25 11:42:00,73.448,73.5128,73.3831,73.3881,5165.0,PNFP
2023-01-25 11:41:00,73.4679,73.4928,73.433,73.433,1829.0,PNFP
2023-01-25 11:40:00,73.4679,73.4679,73.4679,73.4679,241.0,PNFP
2023-01-25 11:39:00,73.4729,73.4729,73.4131,73.4629,5284.0,PNFP
2023-01-25 11:38:00,73.4629,73.5028,73.4629,73.4779,1032.0,PNFP
2023-01-25 11:37:00,73.2884,73.433,73.2884,73.423,3564.0,PNFP
2023-01-25 11:36:00,73.3831,73.3831,73.2884,73.2884,1606.0,PNFP
2023-01-25 11:35:00,73.4429,73.4429,73.4429,73.4429,126.0,PNFP
2023-01-25 11:33:00,73.5427,73.5527,73.5028,73.5028,857.0,PNFP
2023-01-25 11:32:00,73.5627,73.5726,73.5627,73.5726,848.0,PNFP
2023-01-25 11:31:00,73.6026,73.6125,73.5926,73.5926,4168.0,PNFP
2023-01-25 11:30:00,73.6125,73.6674,73.6125,73.6624,1573.0,PNFP
2023-01-25 11:29:00,73.5527,73.6724,73.5527,73.6026,3483.0,PNFP
2023-01-25 11:28:00,73.5527,73.5527,73.5527,73.5527,380.0,PNFP
2023-01-25 11:27:00,73.5228,73.6175,73.5228,73.6175,941.0,PNFP
2023-01-25 11:26:00,73.4928,73.5228,73.4629,73.4829,1659.0,PNFP
2023-01-25 11:25:00,73.4829,73.4829,73.4131,73.433,1637.0,PNFP
2023-01-25 11:22:00,73.5228,73.6175,73.5228,73.5477,982.0,PNFP
2023-01-25 11:21:00,73.5228,73.5327,73.433,73.453,4518.0,PNFP
2023-01-25 11:20:00,73.3582,73.6175,73.3582,73.6175,3505.0,PNFP
2023-01-25 11:19:00,73.3283,73.3632,73.3283,73.3532,1842.0,PNFP
2023-01-25 11:18:00,73.2236,73.3532,73.2236,73.3333,7190.0,PNFP
2023-01-25 11:17:00,73.2036,73.2036,73.1737,73.1937,5418.0,PNFP
2023-01-25 11:14:00,73.1238,73.1637,73.1238,73.1538,1591.0,PNFP
2023-01-25 11:13:00,73.1039,73.1438,73.0989,73.1438,12231.0,PNFP
2023-01-25 11:12:00,73.1238,73.1238,73.1039,73.1039,1512.0,PNFP
2023-01-25 11:10:00,73.074,73.074,73.074,73.074,405.0,PNFP
2023-01-25 11:09:00,73.054,73.1139,73.054,73.079,1259.0,PNFP
2023-01-25 11:08:00,73.1937,73.1937,73.054,73.054,1559.0,PNFP
2023-01-25 11:06:00,73.2086,73.2435,73.1937,73.1986,3745.0,PNFP
2023-01-25 11:05:00,73.2136,73.2161,73.2036,73.2161,1570.0,PNFP
2023-01-25 11:04:00,73.2335,73.2335,73.1587,73.1587,1408.0,PNFP
2023-01-25 11:03:00,73.2236,73.2335,73.2236,73.2335,221.0,PNFP
2023-01-25 11:02:00,73.1189,73.2136,73.1189,73.2136,4900.0,PNFP
2023-01-25 11:01:00,73.1189,73.1637,73.1189,73.1189,845.0,PNFP
2023-01-25 11:00:00,73.1189,73.1189,73.064,73.064,795.0,PNFP
2023-01-25 10:59:00,73.1089,73.1189,73.1089,73.1189,656.0,PNFP
2023-01-25 10:57:00,73.1438,73.1737,73.074,73.074,2142.0,PNFP
2023-01-25 10:56:00,72.9842,73.1637,72.9842,73.059,7503.0,PNFP
2023-01-25 10:55:00,73.1637,73.1637,72.9942,72.9942,1043.0,PNFP
2023-01-25 10:54:00,72.9643,73.069,72.9643,73.069,1037.0,PNFP
2023-01-25 10:53:00,73.1438,73.1438,73.064,73.064,327.0,PNFP
2023-01-25 10:52:00,73.2186,73.2934,73.1538,73.1538,3101.0,PNFP
2023-01-25 10:51:00,73.428,73.428,73.2136,73.2635,6465.0,PNFP
2023-01-25 10:50:00,73.428,73.4928,73.3732,73.428,1592.0,PNFP
2023-01-25 10:49:00,73.438,73.5028,73.438,73.5028,280.0,PNFP
2023-01-25 10:48:00,73.5327,73.5427,73.453,73.453,797.0,PNFP
2023-01-25 10:47:00,73.4829,73.5627,73.4031,73.5627,1172.0,PNFP
2023-01-25 10:46:00,73.3732,73.423,73.3732,73.3981,2419.0,PNFP
2023-01-25 10:45:00,73.3133,73.3133,73.3083,73.3083,780.0,PNFP
2023-01-25 10:44:00,73.3432,73.3432,73.2984,73.3133,726.0,PNFP
2023-01-25 10:43:00,73.2535,73.2535,73.2186,73.2435,1018.0,PNFP
2023-01-25 10:42:00,73.1139,73.2435,73.054,73.1714,3852.0,PNFP
2023-01-25 10:40:00,73.1139,73.1139,73.0441,73.0441,296.0,PNFP
2023-01-25 10:38:00,73.0241,73.0839,73.0241,73.054,1293.0,PNFP
2023-01-25 10:37:00,73.1737,73.1837,73.0441,73.0939,6850.0,PNFP
2023-01-25 10:36:00,73.2635,73.3831,73.2435,73.2435,2592.0,PNFP
2023-01-25 10:35:00,73.2485,73.3632,73.1238,73.3632,3092.0,PNFP
2023-01-25 10:33:00,73.3233,73.3233,73.2685,73.2685,1370.0,PNFP
2023-01-25 10:32:00,73.3333,73.3432,73.3183,73.3233,1342.0,PNFP
2023-01-25 10:31:00,73.3233,73.3532,73.2435,73.2435,1261.0,PNFP
2023-01-25 10:30:00,73.3482,73.3482,73.3482,73.3482,322.0,PNFP
2023-01-25 10:29:00,73.3682,73.3682,73.3682,73.3682,315.0,PNFP
2023-01-25 10:28:00,73.3532,73.3532,73.3532,73.3532,372.0,PNFP
2023-01-25 10:27:00,73.1338,73.3133,73.0939,73.3133,4139.0,PNFP
2023-01-25 10:26:00,73.3034,73.3034,73.2984,73.2984,865.0,PNFP
2023-01-25 10:25:00,73.3233,73.3931,73.2635,73.2834,7366.0,PNFP
2023-01-25 10:24:00,73.2236,73.3931,73.1937,73.3632,5546.0,PNFP
2023-01-25 10:23:00,73.2734,73.2734,73.2236,73.2435,3822.0,PNFP
2023-01-25 10:22:00,73.2734,73.2734,73.2585,73.2734,603.0,PNFP
2023-01-25 10:21:00,73.3133,73.3383,73.2934,73.2934,659.0,PNFP
2023-01-25 10:20:00,73.4829,73.4829,73.4829,73.4829,927.0,PNFP
2023-01-25 10:19:00,73.6275,73.6275,73.433,73.433,2402.0,PNFP
2023-01-25 10:18:00,73.6325,73.6424,73.6075,73.6275,3893.0,PNFP
2023-01-25 10:17:00,73.5776,73.5826,73.5776,73.5826,400.0,PNFP
2023-01-25 10:16:00,73.5776,73.5776,73.5228,73.5228,1047.0,PNFP
2023-01-25 10:15:00,73.6424,73.6424,73.5627,73.5776,1564.0,PNFP
2023-01-25 10:14:00,73.6524,73.6524,73.5826,73.5826,784.0,PNFP
2023-01-25 10:13:00,73.7123,73.7123,73.6524,73.6524,727.0,PNFP
2023-01-25 10:11:00,73.7621,73.7621,73.6923,73.6923,1505.0,PNFP
2023-01-25 10:10:00,73.8319,73.8319,73.6823,73.7222,2423.0,PNFP
2023-01-25 10:09:00,73.827,73.9915,73.827,73.9117,2128.0,PNFP
2023-01-25 10:08:00,73.8768,73.8768,73.802,73.8718,1076.0,PNFP
2023-01-25 10:07:00,73.8619,73.8768,73.8619,73.8768,753.0,PNFP
2023-01-25 10:06:00,73.6424,73.7871,73.6325,73.7871,2189.0,PNFP
2023-01-25 10:05:00,73.5676,73.6873,73.5676,73.6075,2822.0,PNFP
2023-01-25 10:04:00,73.5527,73.5751,73.5527,73.5751,564.0,PNFP
2023-01-25 10:03:00,73.5527,73.5527,73.5527,73.5527,260.0,PNFP
2023-01-25 10:02:00,73.443,73.5477,73.443,73.5477,2628.0,PNFP
2023-01-25 10:01:00,73.443,73.443,73.3133,73.3831,3032.0,PNFP
2023-01-25 10:00:00,73.3732,73.453,73.3632,73.4131,2712.0,PNFP
2023-01-25 09:59:00,73.3831,73.438,73.3632,73.438,2144.0,PNFP
2023-01-25 09:58:00,73.4131,73.4131,73.2734,73.3831,3057.0,PNFP
2023-01-25 09:57:00,73.453,73.4928,73.453,73.4928,337.0,PNFP
2023-01-25 09:56:00,73.5128,73.5128,73.443,73.4928,934.0,PNFP
2023-01-25 09:55:00,73.6574,73.6574,73.5826,73.5826,2046.0,PNFP
2023-01-25 09:54:00,73.6474,73.6524,73.6474,73.6524,458.0,PNFP
2023-01-25 09:53:00,73.4928,73.7023,73.4928,73.6973,3468.0,PNFP
2023-01-25 09:52:00,73.6325,73.6325,73.5527,73.5527,661.0,PNFP
2023-01-25 09:51:00,73.6524,73.7871,73.5228,73.7871,827.0,PNFP
2023-01-25 09:50:00,73.6524,73.802,73.6524,73.802,520.0,PNFP
2023-01-25 09:49:00,73.5028,73.6524,73.5028,73.6524,523.0,PNFP
2023-01-25 09:48:00,73.6524,73.6524,73.6524,73.6524,204.0,PNFP
2023-01-25 09:47:00,73.8369,73.8369,73.6125,73.6225,1436.0,PNFP
2023-01-25 09:46:00,73.8918,73.9018,73.8768,73.8768,317.0,PNFP
2023-01-25 09:45:00,73.7472,74.0912,73.7472,74.0912,1793.0,PNFP
2023-01-25 09:41:00,73.8665,74.0054,73.8665,74.0054,2673.0,PNFP
2023-01-25 09:38:00,73.4679,73.4679,73.4679,73.4679,2470.0,PNFP
2023-01-25 09:37:00,73.4679,73.4679,73.4679,73.4679,2503.0,PNFP
2023-01-25 09:31:00,73.812,73.812,73.812,73.812,1799.0,PNFP
