date,1. open,2. high,3. low,4. close,5. volume,Ticker
2023-02-22 20:00:00,63.88,63.88,63.88,63.88,168.0,SE
2023-02-22 19:56:00,63.87,63.87,63.87,63.87,172.0,SE
2023-02-22 19:51:00,63.6,63.92,63.6,63.92,605.0,SE
2023-02-22 19:42:00,63.92,63.92,63.91,63.91,200.0,SE
2023-02-22 19:06:00,63.85,63.9,63.85,63.9,600.0,SE
2023-02-22 19:03:00,63.87,63.87,63.87,63.87,110.0,SE
2023-02-22 17:33:00,63.99,63.99,63.99,63.99,996.0,SE
2023-02-22 17:32:00,63.99,63.99,63.99,63.99,257.0,SE
2023-02-22 17:17:00,63.98,63.98,63.98,63.98,105.0,SE
2023-02-22 17:05:00,64.0,64.0,64.0,64.0,3098.0,SE
2023-02-22 16:41:00,63.2,63.2,63.2,63.2,200.0,SE
2023-02-22 16:40:00,63.18,63.2,63.18,63.2,500.0,SE
2023-02-22 16:03:00,62.8,62.8,62.8,62.8,120.0,SE
2023-02-22 16:02:00,62.62,62.62,62.62,62.62,1000.0,SE
2023-02-22 16:01:00,63.3,63.3,63.3,63.3,283921.0,SE
2023-02-22 16:00:00,63.34,63.36,63.15,63.33,168992.0,SE
2023-02-22 15:59:00,63.395,63.425,63.34,63.34,45036.0,SE
2023-02-22 15:58:00,63.35,63.4,63.34,63.395,28813.0,SE
2023-02-22 15:57:00,63.35,63.37,63.26,63.35,39421.0,SE
2023-02-22 15:56:00,63.36,63.44,63.33,63.34,50838.0,SE
2023-02-22 15:55:00,63.465,63.515,63.35,63.35,29627.0,SE
2023-02-22 15:54:00,63.405,63.52,63.405,63.465,28449.0,SE
2023-02-22 15:53:00,63.395,63.485,63.395,63.41,23776.0,SE
2023-02-22 15:52:00,63.39,63.5,63.385,63.4,35256.0,SE
2023-02-22 15:51:00,63.5,63.52,63.34,63.39,35193.0,SE
2023-02-22 15:50:00,63.51,63.57,63.47,63.49,22832.0,SE
2023-02-22 15:49:00,63.465,63.525,63.465,63.51,15988.0,SE
2023-02-22 15:48:00,63.475,63.5,63.435,63.49,11341.0,SE
2023-02-22 15:47:00,63.49,63.505,63.46,63.46,9803.0,SE
2023-02-22 15:46:00,63.5,63.56,63.46,63.48,17808.0,SE
2023-02-22 15:45:00,63.455,63.525,63.455,63.51,13140.0,SE
2023-02-22 15:44:00,63.5,63.54,63.44,63.45,11276.0,SE
2023-02-22 15:43:00,63.48,63.505,63.41,63.49,13153.0,SE
2023-02-22 15:42:00,63.41,63.49,63.3401,63.465,14006.0,SE
2023-02-22 15:41:00,63.49,63.565,63.4,63.4,16882.0,SE
2023-02-22 15:40:00,63.49,63.51,63.47,63.47,7317.0,SE
2023-02-22 15:39:00,63.56,63.58,63.495,63.5,4770.0,SE
2023-02-22 15:38:00,63.59,63.655,63.55,63.555,11591.0,SE
2023-02-22 15:37:00,63.635,63.635,63.575,63.575,5803.0,SE
2023-02-22 15:36:00,63.79,63.83,63.62,63.64,7538.0,SE
2023-02-22 15:35:00,63.76,63.8,63.76,63.77,5132.0,SE
2023-02-22 15:34:00,63.74,63.76,63.64,63.76,10936.0,SE
2023-02-22 15:33:00,63.77,63.8,63.71,63.72,6280.0,SE
2023-02-22 15:32:00,63.73,63.815,63.73,63.74,8232.0,SE
2023-02-22 15:31:00,63.845,63.845,63.73,63.73,7802.0,SE
2023-02-22 15:30:00,63.94,63.94,63.83,63.83,3357.0,SE
2023-02-22 15:29:00,64.04,64.05,63.96,63.9602,13628.0,SE
2023-02-22 15:28:00,63.99,64.06,63.95,64.06,43523.0,SE
2023-02-22 15:27:00,63.93,64.0,63.91,63.99,21956.0,SE
2023-02-22 15:26:00,63.95,63.98,63.89,63.91,10058.0,SE
2023-02-22 15:25:00,63.89,63.9453,63.87,63.9453,4408.0,SE
2023-02-22 15:24:00,63.75,63.89,63.75,63.89,4677.0,SE
2023-02-22 15:23:00,63.68,63.725,63.64,63.725,3649.0,SE
2023-02-22 15:22:00,63.73,63.75,63.7,63.705,3384.0,SE
2023-02-22 15:21:00,63.66,63.7299,63.66,63.7299,2689.0,SE
2023-02-22 15:20:00,63.818,63.818,63.65,63.65,2736.0,SE
2023-02-22 15:19:00,63.84,63.84,63.78,63.78,3027.0,SE
2023-02-22 15:18:00,63.81,63.81,63.78,63.795,2113.0,SE
2023-02-22 15:17:00,63.745,63.8,63.745,63.775,2610.0,SE
2023-02-22 15:16:00,63.639,63.7,63.575,63.7,90384.0,SE
2023-02-22 15:15:00,63.6,63.6,63.6,63.6,1320.0,SE
2023-02-22 15:14:00,63.51,63.565,63.47,63.565,3662.0,SE
2023-02-22 15:13:00,63.53,63.535,63.51,63.51,1131.0,SE
2023-02-22 15:12:00,63.535,63.535,63.49,63.49,3453.0,SE
2023-02-22 15:11:00,63.53,63.53,63.49,63.4938,1462.0,SE
2023-02-22 15:10:00,63.41,63.46,63.39,63.45,3076.0,SE
2023-02-22 15:09:00,63.385,63.4,63.35,63.4,1195.0,SE
2023-02-22 15:08:00,63.38,63.42,63.35,63.38,2374.0,SE
2023-02-22 15:07:00,63.32,63.35,63.32,63.33,1206.0,SE
2023-02-22 15:06:00,63.33,63.33,63.29,63.29,2307.0,SE
2023-02-22 15:05:00,63.22,63.3,63.22,63.27,2951.0,SE
2023-02-22 15:04:00,63.2197,63.2197,63.16,63.205,1124.0,SE
2023-02-22 15:03:00,63.23,63.24,63.185,63.2,1607.0,SE
2023-02-22 15:02:00,63.22,63.29,63.22,63.26,1231.0,SE
2023-02-22 15:01:00,63.26,63.28,63.21,63.21,2342.0,SE
2023-02-22 15:00:00,63.24,63.24,63.15,63.15,2589.0,SE
2023-02-22 14:59:00,63.3,63.305,63.26,63.26,855.0,SE
2023-02-22 14:58:00,63.27,63.27,63.2651,63.2651,520.0,SE
2023-02-22 14:57:00,63.315,63.32,63.27,63.27,1494.0,SE
2023-02-22 14:56:00,63.42,63.44,63.3,63.3,863.0,SE
2023-02-22 14:55:00,63.51,63.52,63.46,63.475,1675.0,SE
2023-02-22 14:54:00,63.51,63.55,63.49,63.51,4307.0,SE
2023-02-22 14:53:00,63.505,63.505,63.505,63.505,368.0,SE
2023-02-22 14:52:00,63.43,63.49,63.42,63.43,1239.0,SE
2023-02-22 14:51:00,63.63,63.63,63.41,63.41,4041.0,SE
2023-02-22 14:50:00,63.52,63.6,63.52,63.6,4148.0,SE
2023-02-22 14:49:00,63.4997,63.55,63.47,63.55,1475.0,SE
2023-02-22 14:48:00,63.43,63.51,63.43,63.51,4802.0,SE
2023-02-22 14:47:00,63.28,63.39,63.27,63.39,1402.0,SE
2023-02-22 14:46:00,63.29,63.29,63.27,63.29,2522.0,SE
2023-02-22 14:45:00,63.27,63.35,63.27,63.35,830.0,SE
2023-02-22 14:44:00,63.26,63.26,63.22,63.22,586.0,SE
2023-02-22 14:43:00,63.415,63.415,63.22,63.22,2247.0,SE
2023-02-22 14:42:00,63.42,63.42,63.42,63.42,268.0,SE
2023-02-22 14:41:00,63.36,63.39,63.36,63.39,936.0,SE
2023-02-22 14:40:00,63.45,63.45,63.415,63.415,884.0,SE
2023-02-22 14:39:00,63.35,63.36,63.27,63.36,1803.0,SE
2023-02-22 14:38:00,63.3,63.39,63.3,63.39,923.0,SE
2023-02-22 14:37:00,63.33,63.33,63.27,63.3,2196.0,SE
2023-02-22 14:36:00,63.4,63.4,63.31,63.31,1534.0,SE
2023-02-22 14:35:00,63.345,63.39,63.28,63.38,3188.0,SE
2023-02-22 14:34:00,63.2,63.3,63.19,63.3,2071.0,SE
2023-02-22 14:33:00,63.38,63.38,63.22,63.22,2189.0,SE
2023-02-22 14:32:00,63.27,63.355,63.27,63.355,700.0,SE
2023-02-22 14:31:00,63.33,63.33,63.27,63.2876,2297.0,SE
2023-02-22 14:30:00,63.4,63.4413,63.38,63.38,2127.0,SE
2023-02-22 14:29:00,63.27,63.35,63.27,63.35,4947.0,SE
2023-02-22 14:28:00,63.37,63.37,63.29,63.29,6380.0,SE
2023-02-22 14:27:00,63.33,63.34,63.24,63.34,3101.0,SE
2023-02-22 14:26:00,63.39,63.39,63.35,63.35,1001.0,SE
2023-02-22 14:25:00,63.44,63.44,63.3,63.42,997.0,SE
2023-02-22 14:24:00,63.485,63.5194,63.425,63.425,1285.0,SE
2023-02-22 14:23:00,63.5,63.515,63.46,63.46,970.0,SE
2023-02-22 14:22:00,63.5,63.54,63.48,63.54,906.0,SE
2023-02-22 14:21:00,63.47,63.515,63.39,63.47,2481.0,SE
2023-02-22 14:20:00,63.48,63.52,63.39,63.43,6301.0,SE
2023-02-22 14:19:00,63.27,63.54,63.25,63.53,7169.0,SE
2023-02-22 14:18:00,63.185,63.26,63.17,63.22,12195.0,SE
2023-02-22 14:17:00,63.28,63.3099,63.14,63.1797,14768.0,SE
2023-02-22 14:16:00,63.46,63.46,63.28,63.295,7432.0,SE
2023-02-22 14:15:00,63.47,63.52,63.47,63.5,5739.0,SE
2023-02-22 14:14:00,63.52,63.57,63.48,63.48,1425.0,SE
2023-02-22 14:13:00,63.63,63.63,63.52,63.52,5696.0,SE
2023-02-22 14:12:00,63.85,63.85,63.65,63.65,2034.0,SE
2023-02-22 14:11:00,63.82,64.0,63.81,63.865,3499.0,SE
2023-02-22 14:10:00,63.67,63.845,63.67,63.845,1733.0,SE
2023-02-22 14:09:00,63.6,63.62,63.56,63.61,923.0,SE
2023-02-22 14:08:00,63.92,63.94,63.68,63.68,4725.0,SE
2023-02-22 14:07:00,63.69,63.89,63.68,63.89,3372.0,SE
2023-02-22 14:06:00,63.64,63.6768,63.54,63.62,1889.0,SE
2023-02-22 14:05:00,63.5,63.73,63.5,63.67,5111.0,SE
2023-02-22 14:04:00,63.31,63.5,63.305,63.5,5846.0,SE
2023-02-22 14:03:00,63.415,63.43,63.3,63.43,2637.0,SE
2023-02-22 14:02:00,63.58,63.685,63.47,63.47,1189.0,SE
2023-02-22 14:01:00,63.64,63.82,63.56,63.61,9977.0,SE
2023-02-22 14:00:00,63.66,63.71,63.63,63.69,3516.0,SE
2023-02-22 13:59:00,63.67,63.69,63.665,63.665,1010.0,SE
2023-02-22 13:58:00,63.65,63.65,63.65,63.65,390.0,SE
2023-02-22 13:57:00,63.665,63.665,63.63,63.63,1955.0,SE
2023-02-22 13:56:00,63.64,63.67,63.64,63.665,488.0,SE
2023-02-22 13:55:00,63.7,63.71,63.6101,63.64,3078.0,SE
2023-02-22 13:54:00,63.76,63.78,63.725,63.725,1502.0,SE
2023-02-22 13:53:00,63.765,63.8,63.765,63.8,712.0,SE
2023-02-22 13:51:00,63.8,63.8,63.785,63.785,787.0,SE
2023-02-22 13:50:00,63.87,63.87,63.8,63.8,2810.0,SE
2023-02-22 13:49:00,63.88,63.91,63.8472,63.87,2862.0,SE
2023-02-22 13:48:00,63.78,63.82,63.78,63.82,823.0,SE
2023-02-22 13:47:00,63.8,63.805,63.78,63.785,1280.0,SE
2023-02-22 13:46:00,63.83,63.83,63.77,63.77,2257.0,SE
2023-02-22 13:45:00,63.86,63.86,63.855,63.855,667.0,SE
2023-02-22 13:44:00,63.87,63.88,63.84,63.86,1701.0,SE
2023-02-22 13:43:00,63.72,63.85,63.72,63.84,8651.0,SE
2023-02-22 13:42:00,63.7399,63.7399,63.68,63.71,1364.0,SE
2023-02-22 13:41:00,63.7,63.705,63.7,63.705,1140.0,SE
2023-02-22 13:40:00,63.675,63.675,63.675,63.675,145.0,SE
2023-02-22 13:39:00,63.605,63.6213,63.585,63.6213,1417.0,SE
2023-02-22 13:38:00,63.46,63.58,63.46,63.57,4821.0,SE
2023-02-22 13:37:00,63.52,63.52,63.43,63.48,3126.0,SE
2023-02-22 13:36:00,63.65,63.65,63.545,63.545,5053.0,SE
2023-02-22 13:35:00,63.625,63.65,63.625,63.65,839.0,SE
2023-02-22 13:34:00,63.52,63.67,63.52,63.67,8387.0,SE
2023-02-22 13:33:00,63.55,63.56,63.495,63.495,2451.0,SE
2023-02-22 13:32:00,63.56,63.56,63.49,63.54,6566.0,SE
2023-02-22 13:31:00,63.58,63.61,63.56,63.56,6210.0,SE
2023-02-22 13:30:00,63.55,63.585,63.5401,63.57,4087.0,SE
2023-02-22 13:29:00,63.525,63.56,63.525,63.56,1052.0,SE
2023-02-22 13:28:00,63.52,63.52,63.5,63.52,1427.0,SE
2023-02-22 13:27:00,63.47,63.5,63.47,63.5,1045.0,SE
2023-02-22 13:26:00,63.45,63.45,63.4322,63.4322,587.0,SE
2023-02-22 13:25:00,63.4251,63.46,63.4251,63.455,3276.0,SE
2023-02-22 13:24:00,63.315,63.43,63.315,63.42,3210.0,SE
2023-02-22 13:22:00,63.38,63.385,63.34,63.34,4111.0,SE
2023-02-22 13:21:00,63.415,63.415,63.38,63.38,558.0,SE
2023-02-22 13:20:00,63.4,63.42,63.4,63.42,877.0,SE
2023-02-22 13:19:00,63.36,63.365,63.36,63.365,1193.0,SE
2023-02-22 13:18:00,63.41,63.4228,63.39,63.4228,2402.0,SE
2023-02-22 13:17:00,63.45,63.4594,63.41,63.41,3134.0,SE
2023-02-22 13:16:00,63.4,63.45,63.4,63.45,1326.0,SE
2023-02-22 13:15:00,63.35,63.41,63.35,63.41,3674.0,SE
2023-02-22 13:14:00,63.42,63.42,63.3286,63.3286,1635.0,SE
2023-02-22 13:13:00,63.44,63.44,63.42,63.42,892.0,SE
2023-02-22 13:12:00,63.42,63.4284,63.41,63.41,960.0,SE
2023-02-22 13:11:00,63.455,63.455,63.41,63.41,1604.0,SE
2023-02-22 13:10:00,63.44,63.44,63.43,63.43,1250.0,SE
2023-02-22 13:09:00,63.405,63.43,63.38,63.43,1382.0,SE
2023-02-22 13:08:00,63.405,63.405,63.38,63.38,1079.0,SE
2023-02-22 13:07:00,63.37,63.435,63.37,63.435,1125.0,SE
2023-02-22 13:06:00,63.35,63.3999,63.35,63.3999,1067.0,SE
2023-02-22 13:05:00,63.29,63.35,63.29,63.325,4324.0,SE
2023-02-22 13:04:00,63.2513,63.265,63.2513,63.265,1273.0,SE
2023-02-22 13:03:00,63.25,63.2826,63.245,63.27,1881.0,SE
2023-02-22 13:02:00,63.25,63.29,63.25,63.26,2748.0,SE
2023-02-22 13:01:00,63.28,63.28,63.28,63.28,466.0,SE
2023-02-22 13:00:00,63.33,63.33,63.3,63.3,681.0,SE
2023-02-22 12:59:00,63.265,63.33,63.25,63.33,3160.0,SE
2023-02-22 12:58:00,63.3,63.3,63.24,63.24,2312.0,SE
2023-02-22 12:57:00,63.41,63.42,63.33,63.33,6530.0,SE
2023-02-22 12:56:00,63.485,63.485,63.38,63.4,7182.0,SE
2023-02-22 12:55:00,63.42,63.54,63.415,63.495,27890.0,SE
2023-02-22 12:54:00,63.35,63.435,63.27,63.42,29046.0,SE
2023-02-22 12:53:00,63.45,63.45,63.3644,63.3644,3343.0,SE
2023-02-22 12:52:00,63.51,63.52,63.4246,63.44,3925.0,SE
2023-02-22 12:51:00,63.51,63.53,63.5,63.515,1331.0,SE
2023-02-22 12:50:00,63.435,63.52,63.435,63.52,1582.0,SE
2023-02-22 12:49:00,63.46,63.47,63.43,63.43,1351.0,SE
2023-02-22 12:48:00,63.47,63.5,63.47,63.48,1047.0,SE
2023-02-22 12:47:00,63.44,63.45,63.44,63.45,575.0,SE
2023-02-22 12:46:00,63.43,63.46,63.43,63.44,1343.0,SE
2023-02-22 12:45:00,63.4,63.46,63.4,63.4,3239.0,SE
2023-02-22 12:44:00,63.39,63.42,63.39,63.4,1940.0,SE
2023-02-22 12:43:00,63.5,63.5,63.39,63.4,1599.0,SE
2023-02-22 12:42:00,63.44,63.49,63.42,63.48,1393.0,SE
2023-02-22 12:41:00,63.43,63.48,63.42,63.46,1465.0,SE
2023-02-22 12:40:00,63.45,63.48,63.42,63.42,2384.0,SE
2023-02-22 12:39:00,63.43,63.46,63.43,63.44,2252.0,SE
2023-02-22 12:38:00,63.465,63.465,63.42,63.42,1765.0,SE
2023-02-22 12:37:00,63.39,63.47,63.385,63.47,4206.0,SE
2023-02-22 12:36:00,63.54,63.55,63.41,63.41,20276.0,SE
2023-02-22 12:35:00,63.44,63.54,63.42,63.52,25448.0,SE
2023-02-22 12:34:00,63.41,63.47,63.38,63.47,14832.0,SE
2023-02-22 12:33:00,63.38,63.41,63.3626,63.371,2182.0,SE
2023-02-22 12:32:00,63.42,63.42,63.355,63.36,2592.0,SE
2023-02-22 12:31:00,63.355,63.475,63.33,63.44,10325.0,SE
2023-02-22 12:30:00,63.3593,63.3593,63.355,63.355,684.0,SE
2023-02-22 12:29:00,63.345,63.35,63.31,63.35,1067.0,SE
2023-02-22 12:28:00,63.38,63.38,63.355,63.355,715.0,SE
2023-02-22 12:27:00,63.39,63.405,63.34,63.35,1340.0,SE
2023-02-22 12:26:00,63.465,63.465,63.37,63.37,1592.0,SE
2023-02-22 12:25:00,63.38,63.44,63.38,63.39,2853.0,SE
2023-02-22 12:23:00,63.38,63.38,63.36,63.36,690.0,SE
2023-02-22 12:22:00,63.38,63.42,63.38,63.3823,2192.0,SE
2023-02-22 12:21:00,63.36,63.3899,63.35,63.38,3330.0,SE
2023-02-22 12:20:00,63.34,63.37,63.33,63.34,3689.0,SE
2023-02-22 12:19:00,63.28,63.365,63.27,63.365,4385.0,SE
2023-02-22 12:18:00,63.35,63.35,63.31,63.31,2182.0,SE
2023-02-22 12:17:00,63.24,63.34,63.24,63.33,3565.0,SE
2023-02-22 12:16:00,63.22,63.24,63.18,63.2,3201.0,SE
2023-02-22 12:15:00,63.235,63.235,63.19,63.21,907.0,SE
2023-02-22 12:14:00,63.28,63.28,63.23,63.23,2446.0,SE
2023-02-22 12:13:00,63.27,63.27,63.255,63.255,781.0,SE
2023-02-22 12:12:00,63.285,63.3,63.25,63.27,2064.0,SE
2023-02-22 12:11:00,63.26,63.31,63.26,63.31,319.0,SE
2023-02-22 12:10:00,63.325,63.325,63.26,63.27,2859.0,SE
2023-02-22 12:09:00,63.32,63.32,63.32,63.32,505.0,SE
2023-02-22 12:08:00,63.28,63.29,63.26,63.275,2146.0,SE
2023-02-22 12:07:00,63.32,63.32,63.28,63.28,1229.0,SE
2023-02-22 12:06:00,63.26,63.36,63.26,63.36,4379.0,SE
2023-02-22 12:05:00,63.21,63.23,63.2,63.22,1568.0,SE
2023-02-22 12:04:00,63.16,63.19,63.13,63.19,2508.0,SE
2023-02-22 12:03:00,63.2,63.245,63.17,63.18,1534.0,SE
2023-02-22 12:02:00,63.2087,63.22,63.2087,63.22,1149.0,SE
2023-02-22 12:01:00,63.27,63.27,63.2,63.2246,2128.0,SE
2023-02-22 12:00:00,63.29,63.31,63.27,63.27,4508.0,SE
2023-02-22 11:59:00,63.155,63.25,63.155,63.25,1584.0,SE
2023-02-22 11:58:00,63.2,63.23,63.18,63.18,1230.0,SE
2023-02-22 11:57:00,63.25,63.28,63.2,63.2,2921.0,SE
2023-02-22 11:56:00,63.21,63.24,63.21,63.23,1275.0,SE
2023-02-22 11:55:00,63.22,63.22,63.18,63.18,779.0,SE
2023-02-22 11:54:00,63.25,63.25,63.2101,63.2101,1154.0,SE
2023-02-22 11:53:00,63.27,63.2909,63.24,63.26,1625.0,SE
2023-02-22 11:52:00,63.18,63.27,63.17,63.27,3145.0,SE
2023-02-22 11:51:00,63.17,63.18,63.16,63.16,1055.0,SE
2023-02-22 11:50:00,63.17,63.17,63.13,63.17,2915.0,SE
2023-02-22 11:49:00,63.3236,63.3236,63.19,63.19,2862.0,SE
2023-02-22 11:48:00,63.3,63.3,63.27,63.27,936.0,SE
2023-02-22 11:47:00,63.33,63.33,63.29,63.33,1128.0,SE
2023-02-22 11:46:00,63.34,63.34,63.3,63.34,1505.0,SE
2023-02-22 11:45:00,63.26,63.36,63.26,63.34,2652.0,SE
2023-02-22 11:44:00,63.25,63.28,63.235,63.28,1270.0,SE
2023-02-22 11:43:00,63.27,63.27,63.26,63.26,697.0,SE
2023-02-22 11:42:00,63.3125,63.36,63.3125,63.35,2237.0,SE
2023-02-22 11:41:00,63.305,63.31,63.27,63.31,1824.0,SE
2023-02-22 11:40:00,63.31,63.31,63.26,63.26,3104.0,SE
2023-02-22 11:39:00,63.35,63.35,63.31,63.34,3862.0,SE
2023-02-22 11:38:00,63.35,63.375,63.35,63.36,2573.0,SE
2023-02-22 11:37:00,63.25,63.34,63.25,63.33,1209.0,SE
2023-02-22 11:36:00,63.22,63.29,63.19,63.25,8396.0,SE
2023-02-22 11:35:00,63.1842,63.21,63.16,63.21,3998.0,SE
2023-02-22 11:34:00,63.17,63.215,63.17,63.21,2284.0,SE
2023-02-22 11:33:00,63.26,63.29,63.17,63.17,4726.0,SE
2023-02-22 11:32:00,63.17,63.265,63.17,63.25,3760.0,SE
2023-02-22 11:31:00,63.18,63.2,63.14,63.14,1398.0,SE
2023-02-22 11:30:00,63.195,63.195,63.16,63.16,746.0,SE
2023-02-22 11:29:00,63.24,63.27,63.17,63.17,2789.0,SE
2023-02-22 11:28:00,63.1399,63.23,63.06,63.23,2853.0,SE
2023-02-22 11:27:00,63.2,63.2,63.09,63.09,1880.0,SE
2023-02-22 11:26:00,63.23,63.24,63.205,63.21,2138.0,SE
2023-02-22 11:25:00,63.245,63.28,63.21,63.255,1579.0,SE
2023-02-22 11:24:00,63.22,63.36,63.22,63.245,5970.0,SE
2023-02-22 11:23:00,63.1,63.22,63.1,63.2107,4149.0,SE
2023-02-22 11:22:00,63.165,63.165,63.055,63.0618,3938.0,SE
2023-02-22 11:21:00,63.08,63.19,63.08,63.16,1931.0,SE
2023-02-22 11:20:00,62.95,63.0799,62.95,63.0654,3408.0,SE
2023-02-22 11:19:00,63.015,63.03,62.95,62.99,32442.0,SE
2023-02-22 11:18:00,63.0425,63.0425,62.99,62.99,2008.0,SE
2023-02-22 11:17:00,63.09,63.1,63.04,63.08,5336.0,SE
2023-02-22 11:16:00,63.035,63.115,63.03,63.105,5420.0,SE
2023-02-22 11:15:00,63.2,63.2,63.02,63.04,26496.0,SE
2023-02-22 11:14:00,63.2,63.26,63.18,63.23,2933.0,SE
2023-02-22 11:13:00,63.28,63.28,63.18,63.18,3300.0,SE
2023-02-22 11:12:00,63.33,63.38,63.28,63.28,8060.0,SE
2023-02-22 11:11:00,63.38,63.42,63.3125,63.39,2201.0,SE
2023-02-22 11:10:00,63.25,63.39,63.21,63.36,3732.0,SE
2023-02-22 11:09:00,63.235,63.33,63.235,63.29,3392.0,SE
2023-02-22 11:08:00,63.13,63.335,63.105,63.245,6858.0,SE
2023-02-22 11:07:00,63.125,63.15,63.08,63.1025,6592.0,SE
2023-02-22 11:06:00,63.23,63.2405,63.12,63.125,2756.0,SE
2023-02-22 11:05:00,63.31,63.32,63.19,63.2,3402.0,SE
2023-02-22 11:04:00,63.28,63.35,63.26,63.305,4277.0,SE
2023-02-22 11:03:00,63.14,63.2899,63.14,63.27,5154.0,SE
2023-02-22 11:02:00,63.14,63.2,63.125,63.125,1682.0,SE
2023-02-22 11:01:00,63.03,63.105,63.02,63.1,3449.0,SE
2023-02-22 11:00:00,63.015,63.06,63.01,63.01,3446.0,SE
2023-02-22 10:59:00,62.94,63.005,62.88,63.005,5411.0,SE
2023-02-22 10:58:00,63.045,63.0899,62.98,62.99,4637.0,SE
2023-02-22 10:57:00,62.88,63.04,62.88,63.035,2178.0,SE
2023-02-22 10:56:00,62.85,62.85,62.81,62.81,1189.0,SE
2023-02-22 10:55:00,62.76,62.9,62.76,62.84,3704.0,SE
2023-02-22 10:54:00,62.76,62.81,62.76,62.79,5186.0,SE
2023-02-22 10:53:00,62.725,62.75,62.725,62.74,1800.0,SE
2023-02-22 10:52:00,62.72,62.73,62.695,62.73,1196.0,SE
2023-02-22 10:51:00,62.81,62.87,62.7302,62.76,4855.0,SE
2023-02-22 10:50:00,62.76,62.85,62.76,62.81,4434.0,SE
2023-02-22 10:49:00,62.64,62.78,62.62,62.78,3777.0,SE
2023-02-22 10:48:00,62.72,62.75,62.53,62.625,12138.0,SE
2023-02-22 10:47:00,62.675,62.76,62.67,62.685,23309.0,SE
2023-02-22 10:46:00,62.51,62.66,62.51,62.66,12174.0,SE
2023-02-22 10:45:00,62.48,62.51,62.45,62.5,1783.0,SE
2023-02-22 10:44:00,62.45,62.53,62.43,62.43,2594.0,SE
2023-02-22 10:43:00,62.47,62.47,62.31,62.44,3720.0,SE
2023-02-22 10:42:00,62.48,62.51,62.4237,62.47,3802.0,SE
2023-02-22 10:41:00,62.24,62.47,62.24,62.43,7078.0,SE
2023-02-22 10:40:00,62.27,62.3,62.185,62.205,15836.0,SE
2023-02-22 10:39:00,62.03,62.27,62.0,62.27,15060.0,SE
2023-02-22 10:38:00,62.12,62.12,62.03,62.0899,1781.0,SE
2023-02-22 10:37:00,62.19,62.24,62.1328,62.1328,4312.0,SE
2023-02-22 10:36:00,62.08,62.14,62.065,62.14,5089.0,SE
2023-02-22 10:35:00,61.96,62.095,61.95,62.095,8451.0,SE
2023-02-22 10:34:00,61.9,61.97,61.9,61.96,6958.0,SE
2023-02-22 10:33:00,61.95,61.98,61.83,61.9,3901.0,SE
2023-02-22 10:32:00,62.01,62.01,61.95,61.95,5808.0,SE
2023-02-22 10:31:00,62.0,62.17,61.98,62.0675,16478.0,SE
2023-02-22 10:30:00,62.05,62.075,61.96,62.0,31704.0,SE
2023-02-22 10:29:00,62.2283,62.23,62.11,62.11,3220.0,SE
2023-02-22 10:28:00,62.19,62.27,62.18,62.2599,2381.0,SE
2023-02-22 10:27:00,62.33,62.34,62.215,62.26,3196.0,SE
2023-02-22 10:26:00,62.22,62.33,62.2,62.33,6944.0,SE
2023-02-22 10:25:00,62.17,62.295,62.165,62.2387,4587.0,SE
2023-02-22 10:24:00,62.07,62.17,62.07,62.17,3008.0,SE
2023-02-22 10:23:00,62.02,62.17,61.93,62.17,32047.0,SE
2023-02-22 10:22:00,62.0,62.08,62.0,62.05,3103.0,SE
2023-02-22 10:21:00,62.09,62.14,62.02,62.02,2269.0,SE
2023-02-22 10:20:00,62.054,62.054,61.95,62.03,8898.0,SE
2023-02-22 10:19:00,62.14,62.14,62.03,62.03,4520.0,SE
2023-02-22 10:18:00,62.07,62.19,62.07,62.07,2209.0,SE
2023-02-22 10:17:00,62.08,62.08,61.92,62.07,5488.0,SE
2023-02-22 10:16:00,62.3,62.3,62.11,62.1917,13042.0,SE
2023-02-22 10:15:00,62.13,62.255,62.13,62.25,3181.0,SE
2023-02-22 10:14:00,62.02,62.13,61.985,62.13,4487.0,SE
2023-02-22 10:13:00,61.81,62.0419,61.81,62.015,14121.0,SE
2023-02-22 10:12:00,61.87,61.91,61.8,61.815,6826.0,SE
2023-02-22 10:11:00,62.17,62.17,61.81,61.89,21657.0,SE
2023-02-22 10:10:00,62.29,62.29,62.2,62.2,1844.0,SE
2023-02-22 10:09:00,62.31,62.355,62.23,62.23,12441.0,SE
2023-02-22 10:08:00,62.33,62.44,62.24,62.27,13441.0,SE
2023-02-22 10:07:00,62.267,62.37,62.2,62.37,2321.0,SE
2023-02-22 10:06:00,62.03,62.2803,61.97,62.2803,36442.0,SE
2023-02-22 10:05:00,62.195,62.195,62.05,62.05,7189.0,SE
2023-02-22 10:04:00,62.3961,62.43,62.16,62.19,23926.0,SE
2023-02-22 10:03:00,62.73,62.73,62.37,62.37,17669.0,SE
2023-02-22 10:02:00,62.53,62.86,62.53,62.78,10950.0,SE
2023-02-22 10:01:00,62.71,62.71,62.55,62.575,14728.0,SE
2023-02-22 10:00:00,62.94,63.1,62.7,62.7171,97720.0,SE
2023-02-22 09:59:00,63.055,63.1,62.88,62.88,26310.0,SE
2023-02-22 09:58:00,63.03,63.11,62.93,63.11,6053.0,SE
2023-02-22 09:57:00,63.25,63.25,63.09,63.09,7981.0,SE
2023-02-22 09:56:00,63.22,63.25,63.19,63.24,18305.0,SE
2023-02-22 09:55:00,63.32,63.41,63.24,63.25,13152.0,SE
2023-02-22 09:54:00,63.45,63.45,63.37,63.37,2122.0,SE
2023-02-22 09:53:00,63.255,63.57,63.21,63.515,5874.0,SE
2023-02-22 09:52:00,63.08,63.39,63.055,63.29,24613.0,SE
2023-02-22 09:51:00,63.415,63.46,63.1607,63.1607,3940.0,SE
2023-02-22 09:50:00,63.48,63.48,63.32,63.42,8802.0,SE
2023-02-22 09:49:00,63.52,63.58,63.47,63.53,2841.0,SE
2023-02-22 09:48:00,63.56,63.654,63.455,63.56,14133.0,SE
2023-02-22 09:47:00,63.56,63.58,63.46,63.535,9491.0,SE
2023-02-22 09:46:00,63.34,63.57,63.29,63.53,7029.0,SE
2023-02-22 09:45:00,63.26,63.37,63.15,63.36,12028.0,SE
2023-02-22 09:44:00,63.34,63.45,63.22,63.28,6622.0,SE
2023-02-22 09:43:00,63.37,63.595,63.18,63.4,12952.0,SE
2023-02-22 09:42:00,63.19,63.39,63.19,63.355,13655.0,SE
2023-02-22 09:41:00,63.17,63.31,63.165,63.26,6587.0,SE
2023-02-22 09:40:00,63.29,63.36,63.1,63.19,14751.0,SE
2023-02-22 09:39:00,63.01,63.38,62.98,63.275,7080.0,SE
2023-02-22 09:38:00,63.05,63.24,63.0,63.18,2795.0,SE
2023-02-22 09:37:00,62.98,63.24,62.98,63.05,13944.0,SE
2023-02-22 09:36:00,62.81,62.97,62.71,62.9208,19515.0,SE
2023-02-22 09:35:00,63.0,63.04,62.69,62.885,25845.0,SE
2023-02-22 09:34:00,62.895,63.12,62.895,63.065,14267.0,SE
2023-02-22 09:33:00,62.69,63.09,62.57,62.94,21359.0,SE
2023-02-22 09:32:00,62.69,63.0528,62.65,62.76,15414.0,SE
2023-02-22 09:31:00,63.22,63.515,62.5,62.66,91543.0,SE
2023-02-22 09:30:00,63.2,63.2,63.2,63.2,200.0,SE
2023-02-22 09:28:00,63.01,63.01,63.01,63.01,100.0,SE
2023-02-22 09:21:00,63.06,63.06,63.0,63.02,956.0,SE
2023-02-22 09:16:00,63.05,63.05,63.05,63.05,192.0,SE
2023-02-22 08:10:00,63.3,63.37,63.29,63.37,1100.0,SE
2023-02-22 08:04:00,63.23,63.23,63.23,63.23,131.0,SE
2023-02-22 08:01:00,63.78,63.78,63.4,63.4,639.0,SE
2023-02-22 08:00:00,63.4,63.4,63.4,63.4,350.0,SE
2023-02-22 07:09:00,63.0,63.0,63.0,63.0,302.0,SE
2023-02-22 07:08:00,63.0,63.0,63.0,63.0,461.0,SE
2023-02-22 07:07:00,62.8,62.8,62.8,62.8,326.0,SE
2023-02-22 07:03:00,62.79,62.79,62.79,62.79,400.0,SE
2023-02-22 07:02:00,62.75,62.75,62.75,62.75,100.0,SE
2023-02-22 07:01:00,62.7,62.7,62.7,62.7,207.0,SE
2023-02-22 07:00:00,62.7,62.7,62.7,62.7,110.0,SE
2023-02-22 06:11:00,62.7,62.7,62.7,62.7,150.0,SE
2023-02-22 06:06:00,62.7,62.7,62.7,62.7,360.0,SE
2023-02-22 05:49:00,62.39,62.7,62.38,62.7,2725.0,SE
2023-02-22 05:48:00,62.38,62.38,62.38,62.38,120.0,SE
2023-02-22 04:58:00,62.2,62.2,62.2,62.2,459.0,SE
2023-02-22 04:55:00,62.2,62.2,62.2,62.2,300.0,SE
2023-02-22 04:52:00,62.2,62.2,62.2,62.2,250.0,SE
2023-02-22 04:51:00,62.19,62.19,62.19,62.19,300.0,SE
2023-02-22 04:44:00,62.08,62.08,62.07,62.07,1100.0,SE
2023-02-22 04:38:00,62.1,62.1,62.08,62.08,629.0,SE
2023-02-22 04:19:00,62.1,62.1,62.1,62.1,978.0,SE
2023-02-22 04:15:00,62.09,62.09,62.08,62.08,1000.0,SE
2023-02-22 04:14:00,62.28,62.28,62.28,62.28,150.0,SE
2023-02-22 04:13:00,62.28,62.28,62.28,62.28,150.0,SE
2023-02-22 04:10:00,62.33,62.35,62.33,62.35,500.0,SE
2023-02-22 04:09:00,62.3,62.3,62.3,62.3,500.0,SE
2023-02-22 04:06:00,62.0,62.0,62.0,62.0,449.0,SE
2023-02-22 04:05:00,62.0,62.0,62.0,62.0,101.0,SE
2023-02-22 04:03:00,62.11,62.11,62.0,62.0,1269.0,SE
2023-02-22 04:02:00,62.59,62.6,62.59,62.6,317.0,SE
2023-02-21 19:27:00,62.77,62.77,62.77,62.77,430.0,SE
2023-02-21 19:15:00,62.75,62.75,62.75,62.75,280.0,SE
2023-02-21 18:08:00,62.9,62.9,62.9,62.9,250.0,SE
2023-02-21 17:54:00,62.9,62.9,62.9,62.9,531.0,SE
2023-02-21 16:09:00,62.4529,62.4529,62.4529,62.4529,1085.0,SE
2023-02-21 16:01:00,62.91,62.91,62.91,62.91,16625.0,SE
2023-02-21 16:00:00,62.91,63.0,62.82,62.97,232515.0,SE
2023-02-21 15:59:00,62.79,62.94,62.77,62.91,63431.0,SE
2023-02-21 15:58:00,62.795,62.795,62.76,62.78,23721.0,SE
2023-02-21 15:57:00,62.845,62.85,62.79,62.795,24390.0,SE
2023-02-21 15:56:00,62.87,62.87,62.78,62.845,16505.0,SE
2023-02-21 15:55:00,62.85,62.91,62.85,62.86,19556.0,SE
2023-02-21 15:54:00,62.905,62.905,62.845,62.845,14987.0,SE
2023-02-21 15:53:00,62.94,62.94,62.87,62.905,13291.0,SE
2023-02-21 15:52:00,62.98,63.0,62.94,62.945,19339.0,SE
2023-02-21 15:51:00,62.95,62.975,62.75,62.97,32333.0,SE
2023-02-21 15:50:00,62.985,62.985,62.93,62.955,9735.0,SE
2023-02-21 15:49:00,62.925,62.99,62.91,62.98,15318.0,SE
2023-02-21 15:48:00,62.99,63.0,62.925,62.93,16869.0,SE
2023-02-21 15:47:00,62.99,63.0,62.94,62.995,17169.0,SE
2023-02-21 15:46:00,62.94,63.005,62.94,62.99,22544.0,SE
2023-02-21 15:45:00,62.92,62.97,62.92,62.94,17325.0,SE
2023-02-21 15:44:00,62.965,62.97,62.88,62.92,14663.0,SE
2023-02-21 15:43:00,62.935,62.995,62.93,62.96,18443.0,SE
2023-02-21 15:42:00,63.0,63.0,62.875,62.94,25195.0,SE
2023-02-21 15:41:00,63.0,63.02,62.99,63.005,14653.0,SE
2023-02-21 15:40:00,63.0,63.08,62.995,63.0,10819.0,SE
2023-02-21 15:39:00,62.98,63.04,62.98,63.0,12931.0,SE
2023-02-21 15:38:00,63.005,63.04,62.98,62.99,16514.0,SE
2023-02-21 15:37:00,63.09,63.09,63.0,63.01,14089.0,SE
2023-02-21 15:36:00,63.06,63.11,63.02,63.1,13310.0,SE
2023-02-21 15:35:00,63.05,63.085,62.995,63.065,11978.0,SE
2023-02-21 15:34:00,63.05,63.08,63.03,63.05,9528.0,SE
2023-02-21 15:33:00,63.09,63.09,62.97,63.05,9495.0,SE
2023-02-21 15:32:00,63.08,63.08,63.03,63.08,10253.0,SE
2023-02-21 15:31:00,62.93,63.09,62.91,63.075,20584.0,SE
2023-02-21 15:30:00,62.99,62.99,62.92,62.93,15475.0,SE
2023-02-21 15:29:00,63.01,63.025,62.99,63.0,8447.0,SE
2023-02-21 15:28:00,63.015,63.015,62.97,62.98,8361.0,SE
2023-02-21 15:27:00,63.08,63.1,63.01,63.015,7220.0,SE
2023-02-21 15:26:00,63.15,63.17,63.08,63.1,7990.0,SE
2023-02-21 15:25:00,63.17,63.17,63.14,63.15,8414.0,SE
2023-02-21 15:24:00,63.14,63.17,63.13,63.17,6010.0,SE
2023-02-21 15:23:00,63.08,63.14,63.07,63.14,8483.0,SE
2023-02-21 15:22:00,63.04,63.065,63.01,63.06,9629.0,SE
2023-02-21 15:21:00,63.13,63.13,63.04,63.04,7838.0,SE
2023-02-21 15:20:00,63.135,63.16,63.12,63.14,8546.0,SE
2023-02-21 15:19:00,63.14,63.15,63.12,63.14,7208.0,SE
2023-02-21 15:18:00,63.11,63.15,63.11,63.15,8058.0,SE
2023-02-21 15:17:00,63.1,63.1,63.05,63.0974,4406.0,SE
2023-02-21 15:16:00,63.035,63.12,63.02,63.12,5401.0,SE
2023-02-21 15:15:00,63.1,63.14,63.06,63.06,5588.0,SE
2023-02-21 15:14:00,63.06,63.13,63.05,63.105,5072.0,SE
2023-02-21 15:13:00,63.0301,63.12,63.02,63.06,11831.0,SE
2023-02-21 15:12:00,63.09,63.09,63.0,63.04,4743.0,SE
2023-02-21 15:11:00,63.09,63.13,63.05,63.09,7575.0,SE
2023-02-21 15:10:00,63.16,63.16,63.05,63.09,8971.0,SE
2023-02-21 15:09:00,63.19,63.22,63.15,63.17,13733.0,SE
2023-02-21 15:08:00,63.2,63.2,63.16,63.17,27989.0,SE
2023-02-21 15:07:00,63.23,63.24,63.17,63.19,27061.0,SE
2023-02-21 15:06:00,63.24,63.27,63.22,63.23,5325.0,SE
2023-02-21 15:05:00,62.985,63.25,62.985,63.225,30398.0,SE
2023-02-21 15:04:00,62.98,63.01,62.98,62.985,4006.0,SE
2023-02-21 15:03:00,62.88,62.96,62.88,62.96,6963.0,SE
2023-02-21 15:02:00,62.98,63.0,62.87,62.87,8715.0,SE
2023-02-21 15:01:00,62.89,62.98,62.89,62.98,9660.0,SE
2023-02-21 15:00:00,62.88,62.9,62.87,62.88,4321.0,SE
2023-02-21 14:59:00,62.75,62.88,62.75,62.88,4266.0,SE
2023-02-21 14:58:00,62.75,62.8,62.71,62.72,5680.0,SE
2023-02-21 14:57:00,62.795,62.795,62.74,62.78,8024.0,SE
2023-02-21 14:56:00,62.73,62.83,62.71,62.83,8985.0,SE
2023-02-21 14:55:00,62.78,62.78,62.66,62.73,11493.0,SE
2023-02-21 14:54:00,62.78,62.79,62.78,62.79,1112.0,SE
2023-02-21 14:53:00,62.7956,62.81,62.775,62.785,3450.0,SE
2023-02-21 14:52:00,62.79,62.81,62.78,62.79,5258.0,SE
2023-02-21 14:51:00,62.875,62.875,62.75,62.81,12235.0,SE
2023-02-21 14:50:00,62.86,62.9,62.86,62.875,5478.0,SE
2023-02-21 14:49:00,62.88,62.88,62.84,62.845,5299.0,SE
2023-02-21 14:48:00,62.94,62.98,62.89,62.89,3862.0,SE
2023-02-21 14:47:00,62.93,62.96,62.92,62.92,2222.0,SE
2023-02-21 14:46:00,62.91,62.94,62.91,62.93,2399.0,SE
2023-02-21 14:45:00,62.87,62.97,62.87,62.97,2589.0,SE
2023-02-21 14:44:00,62.85,62.92,62.85,62.86,4191.0,SE
2023-02-21 14:43:00,62.86,62.87,62.77,62.86,8969.0,SE
2023-02-21 14:42:00,62.9,62.91,62.86,62.885,4084.0,SE
2023-02-21 14:41:00,62.93,62.955,62.91,62.91,3043.0,SE
2023-02-21 14:40:00,62.97,62.97,62.915,62.94,4946.0,SE
2023-02-21 14:39:00,63.005,63.01,62.97,62.98,2866.0,SE
2023-02-21 14:38:00,62.9,63.0,62.89,62.99,5199.0,SE
2023-02-21 14:37:00,63.02,63.02,62.905,62.905,4614.0,SE
2023-02-21 14:36:00,63.07,63.09,63.02,63.02,5493.0,SE
2023-02-21 14:35:00,63.06,63.11,63.03,63.05,9230.0,SE
2023-02-21 14:34:00,63.1,63.1,63.065,63.0761,6131.0,SE
2023-02-21 14:33:00,63.0,63.09,63.0,63.09,3851.0,SE
2023-02-21 14:32:00,62.945,62.98,62.88,62.98,8166.0,SE
2023-02-21 14:31:00,62.95,63.02,62.95,62.96,2761.0,SE
2023-02-21 14:30:00,62.95,63.01,62.92,62.98,6398.0,SE
2023-02-21 14:29:00,63.0,63.0,62.96,62.98,4278.0,SE
2023-02-21 14:28:00,62.93,63.0,62.93,62.99,5421.0,SE
2023-02-21 14:27:00,62.845,62.93,62.77,62.9203,18185.0,SE
2023-02-21 14:26:00,62.93,62.95,62.81,62.83,37800.0,SE
2023-02-21 14:25:00,62.9,62.96,62.895,62.94,5450.0,SE
2023-02-21 14:24:00,62.95,62.95,62.89,62.9,5586.0,SE
2023-02-21 14:23:00,62.92,62.95,62.9,62.95,4556.0,SE
2023-02-21 14:22:00,62.91,62.95,62.91,62.92,4798.0,SE
2023-02-21 14:21:00,62.88,62.96,62.88,62.9,4943.0,SE
2023-02-21 14:20:00,62.91,62.91,62.8,62.9,8318.0,SE
2023-02-21 14:19:00,62.96,62.96,62.89,62.91,3393.0,SE
2023-02-21 14:18:00,63.03,63.03,62.95,62.95,4249.0,SE
2023-02-21 14:17:00,63.0,63.03,62.975,63.03,10887.0,SE
2023-02-21 14:16:00,63.045,63.045,62.97,63.01,5203.0,SE
2023-02-21 14:15:00,63.01,63.1,63.0,63.07,4529.0,SE
2023-02-21 14:14:00,63.02,63.05,62.935,63.0,10818.0,SE
2023-02-21 14:13:00,62.95,63.1,62.94,63.0287,23386.0,SE
2023-02-21 14:12:00,62.79,62.94,62.79,62.94,31237.0,SE
2023-02-21 14:11:00,62.725,62.79,62.71,62.79,9098.0,SE
2023-02-21 14:10:00,62.74,62.74,62.7,62.7201,6852.0,SE
2023-02-21 14:09:00,62.75,62.75,62.735,62.74,2860.0,SE
2023-02-21 14:08:00,62.73,62.8,62.72,62.76,5802.0,SE
2023-02-21 14:07:00,62.72,62.75,62.7,62.73,7530.0,SE
2023-02-21 14:06:00,62.74,62.74,62.66,62.72,7176.0,SE
2023-02-21 14:05:00,62.81,62.82,62.74,62.76,17481.0,SE
2023-02-21 14:04:00,62.97,62.97,62.79,62.81,14403.0,SE
2023-02-21 14:03:00,62.915,62.98,62.9,62.95,15188.0,SE
2023-02-21 14:02:00,62.905,62.94,62.9,62.93,7869.0,SE
2023-02-21 14:01:00,62.89,62.895,62.82,62.89,7214.0,SE
2023-02-21 14:00:00,62.93,62.93,62.9,62.92,2376.0,SE
2023-02-21 13:59:00,62.955,62.955,62.91,62.91,1264.0,SE
2023-02-21 13:58:00,63.0,63.0,62.945,62.96,3096.0,SE
2023-02-21 13:57:00,63.02,63.02,63.005,63.005,1693.0,SE
2023-02-21 13:56:00,62.99,63.03,62.99,63.02,3129.0,SE
2023-02-21 13:55:00,62.98,63.04,62.96,62.99,11688.0,SE
2023-02-21 13:54:00,62.97,62.985,62.92,62.985,4453.0,SE
2023-02-21 13:53:00,63.07,63.09,62.98,63.0,4953.0,SE
2023-02-21 13:52:00,63.015,63.065,63.015,63.065,3094.0,SE
2023-02-21 13:51:00,63.0,63.05,63.0,63.02,3358.0,SE
2023-02-21 13:50:00,63.02,63.02,62.96,63.0,3851.0,SE
2023-02-21 13:49:00,62.98,63.01,62.98,63.005,6558.0,SE
2023-02-21 13:48:00,62.99,63.025,62.96,62.96,9964.0,SE
2023-02-21 13:47:00,62.94,62.9899,62.925,62.97,3540.0,SE
2023-02-21 13:46:00,62.93,62.93,62.885,62.92,3485.0,SE
2023-02-21 13:45:00,62.91,62.97,62.91,62.97,3171.0,SE
2023-02-21 13:44:00,62.97,62.99,62.9,62.91,12939.0,SE
2023-02-21 13:43:00,63.03,63.04,62.99,62.99,8740.0,SE
2023-02-21 13:42:00,63.02,63.04,63.015,63.015,2556.0,SE
2023-02-21 13:41:00,62.94,63.0,62.9,63.0,8470.0,SE
2023-02-21 13:40:00,62.99,62.99,62.94,62.94,2810.0,SE
2023-02-21 13:39:00,62.99,62.99,62.96,62.97,2881.0,SE
2023-02-21 13:38:00,63.03,63.03,62.98,63.0,2936.0,SE
2023-02-21 13:37:00,63.02,63.04,63.0,63.01,3690.0,SE
2023-02-21 13:36:00,63.02,63.11,63.02,63.03,5371.0,SE
2023-02-21 13:35:00,63.07,63.07,62.96,63.01,5213.0,SE
2023-02-21 13:34:00,63.0,63.05,62.9982,63.05,9241.0,SE
2023-02-21 13:33:00,62.985,63.01,62.93,62.98,9572.0,SE
2023-02-21 13:32:00,62.99,63.01,62.965,62.97,7814.0,SE
2023-02-21 13:31:00,62.95,63.07,62.93,63.02,4856.0,SE
2023-02-21 13:30:00,62.94,62.96,62.9,62.96,5026.0,SE
2023-02-21 13:29:00,62.94,62.94,62.9,62.9,1161.0,SE
2023-02-21 13:28:00,63.0,63.0,62.935,62.955,1360.0,SE
2023-02-21 13:27:00,63.01,63.01,62.99,62.99,1139.0,SE
2023-02-21 13:26:00,63.03,63.08,62.98,63.0,4022.0,SE
2023-02-21 13:25:00,63.06,63.075,63.01,63.01,2379.0,SE
2023-02-21 13:24:00,63.005,63.08,62.99,63.08,6304.0,SE
2023-02-21 13:23:00,62.98,63.05,62.98,63.02,2881.0,SE
2023-02-21 13:22:00,62.98,63.05,62.97,62.98,7935.0,SE
2023-02-21 13:21:00,62.95,62.985,62.945,62.96,3555.0,SE
2023-02-21 13:20:00,62.89,62.92,62.8867,62.92,3303.0,SE
2023-02-21 13:19:00,62.88,62.91,62.88,62.91,1717.0,SE
2023-02-21 13:18:00,62.99,62.99,62.91,62.91,3020.0,SE
2023-02-21 13:17:00,63.0,63.0,62.96,62.98,2334.0,SE
2023-02-21 13:16:00,62.98,62.99,62.94,62.99,2759.0,SE
2023-02-21 13:15:00,63.025,63.025,62.99,63.02,2441.0,SE
2023-02-21 13:14:00,62.985,63.01,62.96,63.01,3655.0,SE
2023-02-21 13:13:00,63.075,63.08,63.0,63.0,3728.0,SE
2023-02-21 13:12:00,63.1,63.1,63.07,63.075,1370.0,SE
2023-02-21 13:11:00,63.06,63.18,63.0589,63.115,7257.0,SE
2023-02-21 13:10:00,63.15,63.15,63.05,63.07,4671.0,SE
2023-02-21 13:09:00,63.12,63.15,63.12,63.14,1126.0,SE
2023-02-21 13:08:00,63.21,63.22,63.11,63.11,5270.0,SE
2023-02-21 13:07:00,63.15,63.18,63.1001,63.18,13733.0,SE
2023-02-21 13:06:00,63.2,63.2,63.11,63.125,3148.0,SE
2023-02-21 13:05:00,63.16,63.2,63.16,63.2,1390.0,SE
2023-02-21 13:04:00,63.1,63.18,63.1,63.145,2628.0,SE
2023-02-21 13:03:00,63.03,63.13,63.03,63.0478,7480.0,SE
2023-02-21 13:02:00,63.16,63.2,63.05,63.05,5952.0,SE
2023-02-21 13:01:00,63.095,63.19,63.095,63.17,8543.0,SE
2023-02-21 13:00:00,63.06,63.135,63.06,63.135,3579.0,SE
2023-02-21 12:59:00,62.895,63.02,62.895,63.02,2898.0,SE
2023-02-21 12:58:00,62.83,62.92,62.83,62.88,5494.0,SE
2023-02-21 12:57:00,62.82,62.83,62.8,62.815,2820.0,SE
2023-02-21 12:56:00,62.82,62.82,62.76,62.8,4783.0,SE
2023-02-21 12:55:00,62.82,62.875,62.81,62.83,4758.0,SE
2023-02-21 12:54:00,62.73,62.86,62.73,62.86,7510.0,SE
2023-02-21 12:53:00,62.72,62.76,62.71,62.745,9058.0,SE
2023-02-21 12:52:00,62.685,62.72,62.685,62.715,5027.0,SE
2023-02-21 12:51:00,62.68,62.69,62.65,62.69,6215.0,SE
2023-02-21 12:50:00,62.63,62.68,62.63,62.68,5736.0,SE
2023-02-21 12:49:00,62.605,62.66,62.605,62.64,3626.0,SE
2023-02-21 12:48:00,62.6,62.66,62.59,62.63,6262.0,SE
2023-02-21 12:47:00,62.66,62.67,62.6,62.61,5584.0,SE
2023-02-21 12:46:00,62.65,62.68,62.61,62.64,4985.0,SE
2023-02-21 12:45:00,62.7,62.71,62.58,62.63,8369.0,SE
2023-02-21 12:44:00,62.62,62.7,62.62,62.68,4168.0,SE
2023-02-21 12:43:00,62.6,62.62,62.59,62.62,5619.0,SE
2023-02-21 12:42:00,62.61,62.68,62.61,62.64,10632.0,SE
2023-02-21 12:41:00,62.58,62.605,62.56,62.6,8452.0,SE
2023-02-21 12:40:00,62.54,62.57,62.53,62.57,3090.0,SE
2023-02-21 12:39:00,62.53,62.56,62.485,62.555,5084.0,SE
2023-02-21 12:38:00,62.57,62.59,62.54,62.54,5097.0,SE
2023-02-21 12:37:00,62.58,62.58,62.545,62.56,3543.0,SE
2023-02-21 12:36:00,62.65,62.65,62.6,62.61,2927.0,SE
2023-02-21 12:35:00,62.63,62.72,62.6157,62.64,8418.0,SE
2023-02-21 12:34:00,62.65,62.65,62.6,62.605,2741.0,SE
2023-02-21 12:33:00,62.58,62.67,62.58,62.67,5479.0,SE
2023-02-21 12:32:00,62.61,62.69,62.56,62.56,10113.0,SE
2023-02-21 12:31:00,62.61,62.635,62.6,62.635,3080.0,SE
2023-02-21 12:30:00,62.56,62.64,62.54,62.61,3014.0,SE
2023-02-21 12:29:00,62.52,62.535,62.5,62.535,1196.0,SE
2023-02-21 12:28:00,62.45,62.55,62.45,62.52,11803.0,SE
2023-02-21 12:27:00,62.57,62.57,62.46,62.46,20617.0,SE
2023-02-21 12:26:00,62.61,62.63,62.555,62.5674,5216.0,SE
2023-02-21 12:25:00,62.79,62.85,62.61,62.61,22725.0,SE
2023-02-21 12:24:00,62.72,62.77,62.72,62.77,2654.0,SE
2023-02-21 12:23:00,62.61,62.71,62.61,62.71,7099.0,SE
2023-02-21 12:22:00,62.605,62.605,62.585,62.595,2359.0,SE
2023-02-21 12:21:00,62.6,62.61,62.595,62.61,4952.0,SE
2023-02-21 12:20:00,62.59,62.61,62.57,62.61,5925.0,SE
2023-02-21 12:19:00,62.505,62.59,62.505,62.59,8303.0,SE
2023-02-21 12:18:00,62.505,62.505,62.49,62.505,1042.0,SE
2023-02-21 12:17:00,62.52,62.53,62.505,62.51,2569.0,SE
2023-02-21 12:16:00,62.53,62.53,62.47,62.51,35913.0,SE
2023-02-21 12:15:00,62.565,62.59,62.53,62.53,3198.0,SE
2023-02-21 12:14:00,62.52,62.6,62.52,62.595,5072.0,SE
2023-02-21 12:13:00,62.59,62.605,62.525,62.53,9874.0,SE
2023-02-21 12:12:00,62.615,62.615,62.545,62.585,5951.0,SE
2023-02-21 12:11:00,62.5918,62.63,62.5918,62.63,1267.0,SE
2023-02-21 12:10:00,62.58,62.62,62.57,62.61,4856.0,SE
2023-02-21 12:09:00,62.57,62.58,62.53,62.58,3470.0,SE
2023-02-21 12:08:00,62.54,62.67,62.54,62.58,7816.0,SE
2023-02-21 12:07:00,62.63,62.64,62.51,62.51,7331.0,SE
2023-02-21 12:06:00,62.57,62.67,62.57,62.65,3191.0,SE
2023-02-21 12:05:00,62.46,62.56,62.435,62.56,6191.0,SE
2023-02-21 12:04:00,62.5314,62.55,62.48,62.53,2706.0,SE
2023-02-21 12:03:00,62.555,62.5605,62.47,62.55,24825.0,SE
2023-02-21 12:02:00,62.535,62.57,62.53,62.57,7271.0,SE
2023-02-21 12:01:00,62.56,62.56,62.45,62.52,15480.0,SE
2023-02-21 12:00:00,62.46,62.57,62.46,62.56,11150.0,SE
2023-02-21 11:59:00,62.51,62.5166,62.46,62.49,11532.0,SE
2023-02-21 11:58:00,62.56,62.62,62.52,62.52,6942.0,SE
2023-02-21 11:57:00,62.58,62.58,62.52,62.55,16531.0,SE
2023-02-21 11:56:00,62.655,62.655,62.56,62.59,6676.0,SE
2023-02-21 11:55:00,62.68,62.68,62.59,62.655,10711.0,SE
2023-02-21 11:54:00,62.685,62.69,62.62,62.68,5746.0,SE
2023-02-21 11:53:00,62.645,62.705,62.64,62.7,10669.0,SE
2023-02-21 11:52:00,62.79,62.8,62.62,62.645,7588.0,SE
2023-02-21 11:51:00,62.815,62.89,62.7671,62.8,9827.0,SE
2023-02-21 11:50:00,62.845,62.86,62.77,62.82,16159.0,SE
2023-02-21 11:49:00,62.8699,62.8699,62.82,62.85,4288.0,SE
2023-02-21 11:48:00,62.69,62.89,62.69,62.88,13529.0,SE
2023-02-21 11:47:00,62.6499,62.675,62.61,62.675,5362.0,SE
2023-02-21 11:46:00,62.63,62.66,62.63,62.64,10948.0,SE
2023-02-21 11:45:00,62.605,62.65,62.55,62.65,7143.0,SE
2023-02-21 11:44:00,62.6,62.6121,62.56,62.605,5437.0,SE
2023-02-21 11:43:00,62.59,62.67,62.59,62.61,4136.0,SE
2023-02-21 11:42:00,62.59,62.6,62.545,62.59,3066.0,SE
2023-02-21 11:41:00,62.54,62.58,62.47,62.57,14131.0,SE
2023-02-21 11:40:00,62.53,62.585,62.53,62.55,7207.0,SE
2023-02-21 11:39:00,62.585,62.585,62.44,62.55,19090.0,SE
2023-02-21 11:38:00,62.635,62.64,62.6,62.6,7627.0,SE
2023-02-21 11:37:00,62.645,62.66,62.62,62.635,5660.0,SE
2023-02-21 11:36:00,62.61,62.67,62.59,62.67,8490.0,SE
2023-02-21 11:35:00,62.63,62.63,62.56,62.59,14638.0,SE
2023-02-21 11:34:00,62.635,62.65,62.56,62.65,5972.0,SE
2023-02-21 11:33:00,62.55,62.65,62.53,62.62,10234.0,SE
2023-02-21 11:32:00,62.71,62.71,62.54,62.57,9492.0,SE
2023-02-21 11:31:00,62.71,62.73,62.68,62.73,3192.0,SE
2023-02-21 11:30:00,62.66,62.75,62.62,62.745,16983.0,SE
2023-02-21 11:29:00,62.65,62.7,62.62,62.66,15414.0,SE
2023-02-21 11:28:00,62.58,62.68,62.56,62.66,9735.0,SE
2023-02-21 11:27:00,62.711,62.72,62.54,62.6,20441.0,SE
2023-02-21 11:26:00,62.79,62.81,62.71,62.77,7970.0,SE
2023-02-21 11:25:00,62.69,62.75,62.6503,62.75,10914.0,SE
2023-02-21 11:24:00,62.86,62.9,62.7,62.7,11440.0,SE
2023-02-21 11:23:00,62.85,62.85,62.77,62.83,12312.0,SE
2023-02-21 11:22:00,62.87,62.87,62.8,62.845,3864.0,SE
2023-02-21 11:21:00,62.69,62.84,62.68,62.84,8546.0,SE
2023-02-21 11:20:00,62.63,62.69,62.6,62.63,11755.0,SE
2023-02-21 11:19:00,62.75,62.75,62.6,62.605,8410.0,SE
2023-02-21 11:18:00,62.78,62.82,62.72,62.795,9281.0,SE
2023-02-21 11:17:00,62.69,62.81,62.69,62.785,9038.0,SE
2023-02-21 11:16:00,62.91,62.93,62.63,62.65,23086.0,SE
2023-02-21 11:15:00,62.84,62.9,62.84,62.9,3421.0,SE
2023-02-21 11:14:00,62.95,62.95,62.84,62.87,9411.0,SE
2023-02-21 11:13:00,62.8,62.96,62.765,62.915,11039.0,SE
2023-02-21 11:12:00,62.71,62.8699,62.65,62.802,10146.0,SE
2023-02-21 11:11:00,62.735,62.755,62.69,62.71,3622.0,SE
2023-02-21 11:10:00,62.85,62.88,62.75,62.75,8176.0,SE
2023-02-21 11:09:00,62.79,62.87,62.79,62.85,3124.0,SE
2023-02-21 11:08:00,62.795,62.84,62.74,62.84,6797.0,SE
2023-02-21 11:07:00,62.85,62.85,62.77,62.8,17622.0,SE
2023-02-21 11:06:00,62.85,62.8899,62.8098,62.85,11531.0,SE
2023-02-21 11:05:00,62.79,62.88,62.76,62.88,6373.0,SE
2023-02-21 11:04:00,62.92,62.93,62.81,62.825,9116.0,SE
2023-02-21 11:03:00,62.998,62.998,62.92,62.9695,4123.0,SE
2023-02-21 11:02:00,62.945,63.09,62.91,62.99,10157.0,SE
2023-02-21 11:01:00,62.88,62.99,62.88,62.95,8578.0,SE
2023-02-21 11:00:00,62.845,62.87,62.8,62.86,5434.0,SE
2023-02-21 10:59:00,62.83,62.87,62.77,62.86,4893.0,SE
2023-02-21 10:58:00,62.865,62.9,62.805,62.81,4369.0,SE
2023-02-21 10:57:00,62.81,62.86,62.78,62.86,7087.0,SE
2023-02-21 10:56:00,62.73,62.82,62.73,62.775,9692.0,SE
2023-02-21 10:55:00,62.8,62.81,62.61,62.7175,9153.0,SE
2023-02-21 10:54:00,62.87,62.87,62.805,62.855,6188.0,SE
2023-02-21 10:53:00,63.0,63.0,62.92,62.92,2221.0,SE
2023-02-21 10:52:00,63.09,63.1368,63.015,63.05,11373.0,SE
2023-02-21 10:51:00,63.1,63.19,63.0782,63.1,6541.0,SE
2023-02-21 10:50:00,62.98,63.15,62.88,63.11,9199.0,SE
2023-02-21 10:49:00,63.085,63.085,62.93,62.93,7152.0,SE
2023-02-21 10:48:00,63.175,63.175,63.03,63.06,5286.0,SE
2023-02-21 10:47:00,63.32,63.325,63.19,63.19,5796.0,SE
2023-02-21 10:46:00,63.235,63.36,63.17,63.36,3358.0,SE
2023-02-21 10:45:00,63.28,63.3,63.17,63.23,12826.0,SE
2023-02-21 10:44:00,63.3687,63.395,63.28,63.28,4824.0,SE
2023-02-21 10:43:00,63.32,63.44,63.28,63.37,7179.0,SE
2023-02-21 10:42:00,63.13,63.36,63.13,63.36,6418.0,SE
2023-02-21 10:41:00,63.0,63.1,63.0,63.09,2095.0,SE
2023-02-21 10:40:00,62.9,62.99,62.89,62.99,21251.0,SE
2023-02-21 10:39:00,63.0,63.09,62.9,62.9,5684.0,SE
2023-02-21 10:38:00,63.2421,63.2794,63.055,63.055,12632.0,SE
2023-02-21 10:37:00,63.1,63.26,63.1,63.26,5508.0,SE
2023-02-21 10:36:00,62.98,63.11,62.93,63.11,8166.0,SE
2023-02-21 10:35:00,63.23,63.23,63.01,63.01,7368.0,SE
2023-02-21 10:34:00,63.01,63.25,62.95,63.25,5354.0,SE
2023-02-21 10:33:00,62.9075,63.105,62.9075,63.055,8556.0,SE
2023-02-21 10:32:00,63.11,63.11,62.91,62.91,6880.0,SE
2023-02-21 10:31:00,63.1,63.16,63.06,63.085,8899.0,SE
2023-02-21 10:30:00,63.06,63.12,63.03,63.1,5512.0,SE
2023-02-21 10:29:00,62.91,63.02,62.91,63.015,3890.0,SE
2023-02-21 10:28:00,63.2,63.2,62.85,62.89,41073.0,SE
2023-02-21 10:27:00,63.28,63.2999,63.19,63.26,11063.0,SE
2023-02-21 10:26:00,63.31,63.33,63.19,63.28,9107.0,SE
2023-02-21 10:25:00,63.6,63.6,63.35,63.35,7822.0,SE
2023-02-21 10:24:00,63.62,63.63,63.5133,63.555,5937.0,SE
2023-02-21 10:23:00,63.337,63.62,63.33,63.62,16143.0,SE
2023-02-21 10:22:00,63.24,63.4,63.23,63.4,10277.0,SE
2023-02-21 10:21:00,63.39,63.415,63.23,63.25,8729.0,SE
2023-02-21 10:20:00,63.4,63.46,63.4,63.41,6068.0,SE
2023-02-21 10:19:00,63.29,63.42,63.28,63.36,7935.0,SE
2023-02-21 10:18:00,63.32,63.34,63.2,63.245,6863.0,SE
2023-02-21 10:17:00,63.39,63.4787,63.28,63.315,9165.0,SE
2023-02-21 10:16:00,63.4,63.42,63.28,63.4,3510.0,SE
2023-02-21 10:15:00,63.14,63.37,63.09,63.37,16060.0,SE
2023-02-21 10:14:00,63.17,63.21,62.88,63.13,76280.0,SE
2023-02-21 10:13:00,63.48,63.48,63.166,63.17,13290.0,SE
2023-02-21 10:12:00,63.575,63.68,63.44,63.475,23277.0,SE
2023-02-21 10:11:00,63.66,63.71,63.49,63.586,24193.0,SE
2023-02-21 10:10:00,63.71,63.8,63.63,63.7,7196.0,SE
2023-02-21 10:09:00,63.65,63.78,63.59,63.73,5448.0,SE
2023-02-21 10:08:00,63.63,63.78,63.6,63.655,16150.0,SE
2023-02-21 10:07:00,63.41,63.69,63.41,63.67,9603.0,SE
2023-02-21 10:06:00,63.5,63.52,63.33,63.4,37195.0,SE
2023-02-21 10:05:00,63.415,63.55,63.37,63.535,15768.0,SE
2023-02-21 10:04:00,63.4,63.53,63.3701,63.42,15331.0,SE
2023-02-21 10:03:00,63.6,63.6,63.34,63.42,36074.0,SE
2023-02-21 10:02:00,63.75,63.86,63.615,63.615,13270.0,SE
2023-02-21 10:01:00,63.73,63.79,63.7,63.73,16716.0,SE
2023-02-21 10:00:00,63.8541,63.91,63.71,63.71,28911.0,SE
2023-02-21 09:59:00,64.08,64.08,63.84,63.84,37982.0,SE
2023-02-21 09:58:00,64.005,64.1,63.99,64.005,8544.0,SE
2023-02-21 09:57:00,63.79,64.02,63.7,64.01,14792.0,SE
2023-02-21 09:56:00,64.12,64.275,63.8,63.82,41280.0,SE
2023-02-21 09:55:00,64.25,64.25,64.11,64.15,13493.0,SE
2023-02-21 09:54:00,63.98,64.27,63.97,64.2,16844.0,SE
2023-02-21 09:53:00,63.73,64.0,63.72,63.98,14517.0,SE
2023-02-21 09:52:00,64.07,64.07,63.56,63.73,23169.0,SE
2023-02-21 09:51:00,64.24,64.24,63.99,64.08,26827.0,SE
2023-02-21 09:50:00,64.185,64.33,64.16,64.26,30632.0,SE
2023-02-21 09:49:00,64.35,64.55,64.2,64.23,20624.0,SE
2023-02-21 09:48:00,64.29,64.5,64.28,64.355,16876.0,SE
2023-02-21 09:47:00,64.64,64.73,64.33,64.37,19896.0,SE
2023-02-21 09:46:00,64.57,64.85,64.41,64.45,68819.0,SE
2023-02-21 09:45:00,64.62,64.645,64.51,64.575,16797.0,SE
2023-02-21 09:44:00,64.695,64.75,64.56,64.65,25568.0,SE
2023-02-21 09:43:00,64.35,64.67,64.24,64.6,15861.0,SE
2023-02-21 09:42:00,64.03,64.27,63.99,64.23,9941.0,SE
2023-02-21 09:41:00,64.23,64.3,63.96,64.025,47276.0,SE
2023-02-21 09:40:00,64.09,64.22,63.94,64.175,40006.0,SE
2023-02-21 09:39:00,63.71,64.08,63.7,64.08,44934.0,SE
2023-02-21 09:38:00,63.88,63.94,63.645,63.66,21524.0,SE
2023-02-21 09:37:00,63.75,63.9,63.67,63.8999,16390.0,SE
2023-02-21 09:36:00,63.43,63.69,63.36,63.68,11965.0,SE
2023-02-21 09:35:00,63.2,63.41,63.19,63.41,12748.0,SE
2023-02-21 09:34:00,63.22,63.47,63.11,63.17,52992.0,SE
2023-02-21 09:33:00,62.65,63.28,62.57,63.135,7767.0,SE
2023-02-21 09:32:00,62.7,62.88,62.62,62.65,15576.0,SE
2023-02-21 09:31:00,63.01,63.01,62.15,62.655,188388.0,SE
2023-02-21 09:30:00,63.1,63.1,63.0,63.02,1964.0,SE
2023-02-21 09:29:00,63.49,63.49,63.49,63.49,306.0,SE
2023-02-21 09:26:00,63.42,63.42,63.42,63.42,400.0,SE
2023-02-21 09:25:00,63.4,63.4,63.4,63.4,650.0,SE
2023-02-21 09:21:00,63.43,63.44,63.42,63.42,972.0,SE
2023-02-21 09:20:00,63.45,63.45,63.45,63.45,101.0,SE
2023-02-21 09:18:00,63.35,63.35,63.35,63.35,253.0,SE
2023-02-21 09:14:00,63.41,63.41,63.36,63.39,4635.0,SE
2023-02-21 09:13:00,63.49,63.5,63.49,63.5,590.0,SE
2023-02-21 09:12:00,63.5,63.5,63.5,63.5,500.0,SE
2023-02-21 09:09:00,63.5,63.5,63.5,63.5,150.0,SE
2023-02-21 09:04:00,63.2311,63.2311,63.2311,63.2311,148.0,SE
2023-02-21 09:02:00,63.55,63.55,63.5,63.5,579.0,SE
2023-02-21 08:59:00,63.7,63.7,63.7,63.7,473.0,SE
2023-02-21 08:52:00,63.55,63.55,63.55,63.55,1200.0,SE
2023-02-21 08:44:00,63.55,63.55,63.55,63.55,170.0,SE
2023-02-21 08:42:00,63.79,63.79,63.79,63.79,175.0,SE
2023-02-21 08:33:00,63.65,63.65,63.54,63.55,10700.0,SE
2023-02-21 08:31:00,63.65,63.65,63.65,63.65,1700.0,SE
2023-02-21 08:29:00,63.65,63.65,63.65,63.65,100.0,SE
2023-02-21 08:18:00,63.6,63.65,63.6,63.6,4577.0,SE
2023-02-21 08:17:00,63.72,63.72,63.6,63.65,2935.0,SE
2023-02-21 08:11:00,63.72,63.72,63.72,63.72,200.0,SE
2023-02-21 08:02:00,64.53,64.63,64.51,64.63,1470.0,SE
2023-02-21 08:01:00,64.1,64.1,64.1,64.1,257.0,SE
2023-02-21 07:30:00,63.61,63.61,63.6,63.6,375.0,SE
2023-02-21 07:24:00,63.55,63.55,63.55,63.55,200.0,SE
2023-02-21 07:22:00,64.0,64.0,63.95,63.95,600.0,SE
2023-02-21 07:17:00,64.0,64.0,64.0,64.0,842.0,SE
2023-02-21 07:16:00,64.02,64.02,64.02,64.02,330.0,SE
2023-02-21 07:09:00,64.09,64.09,64.09,64.09,200.0,SE
2023-02-21 07:01:00,63.87,65.25,63.66,65.03,12007.0,SE
2023-02-21 06:53:00,63.88,63.88,63.88,63.88,583.0,SE
2023-02-21 05:50:00,63.89,63.9,63.89,63.9,1000.0,SE
2023-02-21 04:22:00,63.38,63.38,63.33,63.33,745.0,SE
2023-02-21 04:17:00,63.92,63.92,63.92,63.92,100.0,SE
2023-02-21 04:06:00,63.5,63.5,63.5,63.5,219.0,SE
2023-02-21 04:04:00,63.77,63.77,63.77,63.77,285.0,SE
2023-02-21 04:03:00,63.8,63.8,63.8,63.8,463.0,SE
2023-02-21 04:01:00,64.8,64.8,64.8,64.8,761.0,SE
2023-02-17 19:24:00,65.21,65.21,65.21,65.21,200.0,SE
2023-02-17 17:24:00,64.92,64.92,64.92,64.92,229.0,SE
2023-02-17 16:55:00,65.05,65.05,65.05,65.05,500.0,SE
2023-02-17 16:01:00,65.01,65.01,65.01,65.01,26661.0,SE
2023-02-17 16:00:00,65.13,65.14,64.98,65.01,102080.0,SE
2023-02-17 15:59:00,65.12,65.17,65.11,65.13,98311.0,SE
2023-02-17 15:58:00,65.26,65.28,65.11,65.115,27881.0,SE
2023-02-17 15:57:00,65.21,65.3,65.2,65.26,43297.0,SE
2023-02-17 15:56:00,65.07,65.23,65.05,65.21,34034.0,SE
2023-02-17 15:55:00,65.165,65.165,65.04,65.05,23175.0,SE
2023-02-17 15:54:00,65.19,65.2,65.055,65.17,40280.0,SE
2023-02-17 15:53:00,65.21,65.26,65.19,65.19,23245.0,SE
2023-02-17 15:52:00,65.245,65.3,65.18,65.26,32501.0,SE
2023-02-17 15:51:00,65.27,65.32,65.2,65.24,27684.0,SE
2023-02-17 15:50:00,65.26,65.26,65.21,65.26,13863.0,SE
2023-02-17 15:49:00,65.23,65.315,65.23,65.27,20447.0,SE
2023-02-17 15:48:00,65.31,65.31,65.245,65.25,18202.0,SE
2023-02-17 15:47:00,65.35,65.37,65.29,65.31,27462.0,SE
2023-02-17 15:46:00,65.32,65.36,65.23,65.335,19086.0,SE
2023-02-17 15:45:00,65.24,65.38,65.24,65.32,15519.0,SE
2023-02-17 15:44:00,65.28,65.34,65.24,65.24,14848.0,SE
2023-02-17 15:43:00,65.21,65.26,65.16,65.26,16909.0,SE
2023-02-17 15:42:00,65.06,65.23,65.06,65.21,25915.0,SE
2023-02-17 15:41:00,65.03,65.07,65.01,65.05,17669.0,SE
2023-02-17 15:40:00,64.995,65.015,64.96,65.015,14586.0,SE
2023-02-17 15:39:00,65.015,65.025,64.975,64.995,8370.0,SE
2023-02-17 15:38:00,65.09,65.095,65.01,65.02,7705.0,SE
2023-02-17 15:37:00,65.12,65.16,65.1,65.1,11982.0,SE
2023-02-17 15:36:00,65.13,65.15,65.075,65.105,15932.0,SE
2023-02-17 15:35:00,65.025,65.12,65.025,65.11,18357.0,SE
2023-02-17 15:34:00,65.03,65.03,64.975,65.03,6398.0,SE
2023-02-17 15:33:00,65.045,65.09,65.0,65.015,12109.0,SE
2023-02-17 15:32:00,64.93,65.05,64.93,65.04,13910.0,SE
2023-02-17 15:31:00,64.92,64.95,64.89,64.93,82498.0,SE
2023-02-17 15:30:00,64.94,64.945,64.888,64.92,16172.0,SE
2023-02-17 15:29:00,64.995,65.07,64.945,64.945,40044.0,SE
2023-02-17 15:28:00,65.01,65.01,64.97,64.995,8661.0,SE
2023-02-17 15:27:00,65.07,65.07,65.03,65.03,3095.0,SE
2023-02-17 15:26:00,65.02,65.07,65.0,65.06,9261.0,SE
2023-02-17 15:25:00,65.05,65.06,64.99,65.045,23255.0,SE
2023-02-17 15:24:00,65.22,65.22,65.05,65.05,2860.0,SE
2023-02-17 15:23:00,65.25,65.25,65.18,65.2,6751.0,SE
2023-02-17 15:22:00,65.2,65.275,65.2,65.275,3305.0,SE
2023-02-17 15:21:00,65.15,65.25,65.14,65.2,9252.0,SE
2023-02-17 15:20:00,65.105,65.13,65.105,65.13,6313.0,SE
2023-02-17 15:19:00,65.13,65.13,65.11,65.11,8614.0,SE
2023-02-17 15:18:00,65.21,65.21,65.135,65.135,3998.0,SE
2023-02-17 15:17:00,65.285,65.37,65.19,65.19,7722.0,SE
2023-02-17 15:16:00,65.21,65.295,65.2,65.24,4736.0,SE
2023-02-17 15:15:00,65.1,65.15,65.1,65.14,1337.0,SE
2023-02-17 15:14:00,65.08,65.12,65.07,65.07,2104.0,SE
2023-02-17 15:13:00,65.11,65.13,65.07,65.09,3612.0,SE
2023-02-17 15:12:00,65.16,65.16,65.11,65.12,4304.0,SE
2023-02-17 15:11:00,65.14,65.25,65.14,65.19,9345.0,SE
2023-02-17 15:10:00,65.01,65.17,65.01,65.17,9094.0,SE
2023-02-17 15:09:00,64.975,65.0,64.92,64.99,8607.0,SE
2023-02-17 15:08:00,65.05,65.0648,64.98,64.98,4075.0,SE
2023-02-17 15:07:00,65.06,65.06,65.01,65.04,2536.0,SE
2023-02-17 15:06:00,65.05,65.105,65.05,65.065,2987.0,SE
2023-02-17 15:05:00,65.14,65.14,65.02,65.02,4749.0,SE
2023-02-17 15:04:00,65.06,65.125,65.06,65.125,2110.0,SE
2023-02-17 15:03:00,65.08,65.1,65.04,65.04,13764.0,SE
2023-02-17 15:02:00,65.12,65.13,65.06,65.06,4147.0,SE
2023-02-17 15:01:00,65.06,65.14,65.055,65.11,7697.0,SE
2023-02-17 15:00:00,64.97,65.05,64.96,65.05,7674.0,SE
2023-02-17 14:59:00,65.04,65.04,64.96,64.96,7652.0,SE
2023-02-17 14:58:00,65.075,65.075,64.98,65.01,5109.0,SE
2023-02-17 14:57:00,65.0,65.1,64.99,65.07,5134.0,SE
2023-02-17 14:56:00,64.895,64.98,64.895,64.9552,18685.0,SE
2023-02-17 14:55:00,64.81,64.92,64.81,64.895,6552.0,SE
2023-02-17 14:54:00,64.785,64.83,64.785,64.795,3514.0,SE
2023-02-17 14:53:00,64.78,64.82,64.78,64.785,7249.0,SE
2023-02-17 14:52:00,64.72,64.82,64.72,64.75,4037.0,SE
2023-02-17 14:51:00,64.72,64.76,64.69,64.69,4697.0,SE
2023-02-17 14:50:00,64.7,64.725,64.6901,64.71,3030.0,SE
2023-02-17 14:49:00,64.66,64.7,64.66,64.68,2211.0,SE
2023-02-17 14:48:00,64.66,64.67,64.65,64.67,2739.0,SE
2023-02-17 14:47:00,64.64,64.67,64.64,64.64,2874.0,SE
2023-02-17 14:46:00,64.64,64.66,64.63,64.63,3800.0,SE
2023-02-17 14:45:00,64.72,64.72,64.65,64.65,2634.0,SE
2023-02-17 14:44:00,64.7,64.74,64.7,64.7,4856.0,SE
2023-02-17 14:43:00,64.65,64.69,64.64,64.69,1245.0,SE
2023-02-17 14:42:00,64.64,64.655,64.625,64.655,2792.0,SE
2023-02-17 14:41:00,64.73,64.73,64.67,64.68,8750.0,SE
2023-02-17 14:40:00,64.68,64.74,64.68,64.73,4333.0,SE
2023-02-17 14:39:00,64.72,64.73,64.66,64.66,3151.0,SE
2023-02-17 14:38:00,64.7,64.715,64.6972,64.71,6063.0,SE
2023-02-17 14:37:00,64.66,64.68,64.66,64.665,3060.0,SE
2023-02-17 14:36:00,64.73,64.73,64.66,64.66,5133.0,SE
2023-02-17 14:35:00,64.74,64.78,64.715,64.75,5526.0,SE
2023-02-17 14:34:00,64.79,64.81,64.73,64.73,4400.0,SE
2023-02-17 14:33:00,64.7148,64.775,64.7148,64.775,1139.0,SE
2023-02-17 14:32:00,64.63,64.695,64.62,64.68,3975.0,SE
2023-02-17 14:31:00,64.6,64.6592,64.6,64.65,4276.0,SE
2023-02-17 14:30:00,64.57,64.6,64.57,64.59,3978.0,SE
2023-02-17 14:29:00,64.54,64.58,64.53,64.56,5694.0,SE
2023-02-17 14:28:00,64.585,64.61,64.528,64.528,3601.0,SE
2023-02-17 14:27:00,64.62,64.62,64.57,64.59,3621.0,SE
2023-02-17 14:26:00,64.62,64.64,64.605,64.62,3039.0,SE
2023-02-17 14:25:00,64.61,64.65,64.6,64.62,11734.0,SE
2023-02-17 14:24:00,64.6,64.62,64.6,64.6,2019.0,SE
2023-02-17 14:23:00,64.55,64.6,64.54,64.58,4374.0,SE
2023-02-17 14:22:00,64.54,64.55,64.515,64.54,13420.0,SE
2023-02-17 14:21:00,64.485,64.52,64.485,64.52,2316.0,SE
2023-02-17 14:20:00,64.51,64.53,64.47,64.47,1265.0,SE
2023-02-17 14:19:00,64.4899,64.52,64.44,64.52,3999.0,SE
2023-02-17 14:18:00,64.48,64.54,64.45,64.51,18875.0,SE
2023-02-17 14:17:00,64.44,64.48,64.42,64.455,9257.0,SE
2023-02-17 14:16:00,64.445,64.445,64.42,64.43,3645.0,SE
2023-02-17 14:15:00,64.465,64.465,64.41,64.41,4049.0,SE
2023-02-17 14:14:00,64.54,64.55,64.46,64.47,13679.0,SE
2023-02-17 14:13:00,64.58,64.61,64.56,64.56,4608.0,SE
2023-02-17 14:12:00,64.515,64.59,64.515,64.585,3028.0,SE
2023-02-17 14:11:00,64.59,64.6,64.52,64.52,4507.0,SE
2023-02-17 14:10:00,64.6,64.625,64.57,64.575,9982.0,SE
2023-02-17 14:09:00,64.585,64.64,64.58,64.61,9536.0,SE
2023-02-17 14:08:00,64.63,64.65,64.5713,64.58,3066.0,SE
2023-02-17 14:07:00,64.61,64.66,64.55,64.63,9173.0,SE
2023-02-17 14:06:00,64.55,64.64,64.55,64.625,7915.0,SE
2023-02-17 14:05:00,64.44,64.535,64.44,64.535,7804.0,SE
2023-02-17 14:04:00,64.53,64.54,64.45,64.45,6109.0,SE
2023-02-17 14:03:00,64.49,64.52,64.44,64.52,8528.0,SE
2023-02-17 14:02:00,64.3823,64.53,64.38,64.53,5424.0,SE
2023-02-17 14:01:00,64.32,64.37,64.31,64.37,3261.0,SE
2023-02-17 14:00:00,64.3,64.3,64.3,64.3,608.0,SE
2023-02-17 13:59:00,64.25,64.29,64.2285,64.29,1670.0,SE
2023-02-17 13:58:00,64.18,64.2383,64.18,64.225,2276.0,SE
2023-02-17 13:57:00,64.21,64.21,64.2012,64.205,1143.0,SE
2023-02-17 13:55:00,64.2,64.2,64.2,64.2,669.0,SE
2023-02-17 13:54:00,64.256,64.3,64.24,64.25,1805.0,SE
2023-02-17 13:53:00,64.24,64.26,64.18,64.26,2451.0,SE
2023-02-17 13:52:00,64.265,64.265,64.265,64.265,377.0,SE
2023-02-17 13:51:00,64.35,64.35,64.27,64.29,5512.0,SE
2023-02-17 13:50:00,64.42,64.42,64.36,64.36,2089.0,SE
2023-02-17 13:49:00,64.36,64.42,64.36,64.39,3438.0,SE
2023-02-17 13:48:00,64.37,64.37,64.335,64.345,2545.0,SE
2023-02-17 13:47:00,64.32,64.36,64.31,64.36,1794.0,SE
2023-02-17 13:46:00,64.32,64.4,64.32,64.37,3763.0,SE
2023-02-17 13:45:00,64.36,64.36,64.31,64.32,3024.0,SE
2023-02-17 13:44:00,64.25,64.32,64.25,64.32,4293.0,SE
2023-02-17 13:43:00,64.28,64.28,64.24,64.245,2488.0,SE
2023-02-17 13:42:00,64.27,64.33,64.27,64.31,1590.0,SE
2023-02-17 13:41:00,64.2,64.25,64.19,64.25,2495.0,SE
2023-02-17 13:40:00,64.12,64.19,64.11,64.19,2047.0,SE
2023-02-17 13:39:00,64.1711,64.1711,64.12,64.12,1351.0,SE
2023-02-17 13:38:00,64.12,64.15,64.1,64.15,4499.0,SE
2023-02-17 13:37:00,64.04,64.12,64.04,64.115,2739.0,SE
2023-02-17 13:36:00,64.02,64.025,63.98,64.02,3198.0,SE
2023-02-17 13:35:00,64.03,64.035,63.97,64.0,6171.0,SE
2023-02-17 13:34:00,64.02,64.05,64.0164,64.03,2616.0,SE
2023-02-17 13:33:00,64.05,64.08,64.02,64.02,4037.0,SE
2023-02-17 13:32:00,64.06,64.06,64.03,64.03,1391.0,SE
2023-02-17 13:31:00,64.06,64.0601,64.01,64.06,4920.0,SE
2023-02-17 13:30:00,64.1,64.1,64.06,64.06,3902.0,SE
2023-02-17 13:29:00,64.105,64.15,64.105,64.15,1094.0,SE
2023-02-17 13:28:00,64.065,64.13,64.065,64.11,5501.0,SE
2023-02-17 13:27:00,64.085,64.085,64.06,64.06,2057.0,SE
2023-02-17 13:26:00,63.975,64.13,63.975,64.11,46049.0,SE
2023-02-17 13:25:00,63.96,64.04,63.9,64.04,15393.0,SE
2023-02-17 13:24:00,64.0,64.02,63.99,63.995,2310.0,SE
2023-02-17 13:23:00,64.02,64.02,63.95,63.975,3816.0,SE
2023-02-17 13:22:00,64.03,64.0309,63.97,64.02,17588.0,SE
2023-02-17 13:21:00,64.1,64.11,64.01,64.0593,7334.0,SE
2023-02-17 13:20:00,64.355,64.355,64.11,64.11,8682.0,SE
2023-02-17 13:19:00,64.365,64.41,64.35,64.35,3416.0,SE
2023-02-17 13:18:00,64.36,64.39,64.32,64.34,6378.0,SE
2023-02-17 13:17:00,64.42,64.42,64.36,64.36,1097.0,SE
2023-02-17 13:16:00,64.495,64.495,64.4085,64.428,3341.0,SE
2023-02-17 13:15:00,64.415,64.53,64.39,64.51,10279.0,SE
2023-02-17 13:14:00,64.36,64.44,64.34,64.44,3109.0,SE
2023-02-17 13:13:00,64.405,64.425,64.33,64.33,5864.0,SE
2023-02-17 13:12:00,64.355,64.395,64.35,64.37,5384.0,SE
2023-02-17 13:11:00,64.25,64.37,64.25,64.37,5955.0,SE
2023-02-17 13:10:00,64.1886,64.24,64.1886,64.24,1993.0,SE
2023-02-17 13:09:00,64.14,64.2199,64.12,64.21,2082.0,SE
2023-02-17 13:08:00,64.16,64.18,64.14,64.14,2429.0,SE
2023-02-17 13:07:00,64.12,64.21,64.12,64.13,3918.0,SE
2023-02-17 13:06:00,64.03,64.12,64.01,64.1,4861.0,SE
2023-02-17 13:05:00,64.01,64.06,64.01,64.035,8126.0,SE
2023-02-17 13:04:00,64.04,64.06,63.995,64.03,3628.0,SE
2023-02-17 13:03:00,64.08,64.08,63.97,64.04,7225.0,SE
2023-02-17 13:02:00,64.14,64.14,64.08,64.08,5003.0,SE
2023-02-17 13:01:00,64.1,64.18,64.0901,64.18,959.0,SE
2023-02-17 13:00:00,64.065,64.09,64.055,64.08,1752.0,SE
2023-02-17 12:59:00,64.12,64.12,64.03,64.06,4596.0,SE
2023-02-17 12:58:00,64.11,64.13,64.11,64.13,1708.0,SE
2023-02-17 12:57:00,63.985,64.13,63.985,64.125,3297.0,SE
2023-02-17 12:56:00,63.985,63.985,63.9778,63.985,3053.0,SE
2023-02-17 12:55:00,63.97,63.995,63.95,63.975,6779.0,SE
2023-02-17 12:54:00,63.94,64.01,63.92,63.96,4458.0,SE
2023-02-17 12:53:00,64.05,64.08,63.92,63.92,12688.0,SE
2023-02-17 12:52:00,64.04,64.04,64.03,64.03,3638.0,SE
2023-02-17 12:51:00,64.175,64.175,64.03,64.05,6973.0,SE
2023-02-17 12:50:00,64.22,64.22,64.17,64.17,1218.0,SE
2023-02-17 12:49:00,64.16,64.19,64.16,64.19,1688.0,SE
2023-02-17 12:48:00,64.16,64.17,64.11,64.14,4430.0,SE
2023-02-17 12:47:00,64.22,64.22,64.13,64.155,7965.0,SE
2023-02-17 12:46:00,64.238,64.238,64.14,64.21,15965.0,SE
2023-02-17 12:45:00,64.24,64.26,64.24,64.24,2117.0,SE
2023-02-17 12:44:00,64.2467,64.3,64.22,64.29,7775.0,SE
2023-02-17 12:43:00,64.31,64.32,64.24,64.25,5397.0,SE
2023-02-17 12:42:00,64.3653,64.39,64.35,64.35,7969.0,SE
2023-02-17 12:41:00,64.49,64.49,64.4,64.4,6725.0,SE
2023-02-17 12:40:00,64.465,64.5,64.425,64.47,9700.0,SE
2023-02-17 12:39:00,64.55,64.55,64.47,64.475,8167.0,SE
2023-02-17 12:38:00,64.63,64.63,64.58,64.58,7574.0,SE
2023-02-17 12:37:00,64.7377,64.76,64.65,64.65,11714.0,SE
2023-02-17 12:36:00,64.74,64.78,64.74,64.74,5965.0,SE
2023-02-17 12:35:00,64.7716,64.7716,64.6703,64.725,7301.0,SE
2023-02-17 12:34:00,64.78,64.78,64.725,64.725,2197.0,SE
2023-02-17 12:33:00,64.84,64.89,64.77,64.795,8144.0,SE
2023-02-17 12:32:00,64.79,64.83,64.78,64.83,2931.0,SE
2023-02-17 12:31:00,64.74,64.77,64.73,64.77,3411.0,SE
2023-02-17 12:30:00,64.7248,64.76,64.7248,64.7475,805.0,SE
2023-02-17 12:29:00,64.7,64.71,64.7,64.71,1137.0,SE
2023-02-17 12:28:00,64.6,64.65,64.6,64.65,2205.0,SE
2023-02-17 12:27:00,64.65,64.655,64.63,64.6486,1348.0,SE
2023-02-17 12:26:00,64.6,64.71,64.59,64.64,3780.0,SE
2023-02-17 12:25:00,64.62,64.625,64.6,64.6,3333.0,SE
2023-02-17 12:24:00,64.52,64.64,64.5075,64.6199,5766.0,SE
2023-02-17 12:23:00,64.61,64.62,64.4501,64.51,18468.0,SE
2023-02-17 12:22:00,64.64,64.64,64.59,64.64,4796.0,SE
2023-02-17 12:21:00,64.63,64.75,64.63,64.705,10844.0,SE
2023-02-17 12:20:00,64.68,64.75,64.65,64.65,4919.0,SE
2023-02-17 12:19:00,64.615,64.7318,64.615,64.655,6579.0,SE
2023-02-17 12:18:00,64.7,64.7,64.62,64.62,2683.0,SE
2023-02-17 12:17:00,64.73,64.73,64.705,64.705,1767.0,SE
2023-02-17 12:16:00,64.75,64.77,64.69,64.69,5783.0,SE
2023-02-17 12:15:00,64.78,64.78,64.65,64.72,4709.0,SE
2023-02-17 12:14:00,64.77,64.83,64.745,64.83,20496.0,SE
2023-02-17 12:13:00,64.86,64.86,64.76,64.77,10774.0,SE
2023-02-17 12:12:00,64.81,64.88,64.78,64.83,23743.0,SE
2023-02-17 12:11:00,64.77,64.88,64.75,64.78,8703.0,SE
2023-02-17 12:10:00,64.8,64.91,64.775,64.775,12277.0,SE
2023-02-17 12:09:00,64.64,64.78,64.62,64.77,7135.0,SE
2023-02-17 12:08:00,64.46,64.62,64.46,64.62,9995.0,SE
2023-02-17 12:07:00,64.36,64.54,64.355,64.46,22567.0,SE
2023-02-17 12:06:00,64.19,64.3392,64.17,64.3392,2805.0,SE
2023-02-17 12:05:00,64.1,64.185,64.1,64.17,5389.0,SE
2023-02-17 12:04:00,64.11,64.115,64.09,64.1,3659.0,SE
2023-02-17 12:03:00,64.19,64.19,64.09,64.1,3005.0,SE
2023-02-17 12:02:00,64.08,64.22,64.08,64.19,5105.0,SE
2023-02-17 12:01:00,63.9001,64.1,63.9001,64.1,28425.0,SE
2023-02-17 12:00:00,63.92,63.95,63.91,63.92,8532.0,SE
2023-02-17 11:59:00,63.945,64.02,63.895,63.895,5032.0,SE
2023-02-17 11:58:00,63.985,63.985,63.885,63.95,6562.0,SE
2023-02-17 11:57:00,63.9905,64.03,63.98,63.98,7873.0,SE
2023-02-17 11:56:00,63.98,64.0497,63.98,64.0,6032.0,SE
2023-02-17 11:55:00,63.86,63.95,63.81,63.95,7354.0,SE
2023-02-17 11:54:00,63.99,63.99,63.89,63.925,15773.0,SE
2023-02-17 11:53:00,63.995,64.01,63.94,63.99,11411.0,SE
2023-02-17 11:52:00,63.99,64.05,63.96,63.995,12465.0,SE
2023-02-17 11:51:00,64.03,64.03,63.99,63.99,2075.0,SE
2023-02-17 11:50:00,64.07,64.08,64.0,64.06,12153.0,SE
2023-02-17 11:49:00,64.04,64.1,64.025,64.06,7506.0,SE
2023-02-17 11:48:00,64.055,64.09,64.02,64.04,7000.0,SE
2023-02-17 11:47:00,64.03,64.07,63.995,64.02,2337.0,SE
2023-02-17 11:46:00,63.95,64.13,63.95,64.0301,6743.0,SE
2023-02-17 11:45:00,63.95,63.97,63.86,63.965,10435.0,SE
2023-02-17 11:44:00,63.875,63.95,63.82,63.95,9456.0,SE
2023-02-17 11:43:00,63.98,64.02,63.81,63.87,38454.0,SE
2023-02-17 11:42:00,64.0,64.02,63.97,63.99,8388.0,SE
2023-02-17 11:41:00,64.06,64.07,63.93,64.0493,28780.0,SE
2023-02-17 11:40:00,64.03,64.06,64.0,64.0,3444.0,SE
2023-02-17 11:39:00,64.125,64.17,64.01,64.01,13893.0,SE
2023-02-17 11:38:00,63.85,64.15,63.85,64.15,13723.0,SE
2023-02-17 11:37:00,63.8,63.88,63.7476,63.86,39278.0,SE
2023-02-17 11:36:00,64.2,64.21,63.895,63.91,33070.0,SE
2023-02-17 11:35:00,64.3,64.3,64.05,64.2,20258.0,SE
2023-02-17 11:34:00,64.28,64.3083,64.23,64.29,30437.0,SE
2023-02-17 11:33:00,64.33,64.36,64.31,64.32,8005.0,SE
2023-02-17 11:32:00,64.42,64.42,64.3,64.34,10102.0,SE
2023-02-17 11:31:00,64.63,64.64,64.42,64.48,22625.0,SE
2023-02-17 11:30:00,64.56,64.63,64.56,64.63,7106.0,SE
2023-02-17 11:29:00,64.58,64.61,64.55,64.57,10772.0,SE
2023-02-17 11:28:00,64.5,64.6,64.48,64.58,17697.0,SE
2023-02-17 11:27:00,64.57,64.57,64.46,64.51,9526.0,SE
2023-02-17 11:26:00,64.71,64.71,64.6,64.6,11062.0,SE
2023-02-17 11:25:00,64.85,64.85,64.71,64.71,7353.0,SE
2023-02-17 11:24:00,64.8,64.85,64.8,64.85,3277.0,SE
2023-02-17 11:23:00,64.77,64.82,64.75,64.815,4540.0,SE
2023-02-17 11:22:00,64.845,64.88,64.78,64.8,10678.0,SE
2023-02-17 11:21:00,64.87,64.87,64.82,64.8301,6689.0,SE
2023-02-17 11:20:00,65.0,65.0,64.885,64.885,4994.0,SE
2023-02-17 11:19:00,64.96,65.0,64.96,64.98,1339.0,SE
2023-02-17 11:18:00,64.96,64.96,64.9,64.94,10928.0,SE
2023-02-17 11:17:00,64.96,64.99,64.95,64.95,8134.0,SE
2023-02-17 11:16:00,64.98,65.0,64.96,64.98,2902.0,SE
2023-02-17 11:15:00,64.985,65.04,64.96,65.005,6375.0,SE
2023-02-17 11:14:00,64.995,65.03,64.995,65.03,1138.0,SE
2023-02-17 11:13:00,64.98,65.09,64.96,65.045,4967.0,SE
2023-02-17 11:12:00,65.0,65.02,64.95,64.98,22260.0,SE
2023-02-17 11:11:00,64.9601,65.08,64.9601,65.035,12364.0,SE
2023-02-17 11:10:00,65.14,65.14,64.96,64.99,22184.0,SE
2023-02-17 11:09:00,65.22,65.22,65.12,65.1225,31681.0,SE
2023-02-17 11:08:00,65.13,65.2,65.1,65.2,4374.0,SE
2023-02-17 11:07:00,65.0145,65.11,64.98,65.08,7111.0,SE
2023-02-17 11:06:00,64.81,65.03,64.81,65.03,13344.0,SE
2023-02-17 11:05:00,64.8,64.85,64.74,64.81,18856.0,SE
2023-02-17 11:04:00,64.72,64.83,64.72,64.8,8649.0,SE
2023-02-17 11:03:00,65.085,65.12,64.69,64.72,35587.0,SE
2023-02-17 11:02:00,65.12,65.15,65.08,65.1,6689.0,SE
2023-02-17 11:01:00,65.1,65.19,65.05,65.09,11259.0,SE
2023-02-17 11:00:00,65.12,65.18,65.09,65.1316,8766.0,SE
2023-02-17 10:59:00,65.09,65.155,65.09,65.13,9363.0,SE
2023-02-17 10:58:00,65.07,65.11,65.03,65.11,51164.0,SE
2023-02-17 10:57:00,65.05,65.1,65.02,65.065,9605.0,SE
2023-02-17 10:56:00,65.05,65.12,65.05,65.06,4059.0,SE
2023-02-17 10:55:00,65.03,65.155,65.02,65.075,12300.0,SE
2023-02-17 10:54:00,65.02,65.08,65.0,65.06,17722.0,SE
2023-02-17 10:53:00,65.26,65.26,65.02,65.02,35587.0,SE
2023-02-17 10:52:00,65.26,65.29,65.2,65.28,6229.0,SE
2023-02-17 10:51:00,65.21,65.27,65.21,65.24,8774.0,SE
2023-02-17 10:50:00,65.225,65.2489,65.11,65.22,14155.0,SE
2023-02-17 10:49:00,65.065,65.24,65.04,65.23,8570.0,SE
2023-02-17 10:48:00,65.18,65.24,65.08,65.08,8298.0,SE
2023-02-17 10:47:00,65.09,65.2199,65.04,65.21,11609.0,SE
2023-02-17 10:46:00,64.95,65.11,64.95,65.11,8522.0,SE
2023-02-17 10:45:00,65.0693,65.07,64.98,64.98,7095.0,SE
2023-02-17 10:44:00,65.1,65.12,64.94,65.05,9053.0,SE
2023-02-17 10:43:00,65.16,65.16,64.97,65.1,16903.0,SE
2023-02-17 10:42:00,65.17,65.21,65.07,65.14,14839.0,SE
2023-02-17 10:41:00,65.3,65.305,65.17,65.205,11887.0,SE
2023-02-17 10:40:00,65.13,65.33,65.115,65.3,11460.0,SE
2023-02-17 10:39:00,65.19,65.19,65.0,65.13,10867.0,SE
2023-02-17 10:38:00,65.34,65.36,65.19,65.19,14513.0,SE
2023-02-17 10:37:00,65.14,65.38,65.125,65.34,10595.0,SE
2023-02-17 10:36:00,65.15,65.17,65.06,65.12,6881.0,SE
2023-02-17 10:35:00,65.11,65.22,65.09,65.19,13492.0,SE
2023-02-17 10:34:00,65.1,65.15,65.065,65.15,7298.0,SE
2023-02-17 10:33:00,64.98,65.1,64.93,65.08,18856.0,SE
2023-02-17 10:32:00,64.91,65.01,64.89,64.99,8789.0,SE
2023-02-17 10:31:00,64.695,64.9411,64.695,64.9411,9897.0,SE
2023-02-17 10:30:00,64.77,64.84,64.69,64.69,6365.0,SE
2023-02-17 10:29:00,64.7122,64.8,64.69,64.775,8374.0,SE
2023-02-17 10:28:00,64.6,64.73,64.6,64.705,4727.0,SE
2023-02-17 10:27:00,64.635,64.635,64.52,64.57,8017.0,SE
2023-02-17 10:26:00,64.65,64.69,64.6,64.675,8005.0,SE
2023-02-17 10:25:00,64.71,64.72,64.635,64.635,4653.0,SE
2023-02-17 10:24:00,64.6701,64.72,64.66,64.68,4227.0,SE
2023-02-17 10:23:00,64.76,64.82,64.66,64.715,10161.0,SE
2023-02-17 10:22:00,64.99,64.99,64.78,64.79,7446.0,SE
2023-02-17 10:21:00,64.99,65.055,64.99,64.99,6448.0,SE
2023-02-17 10:20:00,64.9,65.07,64.9,64.995,27255.0,SE
2023-02-17 10:19:00,64.67,64.92,64.67,64.895,16974.0,SE
2023-02-17 10:18:00,64.69,64.7,64.58,64.69,9405.0,SE
2023-02-17 10:17:00,64.68,64.74,64.62,64.69,14210.0,SE
2023-02-17 10:16:00,64.96,65.02,64.6,64.655,21984.0,SE
2023-02-17 10:15:00,65.04,65.04,64.91,64.925,19666.0,SE
2023-02-17 10:14:00,65.12,65.23,65.08,65.08,10931.0,SE
2023-02-17 10:13:00,64.98,65.165,64.975,65.115,22859.0,SE
2023-02-17 10:12:00,65.075,65.08,64.95,64.98,31973.0,SE
2023-02-17 10:11:00,64.955,65.12,64.92,65.08,29768.0,SE
2023-02-17 10:10:00,65.0,65.04,64.9464,64.98,17183.0,SE
2023-02-17 10:09:00,65.17,65.18,64.96,64.995,77617.0,SE
2023-02-17 10:08:00,65.15,65.19,65.1,65.12,9672.0,SE
2023-02-17 10:07:00,65.1661,65.1661,65.0,65.13,8394.0,SE
2023-02-17 10:06:00,65.36,65.37,65.15,65.15,14135.0,SE
2023-02-17 10:05:00,65.37,65.5,65.35,65.37,12894.0,SE
2023-02-17 10:04:00,65.27,65.505,65.27,65.4003,15386.0,SE
2023-02-17 10:03:00,65.13,65.36,65.1125,65.28,15782.0,SE
2023-02-17 10:02:00,65.1384,65.17,65.08,65.08,5419.0,SE
2023-02-17 10:01:00,65.3,65.3,65.11,65.125,8371.0,SE
2023-02-17 10:00:00,65.215,65.35,65.215,65.255,9261.0,SE
2023-02-17 09:59:00,65.13,65.31,65.05,65.1817,11516.0,SE
2023-02-17 09:58:00,65.12,65.16,64.9,65.15,46456.0,SE
2023-02-17 09:57:00,64.985,65.11,64.895,65.1,11040.0,SE
2023-02-17 09:56:00,64.83,65.07,64.81,64.99,14310.0,SE
2023-02-17 09:55:00,65.0,65.02,64.8,64.85,34163.0,SE
2023-02-17 09:54:00,65.04,65.08,64.9,65.0,16096.0,SE
2023-02-17 09:53:00,65.09,65.1,64.975,65.065,15555.0,SE
2023-02-17 09:52:00,65.04,65.145,64.96,65.135,24817.0,SE
2023-02-17 09:51:00,64.92,64.98,64.81,64.98,41086.0,SE
2023-02-17 09:50:00,65.005,65.07,64.89,64.935,51428.0,SE
2023-02-17 09:49:00,65.21,65.21,64.95,65.01,37710.0,SE
2023-02-17 09:48:00,64.94,65.31,64.87,65.31,21513.0,SE
2023-02-17 09:47:00,64.86,65.02,64.8,64.92,62732.0,SE
2023-02-17 09:46:00,64.935,64.99,64.77,64.89,107129.0,SE
2023-02-17 09:45:00,65.1,65.25,64.95,64.99,10033.0,SE
2023-02-17 09:44:00,65.14,65.18,64.99,65.06,16496.0,SE
2023-02-17 09:43:00,64.99,65.2,64.78,65.2,53132.0,SE
2023-02-17 09:42:00,65.11,65.128,64.72,64.945,121317.0,SE
2023-02-17 09:41:00,65.41,65.44,65.06,65.0836,120004.0,SE
2023-02-17 09:40:00,65.56,65.6275,65.41,65.42,12382.0,SE
2023-02-17 09:39:00,65.4,65.62,65.34,65.62,53485.0,SE
2023-02-17 09:38:00,65.565,65.565,65.28,65.38,8648.0,SE
2023-02-17 09:37:00,65.81,65.87,65.55,65.595,33400.0,SE
2023-02-17 09:36:00,65.95,65.99,65.76,65.895,11579.0,SE
2023-02-17 09:35:00,65.895,65.97,65.69,65.97,34956.0,SE
2023-02-17 09:34:00,65.705,66.07,65.6,65.97,89646.0,SE
2023-02-17 09:33:00,65.61,65.82,65.58,65.695,23036.0,SE
2023-02-17 09:32:00,65.395,65.92,65.3,65.62,92704.0,SE
2023-02-17 09:31:00,65.99,66.06,65.25,65.29,138620.0,SE
2023-02-17 09:30:00,66.03,66.03,66.03,66.03,298.0,SE
2023-02-17 09:28:00,66.06,66.23,66.03,66.23,1720.0,SE
2023-02-17 08:59:00,66.1,66.1,66.1,66.1,100.0,SE
2023-02-17 08:54:00,66.01,66.01,66.0,66.0,1221.0,SE
2023-02-17 08:48:00,66.0,66.0,66.0,66.0,441.0,SE
2023-02-17 08:44:00,66.01,66.01,66.01,66.01,505.0,SE
2023-02-17 08:36:00,65.95,66.0,65.95,66.0,338.0,SE
2023-02-17 08:33:00,65.65,66.0,65.65,66.0,252.0,SE
2023-02-17 08:24:00,66.01,66.01,66.0,66.0,2768.0,SE
2023-02-17 08:23:00,65.86,65.86,65.86,65.86,416.0,SE
2023-02-17 08:21:00,65.86,65.86,65.86,65.86,117.0,SE
2023-02-17 08:20:00,65.86,65.86,65.86,65.86,151.0,SE
2023-02-17 08:16:00,65.94,65.94,65.94,65.94,561.0,SE
2023-02-17 08:06:00,65.94,65.94,65.94,65.94,525.0,SE
2023-02-17 08:05:00,66.1962,66.1962,66.1962,66.1962,200.0,SE
2023-02-17 07:58:00,65.94,65.94,65.94,65.94,209.0,SE
2023-02-17 07:51:00,65.94,65.94,65.94,65.94,637.0,SE
2023-02-17 07:48:00,65.94,65.94,65.94,65.94,263.0,SE
2023-02-17 07:34:00,65.88,65.88,65.88,65.88,100.0,SE
2023-02-17 07:27:00,65.87,65.88,65.85,65.85,1635.0,SE
2023-02-17 07:17:00,65.94,65.94,65.94,65.94,132.0,SE
2023-02-17 07:14:00,65.91,65.91,65.85,65.91,569.0,SE
2023-02-17 07:08:00,65.9,65.9,65.9,65.9,160.0,SE
2023-02-17 07:00:00,65.71,65.71,65.71,65.71,341.0,SE
2023-02-17 06:46:00,65.51,65.51,65.51,65.51,100.0,SE
2023-02-17 06:44:00,65.51,65.51,65.51,65.51,100.0,SE
2023-02-17 06:36:00,65.67,65.71,65.63,65.63,1000.0,SE
2023-02-17 06:32:00,65.94,65.94,65.94,65.94,489.0,SE
2023-02-17 06:28:00,65.94,65.94,65.94,65.94,1000.0,SE
2023-02-17 06:21:00,65.94,65.94,65.94,65.94,383.0,SE
2023-02-17 06:19:00,65.82,65.82,65.8,65.8,584.0,SE
2023-02-17 06:03:00,65.84,65.84,65.84,65.84,636.0,SE
2023-02-17 05:50:00,65.61,65.61,65.6,65.6,500.0,SE
2023-02-17 05:42:00,65.7,65.7,65.7,65.7,780.0,SE
2023-02-17 05:37:00,65.71,65.71,65.7,65.7,1100.0,SE
2023-02-17 05:35:00,65.69,65.69,65.6,65.6,565.0,SE
2023-02-17 05:15:00,65.74,65.74,65.71,65.71,655.0,SE
2023-02-17 04:57:00,66.09,66.09,66.0,66.0,725.0,SE
2023-02-17 04:53:00,66.0,66.0,66.0,66.0,415.0,SE
2023-02-17 04:18:00,65.84,65.84,65.84,65.84,131.0,SE
2023-02-17 04:10:00,65.77,65.77,65.77,65.77,151.0,SE
2023-02-17 04:09:00,65.38,65.76,65.38,65.76,400.0,SE
2023-02-17 04:02:00,65.93,65.93,65.93,65.93,378.0,SE
2023-02-16 20:00:00,66.49,66.49,66.49,66.49,410.0,SE
2023-02-16 19:57:00,66.4,66.4,66.4,66.4,100.0,SE
2023-02-16 19:55:00,66.45,66.45,66.45,66.45,2503.0,SE
2023-02-16 19:35:00,66.38,66.4,66.38,66.4,1310.0,SE
2023-02-16 19:32:00,66.28,66.28,66.28,66.28,412.0,SE
2023-02-16 19:24:00,66.28,66.28,66.28,66.28,200.0,SE
2023-02-16 18:57:00,66.4,66.4,66.4,66.4,600.0,SE
2023-02-16 18:52:00,66.4,66.4,66.4,66.4,102.0,SE
2023-02-16 18:26:00,66.78,66.78,66.78,66.78,880.0,SE
2023-02-16 18:24:00,66.59,66.6,66.59,66.6,230.0,SE
2023-02-16 17:58:00,66.6,66.6,66.6,66.6,200.0,SE
2023-02-16 17:52:00,66.8,66.8,66.8,66.8,501.0,SE
2023-02-16 17:43:00,66.6,66.6,66.55,66.55,470.0,SE
2023-02-16 17:36:00,66.61,66.61,66.61,66.61,324.0,SE
2023-02-16 17:08:00,66.62,66.62,66.61,66.61,580.0,SE
2023-02-16 16:41:00,66.8,66.8,66.8,66.8,181.0,SE
2023-02-16 16:34:00,66.6099,66.61,66.6099,66.61,710.0,SE
2023-02-16 16:16:00,66.83,66.83,66.83,66.83,100.0,SE
2023-02-16 16:11:00,66.61,66.61,66.61,66.61,201.0,SE
2023-02-16 16:05:00,66.62,66.62,66.61,66.61,1000.0,SE
2023-02-16 16:01:00,66.83,66.83,66.83,66.83,13533.0,SE
2023-02-16 16:00:00,66.755,66.88,66.73,66.83,78973.0,SE
2023-02-16 15:59:00,66.74,66.78,66.73,66.755,40756.0,SE
2023-02-16 15:58:00,66.7,66.76,66.69,66.74,48706.0,SE
2023-02-16 15:57:00,66.68,66.72,66.64,66.69,48961.0,SE
2023-02-16 15:56:00,66.74,66.765,66.67,66.685,49778.0,SE
2023-02-16 15:55:00,66.75,66.82,66.735,66.74,29108.0,SE
2023-02-16 15:54:00,66.75,66.77,66.715,66.755,26589.0,SE
2023-02-16 15:53:00,66.835,66.86,66.74,66.74,20020.0,SE
2023-02-16 15:52:00,66.8,66.96,66.8,66.84,21401.0,SE
2023-02-16 15:51:00,67.01,67.01,66.75,66.8,22104.0,SE
2023-02-16 15:50:00,66.92,67.0,66.92,67.0,13085.0,SE
2023-02-16 15:49:00,66.83,66.94,66.8,66.92,16792.0,SE
2023-02-16 15:48:00,66.8,66.89,66.775,66.83,13379.0,SE
2023-02-16 15:47:00,66.83,66.83,66.75,66.8,22380.0,SE
2023-02-16 15:46:00,66.86,66.93,66.83,66.83,13776.0,SE
2023-02-16 15:45:00,66.92,66.94,66.81,66.84,9971.0,SE
2023-02-16 15:44:00,66.8,66.98,66.78,66.95,13037.0,SE
2023-02-16 15:43:00,66.76,66.88,66.73,66.8,18824.0,SE
2023-02-16 15:42:00,66.85,66.85,66.7,66.74,16620.0,SE
2023-02-16 15:41:00,66.84,66.93,66.8,66.855,13773.0,SE
2023-02-16 15:40:00,66.87,66.92,66.74,66.84,23731.0,SE
2023-02-16 15:39:00,66.93,66.937,66.8,66.88,58333.0,SE
2023-02-16 15:38:00,67.09,67.14,66.94,66.94,13960.0,SE
2023-02-16 15:37:00,67.115,67.13,67.05,67.11,12775.0,SE
2023-02-16 15:36:00,67.02,67.115,66.92,67.105,18143.0,SE
2023-02-16 15:35:00,67.1,67.11,67.02,67.035,11699.0,SE
2023-02-16 15:34:00,67.18,67.18,67.0402,67.12,16729.0,SE
2023-02-16 15:33:00,67.03,67.16,66.97,67.1422,13397.0,SE
2023-02-16 15:32:00,67.04,67.055,66.92,67.015,27322.0,SE
2023-02-16 15:31:00,67.03,67.115,67.03,67.0431,26347.0,SE
2023-02-16 15:30:00,67.155,67.155,67.04,67.055,12096.0,SE
2023-02-16 15:29:00,67.34,67.34,67.13,67.155,8746.0,SE
2023-02-16 15:28:00,67.555,67.56,67.35,67.35,9608.0,SE
2023-02-16 15:27:00,67.56,67.58,67.5201,67.555,8373.0,SE
2023-02-16 15:26:00,67.4,67.55,67.375,67.55,10210.0,SE
2023-02-16 15:25:00,67.36,67.43,67.325,67.42,7400.0,SE
2023-02-16 15:24:00,67.365,67.4,67.34,67.38,12234.0,SE
2023-02-16 15:23:00,67.24,67.42,67.205,67.365,15937.0,SE
2023-02-16 15:22:00,67.24,67.275,67.18,67.25,19046.0,SE
2023-02-16 15:21:00,67.38,67.38,67.245,67.25,13631.0,SE
2023-02-16 15:20:00,67.455,67.52,67.4,67.4,13227.0,SE
2023-02-16 15:19:00,67.51,67.51,67.41,67.455,15036.0,SE
2023-02-16 15:18:00,67.55,67.55,67.5,67.5,8581.0,SE
2023-02-16 15:17:00,67.73,67.73,67.5,67.56,28352.0,SE
2023-02-16 15:16:00,67.7801,67.82,67.71,67.755,7930.0,SE
2023-02-16 15:15:00,67.94,67.965,67.8,67.81,8494.0,SE
2023-02-16 15:14:00,67.965,67.97,67.83,67.95,14680.0,SE
2023-02-16 15:13:00,68.02,68.03,67.95,67.96,6605.0,SE
2023-02-16 15:12:00,68.15,68.15,68.0135,68.0135,7218.0,SE
2023-02-16 15:11:00,68.17,68.2,68.15,68.16,7341.0,SE
2023-02-16 15:10:00,68.195,68.23,68.13,68.16,38340.0,SE
2023-02-16 15:09:00,68.145,68.21,68.11,68.1925,17500.0,SE
2023-02-16 15:08:00,68.08,68.2,68.065,68.145,11347.0,SE
2023-02-16 15:07:00,68.16,68.16,68.05,68.06,4003.0,SE
2023-02-16 15:06:00,68.25,68.27,68.0,68.2,18297.0,SE
2023-02-16 15:05:00,68.38,68.395,68.23,68.25,4953.0,SE
2023-02-16 15:04:00,68.4273,68.4273,68.39,68.41,2412.0,SE
2023-02-16 15:03:00,68.59,68.6176,68.42,68.42,10729.0,SE
2023-02-16 15:02:00,68.58,68.59,68.561,68.58,2928.0,SE
2023-02-16 15:01:00,68.73,68.74,68.6,68.6,4723.0,SE
2023-02-16 15:00:00,68.7514,68.7806,68.68,68.68,10806.0,SE
2023-02-16 14:59:00,68.79,68.79,68.75,68.7699,3009.0,SE
2023-02-16 14:58:00,68.74,68.79,68.71,68.78,7640.0,SE
2023-02-16 14:57:00,68.83,68.83,68.75,68.75,5830.0,SE
2023-02-16 14:56:00,68.7999,68.84,68.7999,68.84,1067.0,SE
2023-02-16 14:55:00,68.72,68.75,68.72,68.75,1742.0,SE
2023-02-16 14:54:00,68.65,68.71,68.65,68.7,6598.0,SE
2023-02-16 14:53:00,68.635,68.675,68.635,68.65,2384.0,SE
2023-02-16 14:52:00,68.59,68.65,68.59,68.625,3678.0,SE
2023-02-16 14:51:00,68.57,68.57,68.53,68.53,3506.0,SE
2023-02-16 14:50:00,68.545,68.5899,68.545,68.55,5045.0,SE
2023-02-16 14:49:00,68.55,68.56,68.52,68.54,2673.0,SE
2023-02-16 14:48:00,68.57,68.59,68.54,68.54,4686.0,SE
2023-02-16 14:47:00,68.48,68.6,68.48,68.57,5052.0,SE
2023-02-16 14:46:00,68.46,68.49,68.42,68.48,4956.0,SE
2023-02-16 14:45:00,68.59,68.59,68.39,68.43,16921.0,SE
2023-02-16 14:44:00,68.56,68.575,68.5,68.575,5957.0,SE
2023-02-16 14:43:00,68.64,68.65,68.56,68.565,3777.0,SE
2023-02-16 14:42:00,68.62,68.64,68.6,68.64,2417.0,SE
2023-02-16 14:41:00,68.78,68.78,68.62,68.62,5486.0,SE
2023-02-16 14:40:00,68.78,68.78,68.74,68.76,3760.0,SE
2023-02-16 14:39:00,68.84,68.85,68.77,68.77,6904.0,SE
2023-02-16 14:38:00,68.855,68.855,68.83,68.83,3199.0,SE
2023-02-16 14:37:00,68.8499,68.85,68.82,68.83,2829.0,SE
2023-02-16 14:36:00,68.745,68.83,68.745,68.805,11880.0,SE
2023-02-16 14:35:00,68.68,68.74,68.68,68.74,6402.0,SE
2023-02-16 14:34:00,68.67,68.68,68.63,68.67,5450.0,SE
2023-02-16 14:33:00,68.74,68.74,68.67,68.69,7459.0,SE
2023-02-16 14:32:00,68.7,68.715,68.69,68.69,1210.0,SE
2023-02-16 14:31:00,68.8,68.8,68.73,68.75,5468.0,SE
2023-02-16 14:30:00,68.8,68.825,68.78,68.82,4577.0,SE
2023-02-16 14:29:00,68.86,68.89,68.8,68.8,4016.0,SE
2023-02-16 14:28:00,68.82,68.85,68.81,68.84,4498.0,SE
2023-02-16 14:27:00,68.78,68.82,68.76,68.81,4060.0,SE
2023-02-16 14:26:00,68.705,68.76,68.67,68.75,2965.0,SE
2023-02-16 14:25:00,68.89,68.89,68.63,68.705,25367.0,SE
2023-02-16 14:24:00,68.88,68.92,68.86,68.88,2412.0,SE
2023-02-16 14:23:00,68.81,68.88,68.795,68.88,3212.0,SE
2023-02-16 14:22:00,68.79,68.79,68.71,68.78,3596.0,SE
2023-02-16 14:21:00,69.05,69.05,68.76,68.8,9761.0,SE
2023-02-16 14:20:00,68.915,69.025,68.89,69.005,7232.0,SE
2023-02-16 14:19:00,68.94,68.94,68.92,68.92,1621.0,SE
2023-02-16 14:18:00,69.0,69.01,68.94,68.95,2936.0,SE
2023-02-16 14:17:00,68.93,69.01,68.93,69.01,4144.0,SE
2023-02-16 14:16:00,68.925,68.93,68.8501,68.9,4522.0,SE
2023-02-16 14:15:00,69.04,69.04,68.93,68.93,4969.0,SE
2023-02-16 14:14:00,68.97,69.01,68.945,69.0002,4436.0,SE
2023-02-16 14:13:00,69.06,69.06,68.9701,68.9701,8818.0,SE
2023-02-16 14:12:00,69.035,69.08,69.035,69.05,5099.0,SE
2023-02-16 14:11:00,69.01,69.06,69.005,69.045,7379.0,SE
2023-02-16 14:10:00,68.91,69.01,68.91,68.99,7499.0,SE
2023-02-16 14:09:00,68.9542,68.9542,68.86,68.89,11785.0,SE
2023-02-16 14:08:00,69.04,69.04,68.96,68.96,6359.0,SE
2023-02-16 14:07:00,69.02,69.03,69.0,69.01,4880.0,SE
2023-02-16 14:06:00,68.97,69.0,68.92,69.0,4642.0,SE
2023-02-16 14:05:00,68.91,68.98,68.91,68.98,6258.0,SE
2023-02-16 14:04:00,68.86,68.91,68.86,68.91,2138.0,SE
2023-02-16 14:03:00,68.825,68.89,68.82,68.855,6489.0,SE
2023-02-16 14:02:00,68.82,68.89,68.8092,68.84,8439.0,SE
2023-02-16 14:01:00,68.75,68.805,68.735,68.805,4927.0,SE
2023-02-16 14:00:00,68.75,68.76,68.73,68.7378,2382.0,SE
2023-02-16 13:59:00,68.7,68.78,68.69,68.75,5004.0,SE
2023-02-16 13:58:00,68.74,68.78,68.67,68.675,4178.0,SE
2023-02-16 13:57:00,68.73,68.764,68.7101,68.73,2179.0,SE
2023-02-16 13:56:00,68.72,68.73,68.61,68.7,6267.0,SE
2023-02-16 13:55:00,68.74,68.76,68.72,68.73,3552.0,SE
2023-02-16 13:54:00,68.81,68.81,68.77,68.77,9853.0,SE
2023-02-16 13:53:00,68.8,68.85,68.7679,68.798,4372.0,SE
2023-02-16 13:52:00,68.8022,68.83,68.76,68.77,3531.0,SE
2023-02-16 13:51:00,68.8,68.85,68.79,68.82,5430.0,SE
2023-02-16 13:50:00,68.7456,68.8321,68.7456,68.8,4839.0,SE
2023-02-16 13:49:00,68.725,68.775,68.7118,68.72,5485.0,SE
2023-02-16 13:48:00,68.6599,68.76,68.6599,68.7,8149.0,SE
2023-02-16 13:47:00,68.72,68.72,68.6001,68.6001,6670.0,SE
2023-02-16 13:46:00,68.65,68.73,68.65,68.69,5836.0,SE
2023-02-16 13:45:00,68.53,68.63,68.52,68.63,2391.0,SE
2023-02-16 13:44:00,68.5,68.51,68.43,68.51,3448.0,SE
2023-02-16 13:43:00,68.38,68.51,68.38,68.47,6405.0,SE
2023-02-16 13:42:00,68.35,68.42,68.32,68.38,4891.0,SE
2023-02-16 13:41:00,68.32,68.33,68.28,68.31,13472.0,SE
2023-02-16 13:40:00,68.41,68.44,68.34,68.34,14410.0,SE
2023-02-16 13:39:00,68.34,68.48,68.32,68.38,8208.0,SE
2023-02-16 13:38:00,68.24,68.42,68.24,68.31,11149.0,SE
2023-02-16 13:37:00,68.42,68.42,68.24,68.245,4793.0,SE
2023-02-16 13:36:00,68.43,68.5,68.4,68.45,6402.0,SE
2023-02-16 13:35:00,68.34,68.58,68.34,68.46,13016.0,SE
2023-02-16 13:34:00,68.14,68.36,68.13,68.34,5871.0,SE
2023-02-16 13:33:00,68.06,68.26,68.06,68.1,9590.0,SE
2023-02-16 13:32:00,68.19,68.19,68.06,68.06,9040.0,SE
2023-02-16 13:31:00,68.26,68.29,68.2,68.2,2737.0,SE
2023-02-16 13:30:00,68.355,68.37,68.26,68.27,9066.0,SE
2023-02-16 13:29:00,68.35,68.41,68.28,68.29,7845.0,SE
2023-02-16 13:28:00,68.32,68.34,68.28,68.31,7443.0,SE
2023-02-16 13:27:00,68.4101,68.47,68.32,68.32,5607.0,SE
2023-02-16 13:26:00,68.395,68.445,68.39,68.44,1714.0,SE
2023-02-16 13:25:00,68.4,68.45,68.34,68.38,8128.0,SE
2023-02-16 13:24:00,68.355,68.39,68.355,68.375,3695.0,SE
2023-02-16 13:23:00,68.21,68.38,68.1,68.3,12960.0,SE
2023-02-16 13:22:00,68.22,68.2518,68.18,68.22,16949.0,SE
2023-02-16 13:21:00,68.3,68.306,68.22,68.23,13179.0,SE
2023-02-16 13:20:00,68.33,68.35,68.26,68.28,19416.0,SE
2023-02-16 13:19:00,68.655,68.655,68.26,68.31,65586.0,SE
2023-02-16 13:18:00,68.77,68.81,68.58,68.64,27870.0,SE
2023-02-16 13:17:00,68.88,68.89,68.73,68.76,24477.0,SE
2023-02-16 13:16:00,68.81,68.9,68.81,68.9,12154.0,SE
2023-02-16 13:15:00,69.02,69.02,68.86,68.86,7472.0,SE
2023-02-16 13:14:00,69.1162,69.1162,69.03,69.04,4048.0,SE
2023-02-16 13:13:00,69.0,69.115,69.0,69.115,2627.0,SE
2023-02-16 13:12:00,69.11,69.11,68.94,68.97,5771.0,SE
2023-02-16 13:11:00,69.09,69.09,69.04,69.049,2192.0,SE
2023-02-16 13:10:00,69.02,69.09,68.97,69.06,3383.0,SE
2023-02-16 13:09:00,69.1,69.1,69.01,69.01,2997.0,SE
2023-02-16 13:08:00,69.14,69.16,69.03,69.09,8632.0,SE
2023-02-16 13:07:00,69.225,69.29,69.12,69.13,12961.0,SE
2023-02-16 13:06:00,69.24,69.38,69.19,69.19,8276.0,SE
2023-02-16 13:05:00,69.0,69.21,68.95,69.21,10254.0,SE
2023-02-16 13:04:00,69.165,69.23,69.06,69.06,4132.0,SE
2023-02-16 13:03:00,69.3,69.36,69.15,69.15,9591.0,SE
2023-02-16 13:02:00,69.0206,69.33,69.0,69.33,19414.0,SE
2023-02-16 13:01:00,69.07,69.1175,68.905,69.0,12313.0,SE
2023-02-16 13:00:00,69.245,69.27,68.99,69.07,24175.0,SE
2023-02-16 12:59:00,69.35,69.3799,69.2,69.24,10372.0,SE
2023-02-16 12:58:00,69.23,69.37,69.115,69.33,22234.0,SE
2023-02-16 12:57:00,69.44,69.44,69.2,69.22,30897.0,SE
2023-02-16 12:56:00,69.61,69.67,69.44,69.44,14847.0,SE
2023-02-16 12:55:00,69.73,69.77,69.675,69.6853,13406.0,SE
2023-02-16 12:54:00,69.59,69.7699,69.41,69.7355,52746.0,SE
2023-02-16 12:53:00,69.5,69.67,69.5,69.6,17526.0,SE
2023-02-16 12:52:00,69.461,69.59,69.381,69.48,11766.0,SE
2023-02-16 12:51:00,69.36,69.53,69.35,69.495,15195.0,SE
2023-02-16 12:50:00,69.36,69.38,69.2833,69.36,4339.0,SE
2023-02-16 12:49:00,69.46,69.47,69.3,69.36,7123.0,SE
2023-02-16 12:48:00,69.53,69.53,69.405,69.43,5134.0,SE
2023-02-16 12:47:00,69.495,69.52,69.31,69.52,26181.0,SE
2023-02-16 12:46:00,69.59,69.59,69.49,69.52,9071.0,SE
2023-02-16 12:45:00,69.525,69.58,69.495,69.58,4152.0,SE
2023-02-16 12:44:00,69.51,69.6225,69.51,69.52,9468.0,SE
2023-02-16 12:43:00,69.49,69.5,69.34,69.45,19809.0,SE
2023-02-16 12:42:00,69.62,69.62,69.5,69.52,2271.0,SE
2023-02-16 12:41:00,69.5,69.6654,69.5,69.63,4425.0,SE
2023-02-16 12:40:00,69.69,69.74,69.35,69.47,35136.0,SE
2023-02-16 12:39:00,69.6318,69.75,69.62,69.66,29476.0,SE
2023-02-16 12:38:00,69.595,69.75,69.59,69.62,11348.0,SE
2023-02-16 12:37:00,69.5,69.6,69.44,69.595,3296.0,SE
2023-02-16 12:36:00,69.44,69.58,69.38,69.53,45222.0,SE
2023-02-16 12:35:00,69.08,69.48,69.08,69.43,67172.0,SE
2023-02-16 12:34:00,68.935,69.11,68.93,69.095,13985.0,SE
2023-02-16 12:33:00,69.1799,69.1799,68.93,68.96,14303.0,SE
2023-02-16 12:32:00,69.1,69.17,69.08,69.15,16666.0,SE
2023-02-16 12:31:00,69.02,69.05,68.97,69.05,3961.0,SE
2023-02-16 12:30:00,68.93,69.05,68.9,69.03,16463.0,SE
2023-02-16 12:29:00,68.85,68.93,68.84,68.93,9652.0,SE
2023-02-16 12:28:00,68.795,68.92,68.78,68.865,16473.0,SE
2023-02-16 12:27:00,68.69,68.82,68.69,68.795,11021.0,SE
2023-02-16 12:26:00,68.4783,68.73,68.46,68.655,13245.0,SE
2023-02-16 12:25:00,68.47,68.52,68.3892,68.51,13643.0,SE
2023-02-16 12:24:00,68.4,68.69,68.4,68.47,17567.0,SE
2023-02-16 12:23:00,68.275,68.4,68.21,68.38,17843.0,SE
2023-02-16 12:22:00,68.35,68.37,68.2311,68.27,24789.0,SE
2023-02-16 12:21:00,68.55,68.56,68.32,68.37,11737.0,SE
2023-02-16 12:20:00,68.57,68.675,68.561,68.57,15031.0,SE
2023-02-16 12:19:00,68.695,68.71,68.56,68.587,20456.0,SE
2023-02-16 12:18:00,68.67,68.73,68.66,68.7,4179.0,SE
2023-02-16 12:17:00,68.71,68.73,68.59,68.66,14688.0,SE
2023-02-16 12:16:00,68.73,68.8,68.73,68.73,10098.0,SE
2023-02-16 12:15:00,68.825,68.825,68.78,68.825,3988.0,SE
2023-02-16 12:14:00,68.78,68.8,68.73,68.78,7397.0,SE
2023-02-16 12:13:00,68.57,68.78,68.57,68.78,8245.0,SE
2023-02-16 12:12:00,68.595,68.595,68.56,68.56,3736.0,SE
2023-02-16 12:11:00,68.69,68.705,68.58,68.595,7880.0,SE
2023-02-16 12:10:00,68.56,68.6999,68.55,68.641,9360.0,SE
2023-02-16 12:09:00,68.75,68.76,68.58,68.59,12222.0,SE
2023-02-16 12:08:00,68.74,68.8097,68.72,68.78,2957.0,SE
2023-02-16 12:07:00,68.7,68.79,68.7,68.725,4613.0,SE
2023-02-16 12:06:00,68.585,68.6875,68.55,68.68,20063.0,SE
2023-02-16 12:05:00,68.53,68.59,68.5,68.59,2862.0,SE
2023-02-16 12:04:00,68.6882,68.6882,68.43,68.5,4563.0,SE
2023-02-16 12:03:00,68.8199,68.86,68.68,68.7,8104.0,SE
2023-02-16 12:02:00,68.65,68.87,68.64,68.79,11762.0,SE
2023-02-16 12:01:00,68.64,68.7,68.56,68.65,12740.0,SE
2023-02-16 12:00:00,68.805,68.805,68.65,68.65,5826.0,SE
2023-02-16 11:59:00,68.75,68.83,68.75,68.785,4789.0,SE
2023-02-16 11:58:00,68.83,68.9,68.75,68.76,10338.0,SE
2023-02-16 11:57:00,68.66,68.8285,68.64,68.81,14366.0,SE
2023-02-16 11:56:00,68.59,68.66,68.55,68.66,3877.0,SE
2023-02-16 11:55:00,68.59,68.6,68.556,68.556,4034.0,SE
2023-02-16 11:54:00,68.625,68.64,68.54,68.58,9917.0,SE
2023-02-16 11:53:00,68.8094,68.83,68.5975,68.5975,5579.0,SE
2023-02-16 11:52:00,68.86,68.93,68.81,68.83,21038.0,SE
2023-02-16 11:51:00,68.865,69.03,68.82,68.93,33648.0,SE
2023-02-16 11:50:00,68.79,68.87,68.78,68.87,14746.0,SE
2023-02-16 11:49:00,68.66,68.79,68.63,68.75,34256.0,SE
2023-02-16 11:48:00,68.65,68.7,68.64,68.6899,8539.0,SE
2023-02-16 11:47:00,68.77,68.77,68.505,68.62,21199.0,SE
2023-02-16 11:46:00,68.73,68.8,68.71,68.7801,11465.0,SE
2023-02-16 11:45:00,68.78,68.79,68.7175,68.725,11968.0,SE
2023-02-16 11:44:00,68.8,68.87,68.7,68.76,32036.0,SE
2023-02-16 11:43:00,68.75,68.88,68.71,68.8,23303.0,SE
2023-02-16 11:42:00,68.74,68.8,68.64,68.73,12160.0,SE
2023-02-16 11:41:00,68.61,68.74,68.5403,68.74,33694.0,SE
2023-02-16 11:40:00,68.5,68.64,68.46,68.62,16318.0,SE
2023-02-16 11:39:00,68.38,68.5799,68.35,68.481,11009.0,SE
2023-02-16 11:38:00,68.43,68.51,68.36,68.37,23136.0,SE
2023-02-16 11:37:00,68.37,68.6,68.34,68.38,44130.0,SE
2023-02-16 11:36:00,68.26,68.4199,68.2,68.41,50843.0,SE
2023-02-16 11:35:00,68.3,68.3205,68.19,68.25,11039.0,SE
2023-02-16 11:34:00,68.1,68.33,68.0958,68.3,29667.0,SE
2023-02-16 11:33:00,68.03,68.12,67.97,68.09,5450.0,SE
2023-02-16 11:32:00,68.01,68.18,68.0,68.01,14224.0,SE
2023-02-16 11:31:00,67.81,68.03,67.81,68.03,44693.0,SE
2023-02-16 11:30:00,67.76,67.8352,67.71,67.83,5761.0,SE
2023-02-16 11:29:00,67.67,67.7888,67.66,67.735,4418.0,SE
2023-02-16 11:28:00,67.425,67.78,67.425,67.68,11013.0,SE
2023-02-16 11:27:00,67.43,67.46,67.3709,67.42,3160.0,SE
2023-02-16 11:26:00,67.54,67.54,67.46,67.49,18619.0,SE
2023-02-16 11:25:00,67.58,67.64,67.54,67.57,5759.0,SE
2023-02-16 11:24:00,67.531,67.57,67.53,67.56,4719.0,SE
2023-02-16 11:23:00,67.71,67.73,67.53,67.58,6488.0,SE
2023-02-16 11:22:00,67.76,67.79,67.73,67.73,6687.0,SE
2023-02-16 11:21:00,67.77,67.81,67.74,67.78,17178.0,SE
2023-02-16 11:20:00,67.86,67.88,67.77,67.77,3342.0,SE
2023-02-16 11:19:00,67.89,67.94,67.86,67.86,9164.0,SE
2023-02-16 11:18:00,67.765,67.89,67.7,67.89,12186.0,SE
2023-02-16 11:17:00,67.81,67.81,67.7548,67.79,6077.0,SE
2023-02-16 11:16:00,67.79,67.89,67.77,67.82,16062.0,SE
2023-02-16 11:15:00,67.7,67.75,67.66,67.74,4299.0,SE
2023-02-16 11:14:00,67.63,67.69,67.53,67.67,7655.0,SE
2023-02-16 11:13:00,67.565,67.6816,67.54,67.6816,11068.0,SE
2023-02-16 11:12:00,67.73,67.77,67.565,67.565,18991.0,SE
2023-02-16 11:11:00,67.74,67.82,67.68,67.75,5508.0,SE
2023-02-16 11:10:00,67.53,67.7,67.53,67.7,1745.0,SE
2023-02-16 11:09:00,67.58,67.58,67.435,67.5487,3691.0,SE
2023-02-16 11:08:00,67.79,67.795,67.595,67.6,19176.0,SE
2023-02-16 11:07:00,67.675,67.8,67.675,67.77,6537.0,SE
2023-02-16 11:06:00,67.54,67.72,67.54,67.675,19927.0,SE
2023-02-16 11:05:00,67.54,67.65,67.5175,67.55,17310.0,SE
2023-02-16 11:04:00,67.5,67.53,67.5,67.515,12623.0,SE
2023-02-16 11:03:00,67.36,67.58,67.36,67.52,16757.0,SE
2023-02-16 11:02:00,67.19,67.4799,67.19,67.395,7977.0,SE
2023-02-16 11:01:00,67.12,67.28,67.12,67.24,37963.0,SE
2023-02-16 11:00:00,66.98,67.17,66.97,67.15,7178.0,SE
2023-02-16 10:59:00,66.81,66.97,66.75,66.96,9944.0,SE
2023-02-16 10:58:00,67.0,67.04,66.85,66.88,6920.0,SE
2023-02-16 10:57:00,67.1,67.1099,66.98,67.01,19728.0,SE
2023-02-16 10:56:00,67.16,67.19,67.07,67.12,11043.0,SE
2023-02-16 10:55:00,67.21,67.27,67.16,67.195,4738.0,SE
2023-02-16 10:54:00,67.29,67.37,67.22,67.22,8160.0,SE
2023-02-16 10:53:00,67.18,67.37,67.18,67.27,6745.0,SE
2023-02-16 10:52:00,67.28,67.38,67.16,67.18,9904.0,SE
2023-02-16 10:51:00,67.38,67.4046,67.19,67.265,9597.0,SE
2023-02-16 10:50:00,67.3196,67.41,67.3,67.355,10264.0,SE
2023-02-16 10:49:00,67.19,67.31,67.12,67.29,7225.0,SE
2023-02-16 10:48:00,67.17,67.28,67.17,67.24,4596.0,SE
2023-02-16 10:47:00,67.21,67.32,67.16,67.23,43115.0,SE
2023-02-16 10:46:00,67.0325,67.15,67.03,67.122,9553.0,SE
2023-02-16 10:45:00,67.3,67.3,67.03,67.05,4810.0,SE
2023-02-16 10:44:00,67.38,67.4599,67.3,67.3,9995.0,SE
2023-02-16 10:43:00,67.16,67.4,67.16,67.38,8385.0,SE
2023-02-16 10:42:00,67.23,67.23,67.01,67.1101,15764.0,SE
2023-02-16 10:41:00,67.25,67.36,67.17,67.23,16019.0,SE
2023-02-16 10:40:00,67.635,67.67,67.27,67.27,17561.0,SE
2023-02-16 10:39:00,67.51,67.7,67.5,67.66,10286.0,SE
2023-02-16 10:38:00,67.544,67.63,67.46,67.46,5946.0,SE
2023-02-16 10:37:00,67.55,67.64,67.54,67.59,8526.0,SE
2023-02-16 10:36:00,67.42,67.57,67.42,67.57,9271.0,SE
2023-02-16 10:35:00,67.22,67.4,67.155,67.37,11351.0,SE
2023-02-16 10:34:00,67.435,67.48,67.22,67.22,12068.0,SE
2023-02-16 10:33:00,67.255,67.43,67.22,67.4,16273.0,SE
2023-02-16 10:32:00,67.39,67.64,67.22,67.265,27724.0,SE
2023-02-16 10:31:00,67.46,67.5,67.34,67.39,19676.0,SE
2023-02-16 10:30:00,67.49,67.52,67.37,67.45,13199.0,SE
2023-02-16 10:29:00,67.41,67.49,67.24,67.44,55491.0,SE
2023-02-16 10:28:00,67.505,67.505,67.3723,67.43,44684.0,SE
2023-02-16 10:27:00,67.69,67.71,67.47,67.485,7020.0,SE
2023-02-16 10:26:00,67.405,67.66,67.405,67.655,5560.0,SE
2023-02-16 10:25:00,67.6,67.6,67.3301,67.405,6054.0,SE
2023-02-16 10:24:00,67.46,67.71,67.33,67.64,6245.0,SE
2023-02-16 10:23:00,67.67,67.67,67.37,67.445,7309.0,SE
2023-02-16 10:22:00,67.79,67.89,67.68,67.68,8235.0,SE
2023-02-16 10:21:00,67.75,67.9104,67.67,67.8,13141.0,SE
2023-02-16 10:20:00,67.675,67.9,67.65,67.7,16121.0,SE
2023-02-16 10:19:00,67.6375,67.755,67.59,67.68,18175.0,SE
2023-02-16 10:18:00,67.69,67.77,67.58,67.63,26951.0,SE
2023-02-16 10:17:00,67.505,67.75,67.49,67.75,8637.0,SE
2023-02-16 10:16:00,67.38,67.58,67.3699,67.52,14461.0,SE
2023-02-16 10:15:00,67.935,67.98,67.395,67.395,23504.0,SE
2023-02-16 10:14:00,67.84,67.98,67.82,67.95,38099.0,SE
2023-02-16 10:13:00,67.52,67.84,67.43,67.835,16562.0,SE
2023-02-16 10:12:00,67.285,67.5799,67.285,67.48,25263.0,SE
2023-02-16 10:11:00,67.25,67.3899,67.225,67.29,10635.0,SE
2023-02-16 10:10:00,67.27,67.3699,67.22,67.28,8943.0,SE
2023-02-16 10:09:00,67.25,67.4,67.2,67.27,22889.0,SE
2023-02-16 10:08:00,67.055,67.32,67.04,67.3,21143.0,SE
2023-02-16 10:07:00,66.725,67.135,66.725,67.09,14330.0,SE
2023-02-16 10:06:00,66.45,66.77,66.45,66.725,24311.0,SE
2023-02-16 10:05:00,66.52,66.665,66.42,66.5,18274.0,SE
2023-02-16 10:04:00,66.47,66.68,66.46,66.5373,19437.0,SE
2023-02-16 10:03:00,66.42,66.61,66.3,66.47,20341.0,SE
2023-02-16 10:02:00,66.39,66.62,66.375,66.375,14304.0,SE
2023-02-16 10:01:00,66.67,66.7,66.21,66.315,25595.0,SE
2023-02-16 10:00:00,66.78,66.8471,66.7,66.72,16022.0,SE
2023-02-16 09:59:00,66.86,67.11,66.77,66.79,24078.0,SE
2023-02-16 09:58:00,66.76,66.835,66.63,66.835,18231.0,SE
2023-02-16 09:57:00,66.755,66.885,66.69,66.77,21513.0,SE
2023-02-16 09:56:00,66.76,66.87,66.57,66.78,18734.0,SE
2023-02-16 09:55:00,66.73,66.98,66.645,66.715,39576.0,SE
2023-02-16 09:54:00,66.45,66.7999,66.45,66.735,21377.0,SE
2023-02-16 09:53:00,66.33,66.49,66.26,66.45,14383.0,SE
2023-02-16 09:52:00,66.22,66.42,66.185,66.325,24319.0,SE
2023-02-16 09:51:00,66.12,66.22,66.0633,66.21,18166.0,SE
2023-02-16 09:50:00,66.35,66.37,66.09,66.09,31943.0,SE
2023-02-16 09:49:00,66.25,66.48,66.095,66.44,18887.0,SE
2023-02-16 09:48:00,66.05,66.23,65.97,66.165,20072.0,SE
2023-02-16 09:47:00,66.09,66.24,65.89,66.08,54186.0,SE
2023-02-16 09:46:00,66.315,66.39,66.05,66.15,18396.0,SE
2023-02-16 09:45:00,66.39,66.55,66.36,66.36,13845.0,SE
2023-02-16 09:44:00,66.405,66.54,66.1,66.435,19564.0,SE
2023-02-16 09:43:00,66.6262,66.63,66.37,66.42,30058.0,SE
2023-02-16 09:42:00,66.3,66.7099,66.2,66.55,21365.0,SE
2023-02-16 09:41:00,66.03,66.43,65.79,66.34,24478.0,SE
2023-02-16 09:40:00,65.57,66.16,65.57,66.05,65158.0,SE
2023-02-16 09:39:00,65.2179,66.0,65.2179,65.605,17052.0,SE
2023-02-16 09:38:00,65.6511,65.8499,65.18,65.35,23360.0,SE
2023-02-16 09:37:00,66.62,66.64,65.6,65.68,55369.0,SE
2023-02-16 09:36:00,66.645,66.74,66.48,66.64,25661.0,SE
2023-02-16 09:35:00,67.39,67.49,66.38,66.45,48931.0,SE
2023-02-16 09:34:00,67.25,67.48,66.95,67.305,28134.0,SE
2023-02-16 09:33:00,67.29,67.72,67.1,67.345,39431.0,SE
2023-02-16 09:32:00,66.18,67.29,66.05,67.29,52504.0,SE
2023-02-16 09:31:00,66.94,67.03,66.06,66.2,117921.0,SE
2023-02-16 09:30:00,67.0,67.58,67.0,67.58,3443.0,SE
2023-02-16 09:29:00,67.16,67.16,67.0,67.05,1049.0,SE
2023-02-16 09:27:00,67.1,67.1,67.1,67.1,211.0,SE
2023-02-16 09:26:00,67.1,67.1,67.1,67.1,850.0,SE
2023-02-16 09:25:00,67.25,67.25,67.2,67.2,3065.0,SE
2023-02-16 09:24:00,67.35,67.35,67.25,67.25,1171.0,SE
2023-02-16 09:23:00,67.36,67.36,67.25,67.25,2985.0,SE
2023-02-16 09:19:00,67.5,67.5,67.46,67.46,1771.0,SE
2023-02-16 09:17:00,67.5,67.5,67.5,67.5,930.0,SE
2023-02-16 09:16:00,67.5995,67.5995,67.5995,67.5995,101.0,SE
2023-02-16 09:15:00,67.59,67.6,67.59,67.6,999.0,SE
2023-02-16 09:14:00,67.6,67.6,67.6,67.6,652.0,SE
2023-02-16 09:13:00,67.7,67.7,67.65,67.65,3399.0,SE
2023-02-16 09:12:00,67.737,67.737,67.737,67.737,216.0,SE
2023-02-16 09:08:00,68.0,68.0,68.0,68.0,5984.0,SE
2023-02-16 09:06:00,67.55,67.8,67.55,67.8,1378.0,SE
2023-02-16 09:05:00,67.5,67.5,67.22,67.22,567.0,SE
2023-02-16 09:01:00,67.5,67.5,67.5,67.5,1223.0,SE
2023-02-16 09:00:00,67.35,67.35,67.35,67.35,202.0,SE
2023-02-16 08:58:00,67.8,67.8,67.8,67.8,495.0,SE
2023-02-16 08:57:00,67.45,67.6,67.44,67.6,1763.0,SE
2023-02-16 08:55:00,67.1,67.5,67.1,67.25,8381.0,SE
2023-02-16 08:54:00,67.99,68.25,67.025,67.1,16865.0,SE
2023-02-16 08:53:00,67.54,67.91,67.48,67.9,13548.0,SE
2023-02-16 08:52:00,67.0,67.7,67.0,67.54,1520.0,SE
2023-02-16 08:49:00,67.05,67.07,67.0,67.0,1820.0,SE
2023-02-16 08:48:00,67.05,67.42,67.05,67.42,1030.0,SE
2023-02-16 08:47:00,67.3,67.3,67.0,67.01,12790.0,SE
2023-02-16 08:46:00,67.42,67.55,67.2,67.2,6350.0,SE
2023-02-16 08:45:00,67.432,67.432,67.42,67.42,2900.0,SE
2023-02-16 08:44:00,67.79,67.79,67.4,67.55,5697.0,SE
2023-02-16 08:43:00,67.8,67.8,67.8,67.8,639.0,SE
2023-02-16 08:40:00,67.8,67.8,67.8,67.8,584.0,SE
2023-02-16 08:39:00,67.6,67.65,67.55,67.55,3955.0,SE
2023-02-16 08:38:00,67.75,67.75,67.75,67.75,994.0,SE
2023-02-16 08:37:00,67.8,67.8,67.8,67.8,764.0,SE
2023-02-16 08:36:00,68.0,68.0,68.0,68.0,1900.0,SE
2023-02-16 08:33:00,68.2,68.2,68.0,68.0,8659.0,SE
2023-02-16 08:32:00,68.3,68.3,68.2,68.2,1445.0,SE
2023-02-16 08:31:00,68.4,68.4,68.3,68.34,7097.0,SE
2023-02-16 08:30:00,68.5,68.5,68.5,68.5,784.0,SE
2023-02-16 08:29:00,68.43,68.43,68.43,68.43,548.0,SE
2023-02-16 08:28:00,68.5,68.5,68.45,68.45,1231.0,SE
2023-02-16 08:27:00,68.5,68.5,68.5,68.5,555.0,SE
2023-02-16 08:26:00,68.48,68.5,68.48,68.5,1037.0,SE
2023-02-16 08:25:00,68.6,68.6,68.5,68.5,8210.0,SE
2023-02-16 08:23:00,68.65,68.65,68.65,68.65,543.0,SE
2023-02-16 08:22:00,68.69,68.7,68.66,68.66,1242.0,SE
2023-02-16 08:21:00,68.7,68.7,68.7,68.7,233.0,SE
2023-02-16 08:20:00,68.7,68.7,68.7,68.7,1252.0,SE
2023-02-16 08:19:00,68.79,68.8,68.79,68.8,1044.0,SE
2023-02-16 08:18:00,68.7,68.7,68.7,68.7,620.0,SE
2023-02-16 08:15:00,68.89,68.89,68.8,68.8,2030.0,SE
2023-02-16 08:10:00,69.0,69.0,69.0,69.0,935.0,SE
2023-02-16 08:09:00,68.8,68.8,68.8,68.8,299.0,SE
2023-02-16 08:08:00,68.81,68.81,68.75,68.75,904.0,SE
2023-02-16 08:07:00,68.85,68.85,68.8,68.8,1100.0,SE
2023-02-16 08:04:00,69.0,69.0,68.85,68.85,690.0,SE
2023-02-16 08:03:00,68.8,68.91,68.8,68.91,1856.0,SE
2023-02-16 08:02:00,68.8,68.8,68.75,68.8,2088.0,SE
2023-02-16 08:01:00,69.0,69.06,68.0,68.9,8197.0,SE
2023-02-16 08:00:00,69.1,69.1,69.1,69.1,309.0,SE
2023-02-16 07:56:00,69.0,69.1,68.9,69.1,1043.0,SE
2023-02-16 07:55:00,69.06,69.14,69.06,69.14,2527.0,SE
2023-02-16 07:54:00,68.91,68.91,68.91,68.91,210.0,SE
2023-02-16 07:52:00,68.9,68.99,68.9,68.99,2070.0,SE
2023-02-16 07:49:00,68.9,68.9,68.9,68.9,1099.0,SE
2023-02-16 07:47:00,68.9,68.9,68.9,68.9,771.0,SE
2023-02-16 07:45:00,68.7,68.7,68.7,68.7,538.0,SE
2023-02-16 07:44:00,68.96,68.96,68.85,68.9,1782.0,SE
2023-02-16 07:42:00,68.82,69.0,68.82,69.0,1231.0,SE
2023-02-16 07:41:00,68.8,69.06,68.8,69.01,3100.0,SE
2023-02-16 07:37:00,68.8,68.8,68.8,68.8,430.0,SE
2023-02-16 07:36:00,68.84,68.84,68.8,68.8,551.0,SE
2023-02-16 07:33:00,68.75,68.75,68.75,68.75,300.0,SE
2023-02-16 07:32:00,68.9,68.9,68.8,68.8,536.0,SE
2023-02-16 07:31:00,68.98,68.98,68.98,68.98,296.0,SE
2023-02-16 07:30:00,69.0,69.0,69.0,69.0,339.0,SE
2023-02-16 07:29:00,68.72,68.72,68.71,68.71,1479.0,SE
2023-02-16 07:28:00,69.0,69.0,68.8,68.8,5665.0,SE
2023-02-16 07:27:00,69.0,69.1,69.0,69.1,2008.0,SE
2023-02-16 07:26:00,69.34,69.34,69.0,69.0,2334.0,SE
2023-02-16 07:24:00,69.45,69.5,69.45,69.5,1360.0,SE
2023-02-16 07:23:00,69.34,69.36,69.34,69.36,668.0,SE
2023-02-16 07:22:00,69.0,69.12,69.0,69.12,600.0,SE
2023-02-16 07:21:00,68.97,69.0,68.97,69.0,4200.0,SE
2023-02-16 07:20:00,68.99,68.99,68.99,68.99,481.0,SE
2023-02-16 07:19:00,68.41,68.41,68.36,68.36,794.0,SE
2023-02-16 07:17:00,68.87,69.0,68.87,69.0,3024.0,SE
2023-02-16 07:15:00,68.4,68.88,68.4,68.88,3769.0,SE
2023-02-16 07:11:00,68.5,68.68,68.5,68.68,1050.0,SE
2023-02-16 07:10:00,68.05,68.05,68.05,68.05,209.0,SE
2023-02-16 07:09:00,68.5,68.5,68.08,68.08,314.0,SE
2023-02-16 07:07:00,68.627,68.627,68.0,68.0,2293.0,SE
2023-02-16 07:06:00,68.15,68.15,68.15,68.15,218.0,SE
2023-02-16 07:05:00,68.09,68.1,68.09,68.1,417.0,SE
2023-02-16 07:04:00,68.2,68.2,68.01,68.02,1485.0,SE
2023-02-16 07:02:00,68.99,68.99,68.94,68.94,406.0,SE
2023-02-16 07:01:00,68.69,69.02,68.04,68.04,12113.0,SE
2023-02-16 07:00:00,68.45,68.99,68.45,68.82,15380.0,SE
2023-02-16 06:57:00,68.01,68.2,68.0,68.2,4050.0,SE
2023-02-16 06:56:00,67.21,68.04,67.2,68.04,3425.0,SE
2023-02-16 06:54:00,67.79,67.98,67.79,67.98,1002.0,SE
2023-02-16 06:53:00,67.2,67.2,67.18,67.18,1574.0,SE
2023-02-16 06:50:00,65.79,67.19,65.79,67.19,7914.0,SE
2023-02-16 06:43:00,65.5,65.5,65.5,65.5,483.0,SE
2023-02-16 06:40:00,65.5,65.5,65.5,65.5,348.0,SE
2023-02-16 06:39:00,65.5,65.5,65.5,65.5,100.0,SE
2023-02-16 06:34:00,65.63,65.63,65.59,65.59,779.0,SE
2023-02-16 06:25:00,65.8,65.8,65.8,65.8,100.0,SE
2023-02-16 05:47:00,65.79,65.79,65.79,65.79,219.0,SE
2023-02-16 05:43:00,65.65,65.65,65.65,65.65,180.0,SE
2023-02-16 04:33:00,65.63,65.63,65.63,65.63,100.0,SE
2023-02-16 04:05:00,65.72,65.81,65.72,65.81,2375.0,SE
2023-02-15 19:58:00,65.98,65.98,65.98,65.98,235.0,SE
2023-02-15 19:57:00,65.98,65.98,65.98,65.98,100.0,SE
2023-02-15 19:44:00,65.96,65.96,65.96,65.96,160.0,SE
2023-02-15 19:26:00,65.81,65.81,65.81,65.81,195.0,SE
2023-02-15 19:25:00,65.81,65.81,65.81,65.81,155.0,SE
2023-02-15 19:24:00,65.98,65.98,65.98,65.98,300.0,SE
2023-02-15 19:23:00,65.98,65.98,65.98,65.98,100.0,SE
2023-02-15 18:33:00,65.89,65.98,65.89,65.98,1088.0,SE
2023-02-15 18:24:00,65.8,65.8,65.8,65.8,130.0,SE
2023-02-15 18:09:00,65.8,65.8,65.8,65.8,100.0,SE
2023-02-15 17:51:00,65.8899,65.8899,65.8899,65.8899,115.0,SE
2023-02-15 17:09:00,65.8992,65.8992,65.8992,65.8992,4060.0,SE
2023-02-15 16:58:00,65.75,65.75,65.75,65.75,217.0,SE
2023-02-15 16:57:00,65.86,65.86,65.86,65.86,260.0,SE
2023-02-15 16:39:00,65.73,65.73,65.73,65.73,200.0,SE
2023-02-15 16:28:00,65.65,65.75,65.65,65.75,705.0,SE
2023-02-15 16:14:00,65.98,65.98,65.98,65.98,400.0,SE
2023-02-15 16:11:00,65.9799,65.9799,65.9799,65.9799,130.0,SE
2023-02-15 16:08:00,65.5,65.5,65.5,65.5,404.0,SE
2023-02-15 16:07:00,65.95,65.95,65.95,65.95,100.0,SE
2023-02-15 16:01:00,65.81,65.81,65.81,65.81,18609.0,SE
2023-02-15 16:00:00,65.815,65.9,65.8,65.83,80301.0,SE
2023-02-15 15:59:00,65.83,65.83,65.78,65.81,41463.0,SE
2023-02-15 15:58:00,65.765,65.83,65.755,65.825,25907.0,SE
2023-02-15 15:57:00,65.65,65.77,65.65,65.765,35866.0,SE
2023-02-15 15:56:00,65.62,65.66,65.58,65.66,38197.0,SE
2023-02-15 15:55:00,65.57,65.63,65.57,65.63,21985.0,SE
2023-02-15 15:54:00,65.57,65.62,65.56,65.57,24277.0,SE
2023-02-15 15:53:00,65.61,65.615,65.52,65.56,38585.0,SE
2023-02-15 15:52:00,65.66,65.665,65.61,65.62,32539.0,SE
2023-02-15 15:51:00,65.61,65.68,65.61,65.65,25197.0,SE
2023-02-15 15:50:00,65.62,65.62,65.59,65.6,10800.0,SE
2023-02-15 15:49:00,65.54,65.63,65.52,65.63,15416.0,SE
2023-02-15 15:48:00,65.48,65.5499,65.48,65.5499,7732.0,SE
2023-02-15 15:47:00,65.48,65.495,65.4605,65.47,6632.0,SE
2023-02-15 15:46:00,65.44,65.5,65.42,65.49,9960.0,SE
2023-02-15 15:45:00,65.41,65.485,65.41,65.46,10025.0,SE
2023-02-15 15:44:00,65.44,65.48,65.41,65.42,8736.0,SE
2023-02-15 15:43:00,65.42,65.49,65.42,65.45,9181.0,SE
2023-02-15 15:42:00,65.5,65.51,65.41,65.43,7182.0,SE
2023-02-15 15:41:00,65.54,65.6,65.54,65.54,9335.0,SE
2023-02-15 15:40:00,65.57,65.59,65.53,65.53,11232.0,SE
2023-02-15 15:39:00,65.52,65.58,65.5,65.58,5133.0,SE
2023-02-15 15:38:00,65.53,65.55,65.49,65.55,7391.0,SE
2023-02-15 15:37:00,65.55,65.56,65.54,65.55,4532.0,SE
2023-02-15 15:36:00,65.56,65.56,65.49,65.54,7703.0,SE
2023-02-15 15:35:00,65.65,65.65,65.57,65.57,15030.0,SE
2023-02-15 15:34:00,65.58,65.64,65.56,65.64,5669.0,SE
2023-02-15 15:33:00,65.55,65.63,65.55,65.59,30578.0,SE
2023-02-15 15:32:00,65.4272,65.55,65.4272,65.55,4487.0,SE
2023-02-15 15:31:00,65.5,65.51,65.41,65.43,6057.0,SE
2023-02-15 15:30:00,65.492,65.51,65.48,65.49,8546.0,SE
2023-02-15 15:29:00,65.47,65.495,65.43,65.495,4177.0,SE
2023-02-15 15:28:00,65.465,65.47,65.44,65.47,8334.0,SE
2023-02-15 15:27:00,65.42,65.48,65.4,65.47,8802.0,SE
2023-02-15 15:26:00,65.38,65.42,65.37,65.42,4197.0,SE
2023-02-15 15:25:00,65.345,65.38,65.33,65.37,6197.0,SE
2023-02-15 15:24:00,65.43,65.43,65.35,65.35,3916.0,SE
2023-02-15 15:23:00,65.49,65.49,65.43,65.455,5781.0,SE
2023-02-15 15:22:00,65.45,65.51,65.45,65.51,3378.0,SE
2023-02-15 15:21:00,65.43,65.44,65.4088,65.44,571.0,SE
2023-02-15 15:20:00,65.38,65.42,65.38,65.42,2924.0,SE
2023-02-15 15:19:00,65.4,65.44,65.39,65.4087,4208.0,SE
2023-02-15 15:18:00,65.55,65.5718,65.34,65.34,10013.0,SE
2023-02-15 15:17:00,65.5,65.56,65.49,65.56,3332.0,SE
2023-02-15 15:16:00,65.44,65.485,65.43,65.475,9395.0,SE
2023-02-15 15:15:00,65.43,65.46,65.43,65.44,2678.0,SE
2023-02-15 15:14:00,65.53,65.53,65.43,65.43,3019.0,SE
2023-02-15 15:13:00,65.53,65.53,65.505,65.53,2656.0,SE
2023-02-15 15:12:00,65.58,65.58,65.55,65.55,6743.0,SE
2023-02-15 15:11:00,65.59,65.6,65.58,65.6,5331.0,SE
2023-02-15 15:10:00,65.5621,65.6,65.56,65.6,7397.0,SE
2023-02-15 15:09:00,65.565,65.59,65.56,65.58,1970.0,SE
2023-02-15 15:08:00,65.5479,65.57,65.53,65.565,3635.0,SE
2023-02-15 15:07:00,65.5,65.535,65.5,65.535,1173.0,SE
2023-02-15 15:06:00,65.495,65.51,65.495,65.5,895.0,SE
2023-02-15 15:05:00,65.475,65.5,65.475,65.49,5448.0,SE
2023-02-15 15:04:00,65.41,65.46,65.41,65.44,3183.0,SE
2023-02-15 15:03:00,65.32,65.43,65.32,65.425,1921.0,SE
2023-02-15 15:02:00,65.33,65.36,65.31,65.31,5656.0,SE
2023-02-15 15:01:00,65.3,65.35,65.3,65.35,1982.0,SE
2023-02-15 15:00:00,65.29,65.32,65.22,65.29,6212.0,SE
2023-02-15 14:59:00,65.42,65.42,65.3,65.31,7935.0,SE
2023-02-15 14:58:00,65.47,65.47,65.43,65.45,3173.0,SE
2023-02-15 14:57:00,65.48,65.51,65.44,65.49,4220.0,SE
2023-02-15 14:56:00,65.49,65.505,65.458,65.458,1384.0,SE
2023-02-15 14:55:00,65.47,65.47,65.4,65.46,3692.0,SE
2023-02-15 14:53:00,65.41,65.44,65.41,65.44,1444.0,SE
2023-02-15 14:52:00,65.44,65.51,65.41,65.41,5990.0,SE
2023-02-15 14:51:00,65.33,65.43,65.33,65.4027,2338.0,SE
2023-02-15 14:50:00,65.41,65.41,65.2983,65.33,5750.0,SE
2023-02-15 14:49:00,65.46,65.48,65.42,65.42,2426.0,SE
2023-02-15 14:48:00,65.4872,65.4872,65.42,65.44,3972.0,SE
2023-02-15 14:47:00,65.4438,65.49,65.4438,65.49,1773.0,SE
2023-02-15 14:46:00,65.49,65.49,65.43,65.43,3546.0,SE
2023-02-15 14:45:00,65.47,65.47,65.38,65.47,8241.0,SE
2023-02-15 14:44:00,65.56,65.56,65.44,65.45,6823.0,SE
2023-02-15 14:43:00,65.58,65.6,65.56,65.57,3526.0,SE
2023-02-15 14:42:00,65.56,65.6,65.55,65.58,7049.0,SE
2023-02-15 14:41:00,65.63,65.63,65.56,65.57,3060.0,SE
2023-02-15 14:40:00,65.58,65.6,65.55,65.6,4361.0,SE
2023-02-15 14:39:00,65.5701,65.5701,65.525,65.57,6760.0,SE
2023-02-15 14:38:00,65.56,65.59,65.55,65.585,15255.0,SE
2023-02-15 14:37:00,65.57,65.575,65.55,65.56,9386.0,SE
2023-02-15 14:36:00,65.605,65.64,65.57,65.57,2817.0,SE
2023-02-15 14:35:00,65.58,65.64,65.49,65.6,22164.0,SE
2023-02-15 14:34:00,65.64,65.64,65.54,65.5695,7127.0,SE
2023-02-15 14:33:00,65.7665,65.7665,65.64,65.6418,2771.0,SE
2023-02-15 14:32:00,65.665,65.82,65.665,65.73,16755.0,SE
2023-02-15 14:31:00,65.71,65.735,65.62,65.65,11452.0,SE
2023-02-15 14:30:00,65.65,65.71,65.64,65.69,15045.0,SE
2023-02-15 14:29:00,65.65,65.655,65.63,65.64,2811.0,SE
2023-02-15 14:28:00,65.642,65.67,65.62,65.62,15515.0,SE
2023-02-15 14:27:00,65.69,65.69,65.64,65.64,8538.0,SE
2023-02-15 14:26:00,65.68,65.74,65.68,65.71,7975.0,SE
2023-02-15 14:25:00,65.69,65.7015,65.675,65.69,2479.0,SE
2023-02-15 14:24:00,65.6439,65.68,65.6434,65.67,2246.0,SE
2023-02-15 14:23:00,65.66,65.69,65.615,65.655,12201.0,SE
2023-02-15 14:22:00,65.53,65.66,65.53,65.65,16228.0,SE
2023-02-15 14:21:00,65.43,65.54,65.43,65.495,25848.0,SE
2023-02-15 14:20:00,65.43,65.44,65.41,65.42,6523.0,SE
2023-02-15 14:19:00,65.43,65.44,65.41,65.42,9155.0,SE
2023-02-15 14:18:00,65.43,65.45,65.41,65.43,2133.0,SE
2023-02-15 14:17:00,65.38,65.43,65.3716,65.415,5891.0,SE
2023-02-15 14:16:00,65.3994,65.41,65.36,65.3704,12485.0,SE
2023-02-15 14:15:00,65.3,65.37,65.3,65.35,4753.0,SE
2023-02-15 14:14:00,65.24,65.29,65.24,65.29,3584.0,SE
2023-02-15 14:13:00,65.258,65.26,65.2304,65.2538,4115.0,SE
2023-02-15 14:12:00,65.2,65.2799,65.2,65.2799,3513.0,SE
2023-02-15 14:11:00,65.2,65.21,65.19,65.2027,3191.0,SE
2023-02-15 14:10:00,65.2,65.225,65.1992,65.1992,5831.0,SE
2023-02-15 14:09:00,65.17,65.22,65.17,65.185,11958.0,SE
2023-02-15 14:08:00,65.07,65.17,65.05,65.17,13506.0,SE
2023-02-15 14:07:00,65.0616,65.11,65.0616,65.085,2973.0,SE
2023-02-15 14:06:00,64.935,65.09,64.935,65.09,12723.0,SE
2023-02-15 14:05:00,64.93,64.95,64.91,64.94,4627.0,SE
2023-02-15 14:04:00,64.89,64.91,64.88,64.905,2805.0,SE
2023-02-15 14:03:00,64.92,64.96,64.9,64.9,12424.0,SE
2023-02-15 14:02:00,64.91,64.92,64.9,64.911,3028.0,SE
2023-02-15 14:01:00,64.88,64.93,64.88,64.93,2464.0,SE
2023-02-15 14:00:00,64.87,64.9,64.86,64.88,5015.0,SE
2023-02-15 13:59:00,64.84,64.86,64.83,64.85,3356.0,SE
2023-02-15 13:58:00,64.82,64.82,64.8,64.82,2542.0,SE
2023-02-15 13:57:00,64.84,64.84,64.8,64.8,1757.0,SE
2023-02-15 13:56:00,64.88,64.88,64.81,64.81,6418.0,SE
2023-02-15 13:55:00,64.855,64.93,64.855,64.87,3471.0,SE
2023-02-15 13:54:00,64.87,64.87,64.81,64.855,2264.0,SE
2023-02-15 13:53:00,64.82,64.87,64.81,64.87,2802.0,SE
2023-02-15 13:52:00,64.81,64.84,64.79,64.84,11219.0,SE
2023-02-15 13:51:00,64.84,64.84,64.84,64.84,1074.0,SE
2023-02-15 13:50:00,64.92,64.92,64.86,64.86,1503.0,SE
2023-02-15 13:49:00,64.81,64.92,64.805,64.895,3942.0,SE
2023-02-15 13:48:00,64.89,64.89,64.84,64.84,1520.0,SE
2023-02-15 13:47:00,64.9,64.9,64.875,64.875,985.0,SE
2023-02-15 13:46:00,64.84,64.92,64.84,64.92,3444.0,SE
2023-02-15 13:45:00,64.87,64.8778,64.87,64.8778,1128.0,SE
2023-02-15 13:44:00,64.78,64.89,64.7125,64.89,7493.0,SE
2023-02-15 13:43:00,64.8,64.819,64.77,64.78,3996.0,SE
2023-02-15 13:42:00,64.74,64.81,64.72,64.795,10876.0,SE
2023-02-15 13:41:00,64.725,64.75,64.71,64.745,4785.0,SE
2023-02-15 13:40:00,64.7084,64.73,64.7,64.725,2835.0,SE
2023-02-15 13:39:00,64.7,64.72,64.685,64.72,4411.0,SE
2023-02-15 13:38:00,64.67,64.73,64.67,64.725,2922.0,SE
2023-02-15 13:37:00,64.6511,64.67,64.6511,64.67,1280.0,SE
2023-02-15 13:36:00,64.6432,64.67,64.6,64.6,2805.0,SE
2023-02-15 13:35:00,64.6,64.65,64.59,64.65,4180.0,SE
2023-02-15 13:34:00,64.59,64.62,64.59,64.61,3312.0,SE
2023-02-15 13:33:00,64.65,64.65,64.57,64.57,1731.0,SE
2023-02-15 13:32:00,64.72,64.72,64.66,64.66,3376.0,SE
2023-02-15 13:31:00,64.63,64.7,64.62,64.7,2027.0,SE
2023-02-15 13:30:00,64.56,64.58,64.49,64.57,5731.0,SE
2023-02-15 13:29:00,64.57,64.59,64.57,64.59,2023.0,SE
2023-02-15 13:28:00,64.6,64.6,64.55,64.565,8130.0,SE
2023-02-15 13:27:00,64.54,64.64,64.54,64.62,3531.0,SE
2023-02-15 13:26:00,64.49,64.53,64.49,64.52,6238.0,SE
2023-02-15 13:25:00,64.39,64.46,64.38,64.46,1594.0,SE
2023-02-15 13:24:00,64.3607,64.37,64.35,64.365,1778.0,SE
2023-02-15 13:23:00,64.33,64.39,64.33,64.385,1488.0,SE
2023-02-15 13:22:00,64.34,64.42,64.33,64.33,2582.0,SE
2023-02-15 13:21:00,64.4026,64.405,64.29,64.29,3180.0,SE
2023-02-15 13:20:00,64.45,64.475,64.4,64.405,5535.0,SE
2023-02-15 13:19:00,64.44,64.53,64.4175,64.47,13120.0,SE
2023-02-15 13:18:00,64.44,64.455,64.38,64.4,7914.0,SE
2023-02-15 13:17:00,64.42,64.45,64.395,64.445,8206.0,SE
2023-02-15 13:16:00,64.4,64.43,64.39,64.39,9301.0,SE
2023-02-15 13:15:00,64.3093,64.37,64.3,64.355,2224.0,SE
2023-02-15 13:14:00,64.3,64.35,64.3,64.34,3268.0,SE
2023-02-15 13:13:00,64.39,64.39,64.3,64.3,4627.0,SE
2023-02-15 13:12:00,64.35,64.375,64.29,64.3602,10192.0,SE
2023-02-15 13:11:00,64.24,64.34,64.24,64.33,5559.0,SE
2023-02-15 13:10:00,64.165,64.165,64.165,64.165,585.0,SE
2023-02-15 13:09:00,64.125,64.15,64.125,64.15,508.0,SE
2023-02-15 13:08:00,63.995,64.04,63.96,64.04,20915.0,SE
2023-02-15 13:07:00,64.07,64.07,63.97,63.995,19342.0,SE
2023-02-15 13:06:00,64.13,64.13,64.01,64.07,5325.0,SE
2023-02-15 13:05:00,64.16,64.16,64.1128,64.12,2162.0,SE
2023-02-15 13:03:00,64.21,64.22,64.18,64.18,2493.0,SE
2023-02-15 13:02:00,64.28,64.295,64.25,64.265,2935.0,SE
2023-02-15 13:01:00,64.27,64.3,64.24,64.28,2963.0,SE
2023-02-15 13:00:00,64.26,64.29,64.19,64.285,12658.0,SE
2023-02-15 12:59:00,64.27,64.3,64.24,64.25,3625.0,SE
2023-02-15 12:58:00,64.18,64.27,64.16,64.27,3723.0,SE
2023-02-15 12:57:00,64.23,64.23,64.14,64.205,3111.0,SE
2023-02-15 12:56:00,64.31,64.33,64.25,64.27,3038.0,SE
2023-02-15 12:55:00,64.38,64.39,64.32,64.32,7171.0,SE
2023-02-15 12:54:00,64.285,64.37,64.285,64.36,4095.0,SE
2023-02-15 12:53:00,64.28,64.3,64.26,64.3,2480.0,SE
2023-02-15 12:52:00,64.28,64.28,64.26,64.26,841.0,SE
2023-02-15 12:51:00,64.29,64.3,64.24,64.26,4757.0,SE
2023-02-15 12:50:00,64.22,64.28,64.22,64.265,2460.0,SE
2023-02-15 12:49:00,64.21,64.22,64.1896,64.1896,2864.0,SE
2023-02-15 12:48:00,64.21,64.22,64.1719,64.195,2989.0,SE
2023-02-15 12:47:00,64.19,64.23,64.17,64.23,1952.0,SE
2023-02-15 12:46:00,64.265,64.265,64.21,64.215,3502.0,SE
2023-02-15 12:45:00,64.26,64.3,64.26,64.3,4133.0,SE
2023-02-15 12:44:00,64.27,64.2998,64.2682,64.2763,3013.0,SE
2023-02-15 12:43:00,64.25,64.28,64.2,64.26,5714.0,SE
2023-02-15 12:42:00,64.21,64.245,64.2,64.2253,1871.0,SE
2023-02-15 12:41:00,64.125,64.2,64.125,64.2,6280.0,SE
2023-02-15 12:40:00,64.11,64.13,64.11,64.12,1899.0,SE
2023-02-15 12:39:00,64.15,64.15,64.07,64.07,2795.0,SE
2023-02-15 12:38:00,64.2289,64.2289,64.07,64.15,7606.0,SE
2023-02-15 12:37:00,64.08,64.23,64.08,64.23,5551.0,SE
2023-02-15 12:36:00,64.13,64.145,64.06,64.06,2962.0,SE
2023-02-15 12:35:00,64.03,64.13,64.03,64.08,3630.0,SE
2023-02-15 12:34:00,64.06,64.08,64.0495,64.08,2897.0,SE
2023-02-15 12:33:00,63.9611,64.06,63.9611,64.01,4275.0,SE
2023-02-15 12:32:00,64.01,64.08,64.0,64.0,5869.0,SE
2023-02-15 12:31:00,64.01,64.01,63.97,64.0,2239.0,SE
2023-02-15 12:30:00,64.13,64.13,63.99,64.03,3998.0,SE
2023-02-15 12:29:00,64.14,64.15,64.09,64.13,4696.0,SE
2023-02-15 12:28:00,64.17,64.17,64.13,64.135,4878.0,SE
2023-02-15 12:27:00,63.965,64.13,63.95,64.12,3545.0,SE
2023-02-15 12:26:00,63.96,64.01,63.95,63.965,3310.0,SE
2023-02-15 12:25:00,64.04,64.04,63.96,63.96,4275.0,SE
2023-02-15 12:24:00,64.04,64.07,64.0055,64.06,9195.0,SE
2023-02-15 12:23:00,64.08,64.09,64.03,64.09,2866.0,SE
2023-02-15 12:22:00,64.08,64.11,64.03,64.06,3364.0,SE
2023-02-15 12:21:00,64.09,64.09,64.02,64.07,3655.0,SE
2023-02-15 12:20:00,64.1,64.14,64.1,64.14,2116.0,SE
2023-02-15 12:19:00,64.05,64.135,64.05,64.135,3687.0,SE
2023-02-15 12:18:00,64.01,64.1,64.01,64.07,4073.0,SE
2023-02-15 12:17:00,64.045,64.07,64.0187,64.06,3833.0,SE
2023-02-15 12:16:00,64.12,64.13,64.06,64.06,5838.0,SE
2023-02-15 12:15:00,64.065,64.15,64.045,64.15,3052.0,SE
2023-02-15 12:14:00,64.04,64.06,64.02,64.045,3809.0,SE
2023-02-15 12:13:00,64.02,64.07,64.02,64.025,5738.0,SE
2023-02-15 12:12:00,64.03,64.04,63.985,64.04,10183.0,SE
2023-02-15 12:11:00,64.07,64.07,64.03,64.03,653.0,SE
2023-02-15 12:09:00,64.0434,64.18,64.0434,64.1,5681.0,SE
2023-02-15 12:08:00,63.97,64.06,63.96,64.05,2924.0,SE
2023-02-15 12:07:00,64.196,64.2,63.91,63.96,9218.0,SE
2023-02-15 12:06:00,64.19,64.23,64.17,64.17,1237.0,SE
2023-02-15 12:05:00,64.21,64.2499,64.18,64.19,2201.0,SE
2023-02-15 12:04:00,64.25,64.26,64.2,64.2,3947.0,SE
2023-02-15 12:03:00,64.17,64.24,64.13,64.215,6772.0,SE
2023-02-15 12:02:00,64.205,64.231,64.18,64.19,2600.0,SE
2023-02-15 12:01:00,64.11,64.21,64.11,64.21,2868.0,SE
2023-02-15 12:00:00,64.095,64.13,64.07,64.09,2051.0,SE
2023-02-15 11:59:00,64.15,64.21,64.11,64.11,11185.0,SE
2023-02-15 11:58:00,64.385,64.385,64.19,64.19,5521.0,SE
2023-02-15 11:57:00,64.44,64.47,64.36,64.38,9288.0,SE
2023-02-15 11:56:00,64.35,64.5,64.35,64.47,11338.0,SE
2023-02-15 11:55:00,64.31,64.35,64.295,64.35,5841.0,SE
2023-02-15 11:54:00,64.235,64.31,64.235,64.305,3290.0,SE
2023-02-15 11:53:00,64.13,64.19,64.125,64.19,5342.0,SE
2023-02-15 11:52:00,64.16,64.16,64.12,64.12,1588.0,SE
2023-02-15 11:51:00,64.26,64.33,64.18,64.18,7429.0,SE
2023-02-15 11:50:00,64.24,64.25,64.21,64.245,6598.0,SE
2023-02-15 11:49:00,64.14,64.26,64.14,64.2372,5648.0,SE
2023-02-15 11:48:00,64.12,64.12,64.12,64.12,414.0,SE
2023-02-15 11:47:00,64.11,64.13,64.1,64.1,3154.0,SE
2023-02-15 11:46:00,64.17,64.17,64.12,64.1257,3048.0,SE
2023-02-15 11:45:00,64.18,64.21,64.14,64.16,3792.0,SE
2023-02-15 11:44:00,64.09,64.18,64.09,64.15,6224.0,SE
2023-02-15 11:43:00,64.07,64.07,64.05,64.06,2438.0,SE
2023-02-15 11:42:00,63.945,64.06,63.945,64.06,2638.0,SE
2023-02-15 11:41:00,63.92,63.97,63.91,63.95,6424.0,SE
2023-02-15 11:40:00,63.88,63.91,63.87,63.9,3709.0,SE
2023-02-15 11:39:00,63.97,63.97,63.9,63.9,6512.0,SE
2023-02-15 11:38:00,63.93,64.02,63.93,63.99,4145.0,SE
2023-02-15 11:37:00,63.9,63.92,63.8801,63.92,1873.0,SE
2023-02-15 11:36:00,63.85,63.9,63.84,63.9,2647.0,SE
2023-02-15 11:35:00,63.91,63.92,63.85,63.85,4449.0,SE
2023-02-15 11:34:00,63.85,63.91,63.81,63.91,7092.0,SE
2023-02-15 11:33:00,63.885,63.9,63.86,63.86,3014.0,SE
2023-02-15 11:32:00,64.045,64.045,63.89,63.89,5112.0,SE
2023-02-15 11:31:00,64.12,64.12,64.06,64.06,3692.0,SE
2023-02-15 11:30:00,64.01,64.15,64.01,64.12,8300.0,SE
2023-02-15 11:29:00,64.06,64.06,64.01,64.01,5170.0,SE
2023-02-15 11:28:00,63.99,64.05,63.99,64.04,1855.0,SE
2023-02-15 11:27:00,63.9381,64.0,63.9285,63.995,3109.0,SE
2023-02-15 11:26:00,63.8,63.91,63.79,63.88,5237.0,SE
2023-02-15 11:25:00,63.73,63.79,63.72,63.79,2962.0,SE
2023-02-15 11:24:00,63.72,63.785,63.72,63.76,3675.0,SE
2023-02-15 11:23:00,63.795,63.795,63.72,63.72,2493.0,SE
2023-02-15 11:22:00,63.6752,63.795,63.67,63.795,6777.0,SE
2023-02-15 11:21:00,63.71,63.71,63.59,63.67,4024.0,SE
2023-02-15 11:20:00,63.73,63.79,63.72,63.72,2896.0,SE
2023-02-15 11:19:00,63.75,63.7901,63.75,63.76,4525.0,SE
2023-02-15 11:18:00,63.94,63.95,63.82,63.82,5381.0,SE
2023-02-15 11:17:00,63.94,63.995,63.94,63.95,3623.0,SE
2023-02-15 11:16:00,63.9199,63.96,63.91,63.91,3714.0,SE
2023-02-15 11:15:00,63.89,63.98,63.86,63.9,4899.0,SE
2023-02-15 11:14:00,64.08,64.08,63.91,63.91,15958.0,SE
2023-02-15 11:13:00,64.07,64.14,64.07,64.105,4463.0,SE
2023-02-15 11:12:00,64.025,64.1,64.0,64.05,6963.0,SE
2023-02-15 11:11:00,64.025,64.08,64.0,64.05,8107.0,SE
2023-02-15 11:10:00,64.01,64.04,64.01,64.025,1736.0,SE
2023-02-15 11:09:00,64.12,64.16,63.95,64.02,16622.0,SE
2023-02-15 11:08:00,64.15,64.1506,64.12,64.1506,3448.0,SE
2023-02-15 11:07:00,63.81,64.21,63.81,64.14,11732.0,SE
2023-02-15 11:06:00,63.785,63.8,63.74,63.79,14404.0,SE
2023-02-15 11:05:00,63.73,63.87,63.73,63.79,19075.0,SE
2023-02-15 11:04:00,63.76,63.81,63.67,63.73,16040.0,SE
2023-02-15 11:03:00,63.625,63.7101,63.5301,63.7101,10142.0,SE
2023-02-15 11:02:00,63.47,63.63,63.47,63.58,8479.0,SE
2023-02-15 11:01:00,63.19,63.43,63.19,63.41,6564.0,SE
2023-02-15 11:00:00,63.02,63.18,63.0,63.18,10493.0,SE
2023-02-15 10:59:00,63.14,63.14,63.0,63.0,25794.0,SE
2023-02-15 10:58:00,63.19,63.23,63.11,63.11,26270.0,SE
2023-02-15 10:57:00,63.24,63.26,63.18,63.19,8852.0,SE
2023-02-15 10:56:00,63.27,63.28,63.21,63.22,7112.0,SE
2023-02-15 10:55:00,63.22,63.34,63.19,63.27,18191.0,SE
2023-02-15 10:54:00,63.18,63.26,63.166,63.23,23978.0,SE
2023-02-15 10:53:00,63.15,63.21,63.13,63.19,17112.0,SE
2023-02-15 10:52:00,63.2,63.22,63.09,63.13,4696.0,SE
2023-02-15 10:51:00,63.29,63.3,63.18,63.18,3487.0,SE
2023-02-15 10:50:00,63.28,63.3217,63.23,63.26,3837.0,SE
2023-02-15 10:49:00,63.29,63.42,63.29,63.36,4006.0,SE
2023-02-15 10:48:00,63.27,63.34,63.21,63.21,7238.0,SE
2023-02-15 10:47:00,63.4,63.4,63.2601,63.2601,3560.0,SE
2023-02-15 10:46:00,63.18,63.46,63.18,63.38,9468.0,SE
2023-02-15 10:45:00,63.37,63.37,63.2,63.22,12325.0,SE
2023-02-15 10:44:00,63.515,63.57,63.41,63.45,6571.0,SE
2023-02-15 10:43:00,63.505,63.56,63.47,63.51,17212.0,SE
2023-02-15 10:42:00,63.64,63.64,63.47,63.51,10756.0,SE
2023-02-15 10:41:00,63.6,63.7,63.57,63.7,8603.0,SE
2023-02-15 10:40:00,63.7899,63.7899,63.64,63.64,2767.0,SE
2023-02-15 10:39:00,63.88,63.9,63.79,63.79,15584.0,SE
2023-02-15 10:38:00,64.0,64.0,63.8,63.87,7635.0,SE
2023-02-15 10:37:00,63.84,64.01,63.8,64.01,21808.0,SE
2023-02-15 10:36:00,64.21,64.25,63.84,63.84,10951.0,SE
2023-02-15 10:35:00,64.12,64.23,64.105,64.23,10020.0,SE
2023-02-15 10:34:00,64.21,64.265,64.09,64.1,11272.0,SE
2023-02-15 10:33:00,64.15,64.23,64.11,64.2,12140.0,SE
2023-02-15 10:32:00,63.93,64.17,63.93,64.17,19143.0,SE
2023-02-15 10:31:00,63.77,63.8793,63.71,63.805,12231.0,SE
2023-02-15 10:30:00,63.68,63.82,63.65,63.8,21524.0,SE
2023-02-15 10:29:00,63.49,63.66,63.49,63.66,8556.0,SE
2023-02-15 10:28:00,63.45,63.47,63.34,63.4101,5274.0,SE
2023-02-15 10:27:00,63.39,63.43,63.3635,63.39,3831.0,SE
2023-02-15 10:26:00,63.2,63.41,63.16,63.41,6970.0,SE
2023-02-15 10:25:00,63.39,63.39,63.3,63.38,1951.0,SE
2023-02-15 10:24:00,63.28,63.36,63.16,63.36,10290.0,SE
2023-02-15 10:23:00,63.24,63.35,63.24,63.35,5497.0,SE
2023-02-15 10:22:00,63.52,63.52,63.33,63.36,3962.0,SE
2023-02-15 10:21:00,63.695,63.695,63.54,63.6099,20524.0,SE
2023-02-15 10:20:00,63.59,63.9,63.59,63.7,26095.0,SE
2023-02-15 10:19:00,63.31,63.68,63.31,63.64,8027.0,SE
2023-02-15 10:18:00,63.27,63.33,63.1701,63.3,11656.0,SE
2023-02-15 10:17:00,63.13,63.3,63.09,63.27,16006.0,SE
2023-02-15 10:16:00,63.03,63.12,63.03,63.09,5908.0,SE
2023-02-15 10:15:00,62.99,63.24,62.99,63.0101,23281.0,SE
2023-02-15 10:14:00,62.77,62.98,62.77,62.9326,20222.0,SE
2023-02-15 10:13:00,62.85,62.85,62.64,62.74,6618.0,SE
2023-02-15 10:12:00,62.545,62.9,62.545,62.875,23133.0,SE
2023-02-15 10:11:00,62.51,62.58,62.48,62.51,5603.0,SE
2023-02-15 10:10:00,62.56,62.68,62.49,62.5,20254.0,SE
2023-02-15 10:09:00,62.62,62.71,62.5,62.5,54161.0,SE
2023-02-15 10:08:00,62.68,62.7161,62.62,62.635,19103.0,SE
2023-02-15 10:07:00,62.72,62.76,62.66,62.715,18970.0,SE
2023-02-15 10:06:00,62.7,62.8,62.66,62.73,17242.0,SE
2023-02-15 10:05:00,62.78,62.9,62.6601,62.6601,10772.0,SE
2023-02-15 10:04:00,62.71,62.86,62.67,62.79,21805.0,SE
2023-02-15 10:03:00,62.715,62.8,62.65,62.72,33907.0,SE
2023-02-15 10:02:00,62.62,62.77,62.62,62.715,49837.0,SE
2023-02-15 10:01:00,62.59,62.74,62.5301,62.63,45800.0,SE
2023-02-15 10:00:00,62.44,62.56,62.44,62.53,15488.0,SE
2023-02-15 09:59:00,62.295,62.5,62.295,62.465,13750.0,SE
2023-02-15 09:58:00,62.3438,62.39,62.26,62.295,26447.0,SE
2023-02-15 09:57:00,62.51,62.54,62.29,62.36,24608.0,SE
2023-02-15 09:56:00,62.34,62.55,62.3175,62.51,15896.0,SE
2023-02-15 09:55:00,62.355,62.355,62.195,62.305,20389.0,SE
2023-02-15 09:54:00,62.54,62.55,62.33,62.355,42978.0,SE
2023-02-15 09:53:00,62.56,62.59,62.47,62.505,20544.0,SE
2023-02-15 09:52:00,62.75,62.765,62.48,62.56,46343.0,SE
2023-02-15 09:51:00,62.67,62.86,62.665,62.75,37445.0,SE
2023-02-15 09:50:00,62.715,62.78,62.59,62.64,20145.0,SE
2023-02-15 09:49:00,62.78,62.79,62.61,62.715,31555.0,SE
2023-02-15 09:48:00,62.725,62.87,62.725,62.8,29586.0,SE
2023-02-15 09:47:00,62.76,62.8133,62.68,62.73,22658.0,SE
2023-02-15 09:46:00,62.58,62.78,62.545,62.77,21878.0,SE
2023-02-15 09:45:00,62.505,62.75,62.46,62.58,30162.0,SE
2023-02-15 09:44:00,62.35,62.57,62.265,62.505,29171.0,SE
2023-02-15 09:43:00,62.22,62.49,62.155,62.35,25324.0,SE
2023-02-15 09:42:00,62.145,62.42,62.145,62.31,15348.0,SE
2023-02-15 09:41:00,62.17,62.29,62.115,62.145,22358.0,SE
2023-02-15 09:40:00,62.575,62.61,62.09,62.15,29053.0,SE
2023-02-15 09:39:00,62.36,62.63,62.36,62.6114,69241.0,SE
2023-02-15 09:38:00,62.53,62.7,62.3,62.36,30982.0,SE
2023-02-15 09:37:00,62.53,62.59,62.48,62.525,30609.0,SE
2023-02-15 09:36:00,62.44,62.61,62.205,62.49,21064.0,SE
2023-02-15 09:35:00,62.25,62.51,62.09,62.51,46266.0,SE
2023-02-15 09:34:00,61.93,62.43,61.7,62.27,86586.0,SE
2023-02-15 09:33:00,62.25,62.285,61.81,61.91,163563.0,SE
2023-02-15 09:32:00,62.105,62.39,61.76,62.27,42139.0,SE
2023-02-15 09:31:00,62.04,62.3,61.8,62.105,255178.0,SE
2023-02-15 09:30:00,62.02,62.1,62.02,62.1,556.0,SE
2023-02-15 09:25:00,62.36,62.36,62.09,62.2,5213.0,SE
2023-02-15 09:24:00,62.56,62.56,62.56,62.56,222.0,SE
2023-02-15 09:23:00,62.65,62.65,62.65,62.65,1000.0,SE
2023-02-15 09:22:00,62.58,62.58,62.57,62.57,203.0,SE
2023-02-15 09:21:00,62.42,62.57,62.36,62.57,745.0,SE
2023-02-15 09:15:00,62.5,62.5,62.5,62.5,244.0,SE
2023-02-15 09:14:00,62.61,62.61,62.5,62.5,798.0,SE
2023-02-15 09:12:00,62.75,62.75,62.75,62.75,538.0,SE
2023-02-15 09:05:00,62.61,62.61,62.61,62.61,300.0,SE
2023-02-15 09:03:00,62.65,62.65,62.65,62.65,388.0,SE
2023-02-15 08:57:00,62.86,62.86,62.86,62.86,100.0,SE
2023-02-15 08:52:00,62.76,62.76,62.65,62.65,1205.0,SE
2023-02-15 08:50:00,62.88,62.88,62.88,62.88,178.0,SE
2023-02-15 08:49:00,62.88,62.9,62.88,62.9,1010.0,SE
2023-02-15 08:46:00,62.75,62.75,62.75,62.75,3050.0,SE
2023-02-15 08:44:00,62.5,64.23,62.5,62.5,18996.0,SE
2023-02-15 08:43:00,62.41,62.5,62.4,62.5,1588.0,SE
2023-02-15 08:42:00,62.45,62.45,62.45,62.45,516.0,SE
2023-02-15 08:41:00,62.7,62.7,62.5,62.5,1971.0,SE
2023-02-15 08:39:00,62.71,62.71,62.7,62.7,1120.0,SE
2023-02-15 08:38:00,62.88,62.88,62.88,62.88,330.0,SE
2023-02-15 08:31:00,62.76,62.76,62.75,62.75,800.0,SE
2023-02-15 08:27:00,62.73,62.73,62.72,62.72,1050.0,SE
2023-02-15 08:23:00,62.9,62.9,62.9,62.9,100.0,SE
2023-02-15 08:19:00,62.71,62.71,62.71,62.71,431.0,SE
2023-02-15 08:11:00,62.75,62.75,62.75,62.75,655.0,SE
2023-02-15 08:04:00,62.9,62.9,62.9,62.9,121.0,SE
2023-02-15 08:02:00,63.0,63.01,63.0,63.01,1004.0,SE
2023-02-15 08:01:00,63.45,63.45,62.8899,62.99,3844.0,SE
2023-02-15 08:00:00,62.92,62.92,62.9,62.9,306.0,SE
2023-02-15 07:50:00,63.0,63.0,63.0,63.0,661.0,SE
2023-02-15 07:49:00,62.98,62.98,62.98,62.98,506.0,SE
2023-02-15 07:39:00,62.9,62.9,62.9,62.9,200.0,SE
2023-02-15 07:35:00,63.01,63.01,63.01,63.01,358.0,SE
2023-02-15 07:34:00,63.0,63.01,62.94,62.94,762.0,SE
2023-02-15 07:33:00,63.01,63.01,63.01,63.01,582.0,SE
2023-02-15 07:30:00,63.02,63.02,63.02,63.02,500.0,SE
2023-02-15 07:17:00,63.25,63.5,63.25,63.5,1228.0,SE
2023-02-15 07:14:00,62.95,63.2,62.95,63.2,5954.0,SE
2023-02-15 07:13:00,62.9,62.95,62.9,62.95,2300.0,SE
2023-02-15 07:12:00,62.89,62.95,62.89,62.95,800.0,SE
2023-02-15 07:10:00,62.9,62.9,62.9,62.9,1200.0,SE
2023-02-15 07:08:00,62.9,62.9,62.9,62.9,625.0,SE
2023-02-15 07:07:00,62.87,62.9,62.87,62.9,3388.0,SE
2023-02-15 07:03:00,62.88,62.88,62.88,62.88,160.0,SE
2023-02-15 07:02:00,62.89,62.89,62.89,62.89,301.0,SE
2023-02-15 06:53:00,62.9,62.9,62.9,62.9,200.0,SE
2023-02-15 06:50:00,62.9,62.9,62.9,62.9,168.0,SE
2023-02-15 06:47:00,62.88,62.9,62.88,62.9,1585.0,SE
2023-02-15 06:04:00,62.83,62.83,62.83,62.83,234.0,SE
2023-02-15 05:41:00,62.71,62.71,62.65,62.71,500.0,SE
2023-02-15 05:35:00,62.9,62.9,62.87,62.87,265.0,SE
2023-02-15 05:23:00,62.75,62.9,62.75,62.9,1034.0,SE
2023-02-15 05:01:00,62.88,62.88,62.88,62.88,350.0,SE
2023-02-15 05:00:00,62.93,62.93,62.93,62.93,100.0,SE
2023-02-15 04:59:00,62.95,62.95,62.95,62.95,250.0,SE
2023-02-15 04:56:00,62.85,62.85,62.85,62.85,300.0,SE
2023-02-15 04:55:00,62.8,62.8,62.8,62.8,200.0,SE
2023-02-15 04:54:00,62.8,62.8,62.79,62.79,600.0,SE
2023-02-15 04:53:00,62.73,62.75,62.73,62.75,900.0,SE
2023-02-15 04:52:00,62.82,62.82,62.73,62.73,933.0,SE
2023-02-15 04:49:00,62.95,62.95,62.9,62.9,520.0,SE
2023-02-15 04:48:00,62.95,62.95,62.95,62.95,188.0,SE
2023-02-15 04:47:00,62.94,62.95,62.94,62.95,987.0,SE
2023-02-15 04:42:00,62.8,62.8,62.8,62.8,500.0,SE
2023-02-15 04:41:00,62.8,62.8,62.8,62.8,500.0,SE
2023-02-15 04:33:00,62.81,62.81,62.8,62.8,1000.0,SE
2023-02-15 04:31:00,62.79,62.8,62.79,62.8,880.0,SE
2023-02-15 04:27:00,62.74,62.74,62.74,62.74,110.0,SE
2023-02-15 04:25:00,62.8,62.8,62.8,62.8,231.0,SE
2023-02-15 04:23:00,62.81,62.81,62.8,62.8,1000.0,SE
2023-02-15 04:21:00,62.87,62.87,62.87,62.87,635.0,SE
2023-02-15 04:20:00,62.9,62.9,62.9,62.9,826.0,SE
2023-02-15 04:16:00,62.88,62.89,62.88,62.89,1175.0,SE
2023-02-15 04:12:00,62.95,62.95,62.95,62.95,270.0,SE
2023-02-15 04:11:00,62.95,62.95,62.95,62.95,2500.0,SE
2023-02-15 04:07:00,62.94,62.94,62.94,62.94,200.0,SE
2023-02-15 04:06:00,62.95,62.95,62.95,62.95,2658.0,SE
2023-02-15 04:05:00,62.95,62.95,62.95,62.95,558.0,SE
2023-02-15 04:03:00,62.95,62.95,62.95,62.95,335.0,SE
2023-02-15 04:01:00,62.98,62.98,62.98,62.98,160.0,SE
2023-02-14 20:00:00,64.17,64.17,64.17,64.17,489.0,SE
2023-02-14 19:54:00,64.09,64.09,64.09,64.09,490.0,SE
2023-02-14 19:03:00,64.1,64.1,64.1,64.1,150.0,SE
2023-02-14 18:27:00,64.15,64.15,64.15,64.15,717.0,SE
2023-02-14 18:26:00,64.15,64.15,64.15,64.15,369.0,SE
2023-02-14 17:17:00,64.07,64.07,64.07,64.07,500.0,SE
2023-02-14 16:28:00,64.17,64.17,64.17,64.17,165.0,SE
2023-02-14 16:08:00,64.2,64.2,64.2,64.2,100.0,SE
2023-02-14 16:01:00,64.23,64.23,64.23,64.23,8774.0,SE
2023-02-14 16:00:00,64.14,64.28,64.13,64.23,81277.0,SE
2023-02-14 15:59:00,64.14,64.155,64.095,64.14,50493.0,SE
2023-02-14 15:58:00,64.175,64.18,64.1,64.145,33022.0,SE
2023-02-14 15:57:00,64.18,64.24,64.17,64.18,29072.0,SE
2023-02-14 15:56:00,64.18,64.235,64.17,64.18,31126.0,SE
2023-02-14 15:55:00,64.11,64.1861,64.0801,64.18,21562.0,SE
2023-02-14 15:54:00,64.06,64.135,64.06,64.12,12338.0,SE
2023-02-14 15:53:00,64.025,64.09,64.01,64.049,11118.0,SE
2023-02-14 15:52:00,64.05,64.095,64.02,64.05,9479.0,SE
2023-02-14 15:51:00,64.09,64.09,63.93,64.04,30831.0,SE
2023-02-14 15:50:00,64.04,64.1,64.03,64.095,14582.0,SE
2023-02-14 15:49:00,64.06,64.06,64.01,64.05,10077.0,SE
2023-02-14 15:48:00,64.09,64.11,64.04,64.07,14878.0,SE
2023-02-14 15:47:00,64.1,64.18,64.08,64.11,13037.0,SE
2023-02-14 15:46:00,64.24,64.24,64.07,64.11,20998.0,SE
2023-02-14 15:45:00,64.26,64.28,64.22,64.255,9570.0,SE
2023-02-14 15:44:00,64.28,64.325,64.24,64.24,7224.0,SE
2023-02-14 15:43:00,64.36,64.365,64.255,64.27,17076.0,SE
2023-02-14 15:42:00,64.25,64.365,64.25,64.36,23709.0,SE
2023-02-14 15:41:00,64.19,64.29,64.185,64.265,10705.0,SE
2023-02-14 15:40:00,64.26,64.27,64.19,64.21,19239.0,SE
2023-02-14 15:39:00,64.26,64.29,64.25,64.26,8836.0,SE
2023-02-14 15:38:00,64.275,64.29,64.2328,64.26,7789.0,SE
2023-02-14 15:37:00,64.27,64.29,64.24,64.28,7081.0,SE
2023-02-14 15:36:00,64.27,64.32,64.24,64.285,3039.0,SE
2023-02-14 15:35:00,64.18,64.25,64.17,64.25,3613.0,SE
2023-02-14 15:34:00,64.13,64.16,64.1,64.155,4708.0,SE
2023-02-14 15:33:00,64.15,64.18,64.13,64.145,6871.0,SE
2023-02-14 15:32:00,64.04,64.201,64.04,64.201,8028.0,SE
2023-02-14 15:31:00,64.06,64.0689,64.0,64.05,10818.0,SE
2023-02-14 15:30:00,64.03,64.06,64.03,64.06,5133.0,SE
2023-02-14 15:29:00,64.08,64.15,64.08,64.09,6240.0,SE
2023-02-14 15:28:00,64.11,64.115,64.075,64.1,3158.0,SE
2023-02-14 15:27:00,64.14,64.14,64.07,64.1,7702.0,SE
2023-02-14 15:26:00,64.11,64.18,64.11,64.18,6803.0,SE
2023-02-14 15:25:00,64.085,64.13,64.06,64.13,7232.0,SE
2023-02-14 15:24:00,64.07,64.09,64.07,64.09,1837.0,SE
2023-02-14 15:23:00,64.05,64.08,64.04,64.07,3534.0,SE
2023-02-14 15:22:00,63.99,64.06,63.99,64.03,8131.0,SE
2023-02-14 15:21:00,64.05,64.0662,63.985,63.985,4406.0,SE
2023-02-14 15:20:00,64.08,64.09,64.025,64.04,4784.0,SE
2023-02-14 15:19:00,63.93,64.09,63.93,64.09,8808.0,SE
2023-02-14 15:18:00,63.94,63.96,63.89,63.93,3818.0,SE
2023-02-14 15:17:00,63.91,63.97,63.91,63.94,4737.0,SE
2023-02-14 15:16:00,63.89,63.91,63.85,63.9,8498.0,SE
2023-02-14 15:15:00,63.92,63.935,63.88,63.89,6263.0,SE
2023-02-14 15:14:00,63.85,63.91,63.83,63.91,9101.0,SE
2023-02-14 15:13:00,63.822,63.85,63.77,63.85,6590.0,SE
2023-02-14 15:12:00,63.77,63.82,63.77,63.82,7623.0,SE
2023-02-14 15:11:00,63.8625,63.8625,63.69,63.76,23166.0,SE
2023-02-14 15:10:00,63.91,63.91,63.865,63.87,6581.0,SE
2023-02-14 15:09:00,63.95,63.98,63.925,63.925,5087.0,SE
2023-02-14 15:08:00,63.94,63.96,63.935,63.95,4422.0,SE
2023-02-14 15:07:00,63.94,63.98,63.94,63.95,4670.0,SE
2023-02-14 15:06:00,63.99,63.99,63.92,63.93,4028.0,SE
2023-02-14 15:05:00,63.97,64.01,63.97,63.99,3197.0,SE
2023-02-14 15:04:00,64.055,64.055,63.9436,63.9436,5883.0,SE
2023-02-14 15:03:00,64.055,64.09,64.04,64.055,2392.0,SE
2023-02-14 15:02:00,64.0,64.05,64.0,64.05,2322.0,SE
2023-02-14 15:01:00,64.01,64.03,63.98,63.98,3517.0,SE
2023-02-14 15:00:00,64.01,64.05,63.975,63.995,5635.0,SE
2023-02-14 14:59:00,64.06,64.06,64.01,64.01,2167.0,SE
2023-02-14 14:58:00,64.07,64.1,64.07,64.08,4510.0,SE
2023-02-14 14:57:00,64.05,64.09,64.045,64.07,3990.0,SE
2023-02-14 14:56:00,64.145,64.15,64.08,64.08,7185.0,SE
2023-02-14 14:55:00,64.1,64.18,64.1,64.115,3167.0,SE
2023-02-14 14:54:00,64.14,64.15,64.0706,64.084,4690.0,SE
2023-02-14 14:53:00,64.14,64.16,64.11,64.13,4809.0,SE
2023-02-14 14:52:00,64.225,64.25,64.18,64.18,3271.0,SE
2023-02-14 14:51:00,64.15,64.23,64.12,64.23,8653.0,SE
2023-02-14 14:50:00,64.2,64.24,64.16,64.16,12376.0,SE
2023-02-14 14:49:00,64.301,64.3599,64.0,64.26,56764.0,SE
2023-02-14 14:48:00,64.18,64.3,64.18,64.2928,12245.0,SE
2023-02-14 14:47:00,64.18,64.18,64.165,64.18,1846.0,SE
2023-02-14 14:46:00,64.21,64.21,64.16,64.17,4336.0,SE
2023-02-14 14:45:00,64.19,64.2,64.19,64.2,434.0,SE
2023-02-14 14:44:00,64.15,64.21,64.14,64.19,4226.0,SE
2023-02-14 14:43:00,64.03,64.16,64.03,64.15,12679.0,SE
2023-02-14 14:42:00,63.98,64.035,63.97,64.0293,5724.0,SE
2023-02-14 14:41:00,63.89,63.93,63.89,63.925,1091.0,SE
2023-02-14 14:40:00,63.86,63.88,63.84,63.87,3839.0,SE
2023-02-14 14:39:00,63.92,63.93,63.86,63.88,5074.0,SE
2023-02-14 14:38:00,63.995,64.01,63.92,63.92,15809.0,SE
2023-02-14 14:37:00,63.96,64.005,63.9,64.005,4494.0,SE
2023-02-14 14:36:00,64.01,64.04,63.94,63.99,14590.0,SE
2023-02-14 14:35:00,63.9,63.99,63.89,63.99,6133.0,SE
2023-02-14 14:34:00,63.91,63.91,63.85,63.87,2482.0,SE
2023-02-14 14:33:00,63.88,63.92,63.88,63.9,1887.0,SE
2023-02-14 14:32:00,63.85,63.94,63.85,63.865,3841.0,SE
2023-02-14 14:31:00,63.7505,63.84,63.7505,63.84,2054.0,SE
2023-02-14 14:30:00,63.8,63.83,63.75,63.76,4435.0,SE
2023-02-14 14:29:00,63.77,63.79,63.76,63.79,1549.0,SE
2023-02-14 14:28:00,63.765,63.765,63.76,63.76,900.0,SE
2023-02-14 14:27:00,63.755,63.755,63.67,63.67,2648.0,SE
2023-02-14 14:26:00,63.76,63.805,63.74,63.74,5147.0,SE
2023-02-14 14:25:00,63.72,63.7572,63.71,63.74,1673.0,SE
2023-02-14 14:24:00,63.71,63.74,63.68,63.72,4687.0,SE
2023-02-14 14:23:00,63.8,63.83,63.73,63.73,8845.0,SE
2023-02-14 14:22:00,63.89,63.9,63.86,63.86,979.0,SE
2023-02-14 14:21:00,63.77,63.85,63.75,63.85,2718.0,SE
2023-02-14 14:20:00,63.78,63.81,63.75,63.75,2249.0,SE
2023-02-14 14:19:00,63.725,63.77,63.69,63.77,4142.0,SE
2023-02-14 14:18:00,63.68,63.725,63.67,63.725,2076.0,SE
2023-02-14 14:17:00,63.6,63.67,63.59,63.67,2732.0,SE
2023-02-14 14:16:00,63.58,63.59,63.54,63.59,3601.0,SE
2023-02-14 14:15:00,63.56,63.575,63.56,63.565,1259.0,SE
2023-02-14 14:14:00,63.6,63.63,63.57,63.59,3796.0,SE
2023-02-14 14:13:00,63.665,63.665,63.615,63.615,3982.0,SE
2023-02-14 14:12:00,63.65,63.65,63.5875,63.645,1395.0,SE
2023-02-14 14:11:00,63.59,63.69,63.59,63.69,1369.0,SE
2023-02-14 14:10:00,63.6,63.63,63.57,63.6,2429.0,SE
2023-02-14 14:09:00,63.4,63.52,63.38,63.52,5449.0,SE
2023-02-14 14:08:00,63.55,63.55,63.42,63.4214,7703.0,SE
2023-02-14 14:07:00,63.46,63.57,63.41,63.55,5067.0,SE
2023-02-14 14:06:00,63.77,63.77,63.38,63.46,21073.0,SE
2023-02-14 14:05:00,63.87,63.87,63.75,63.7701,10619.0,SE
2023-02-14 14:04:00,63.865,63.94,63.85,63.94,4981.0,SE
2023-02-14 14:03:00,63.88,63.9,63.87,63.87,1098.0,SE
2023-02-14 14:02:00,63.76,63.87,63.76,63.87,1781.0,SE
2023-02-14 14:01:00,63.83,63.83,63.75,63.75,3315.0,SE
2023-02-14 14:00:00,63.81,63.85,63.8,63.83,2805.0,SE
2023-02-14 13:59:00,63.84,63.87,63.81,63.83,2936.0,SE
2023-02-14 13:58:00,63.81,63.88,63.81,63.86,1980.0,SE
2023-02-14 13:57:00,63.85,63.85,63.8,63.8,1337.0,SE
2023-02-14 13:56:00,63.85,63.89,63.85,63.86,2223.0,SE
2023-02-14 13:55:00,63.94,63.95,63.84,63.84,4732.0,SE
2023-02-14 13:54:00,63.95,64.01,63.95,64.0,8593.0,SE
2023-02-14 13:53:00,63.9492,63.9492,63.92,63.93,324.0,SE
2023-02-14 13:52:00,63.945,63.96,63.92,63.96,746.0,SE
2023-02-14 13:51:00,63.96,63.96,63.93,63.955,1719.0,SE
2023-02-14 13:50:00,63.905,63.94,63.905,63.94,622.0,SE
2023-02-14 13:49:00,63.865,63.91,63.865,63.91,942.0,SE
2023-02-14 13:48:00,63.85,63.87,63.85,63.865,706.0,SE
2023-02-14 13:47:00,63.9,63.91,63.87,63.87,1576.0,SE
2023-02-14 13:46:00,63.78,63.81,63.78,63.78,1537.0,SE
2023-02-14 13:45:00,63.895,63.895,63.7708,63.7708,2874.0,SE
2023-02-14 13:44:00,63.92,63.935,63.87,63.87,1064.0,SE
2023-02-14 13:43:00,63.89,63.945,63.84,63.93,6019.0,SE
2023-02-14 13:42:00,63.96,63.96,63.86,63.87,1531.0,SE
2023-02-14 13:41:00,64.0,64.04,63.99,63.99,1915.0,SE
2023-02-14 13:40:00,63.97,64.035,63.97,64.035,2027.0,SE
2023-02-14 13:39:00,64.04,64.045,63.97,64.0,1783.0,SE
2023-02-14 13:38:00,64.03,64.055,63.99,64.015,5521.0,SE
2023-02-14 13:37:00,64.075,64.075,64.0,64.06,1313.0,SE
2023-02-14 13:36:00,64.13,64.15,64.05,64.09,16793.0,SE
2023-02-14 13:35:00,64.0549,64.12,64.0549,64.11,1315.0,SE
2023-02-14 13:34:00,64.0,64.08,63.98,64.08,2417.0,SE
2023-02-14 13:33:00,64.01,64.06,64.0,64.06,1383.0,SE
2023-02-14 13:32:00,64.0,64.05,63.97,64.02,1509.0,SE
2023-02-14 13:31:00,64.03,64.0775,64.03,64.06,1134.0,SE
2023-02-14 13:30:00,64.095,64.125,64.03,64.03,1383.0,SE
2023-02-14 13:29:00,63.96,64.13,63.96,64.0849,2090.0,SE
2023-02-14 13:28:00,63.98,63.99,63.95,63.98,1938.0,SE
2023-02-14 13:27:00,64.08,64.08,63.99,64.04,2032.0,SE
2023-02-14 13:26:00,64.055,64.12,64.03,64.11,2199.0,SE
2023-02-14 13:25:00,64.09,64.095,64.05,64.05,874.0,SE
2023-02-14 13:24:00,64.21,64.23,64.12,64.15,2528.0,SE
2023-02-14 13:23:00,64.08,64.23,64.08,64.21,5745.0,SE
2023-02-14 13:22:00,64.21,64.23,64.11,64.11,6618.0,SE
2023-02-14 13:21:00,64.16,64.205,64.16,64.205,376.0,SE
2023-02-14 13:20:00,64.005,64.09,64.005,64.09,1535.0,SE
2023-02-14 13:19:00,64.1,64.19,64.0,64.0,4914.0,SE
2023-02-14 13:18:00,63.98,64.1,63.98,64.075,1758.0,SE
2023-02-14 13:17:00,63.99,64.025,63.88,63.9893,3738.0,SE
2023-02-14 13:16:00,63.94,64.025,63.9375,64.025,1348.0,SE
2023-02-14 13:15:00,63.935,63.935,63.9,63.92,1419.0,SE
2023-02-14 13:14:00,63.88,63.95,63.88,63.95,2111.0,SE
2023-02-14 13:13:00,63.87,63.9,63.8301,63.85,2933.0,SE
2023-02-14 13:12:00,63.9013,63.92,63.88,63.92,2729.0,SE
2023-02-14 13:11:00,63.99,64.01,63.95,63.95,3094.0,SE
2023-02-14 13:10:00,64.05,64.05,63.97,63.97,3511.0,SE
2023-02-14 13:09:00,63.88,63.97,63.88,63.945,3754.0,SE
2023-02-14 13:08:00,64.15,64.16,63.9,63.93,6146.0,SE
2023-02-14 13:07:00,64.1,64.15,64.1,64.1363,17619.0,SE
2023-02-14 13:06:00,64.0,64.09,64.0,64.09,1596.0,SE
2023-02-14 13:05:00,64.01,64.04,63.98,64.0,3236.0,SE
2023-02-14 13:04:00,64.02,64.05,63.9906,64.005,2001.0,SE
2023-02-14 13:03:00,64.0,64.0697,64.0,64.0697,3217.0,SE
2023-02-14 13:02:00,63.78,64.0,63.74,63.97,5956.0,SE
2023-02-14 13:01:00,63.58,63.71,63.575,63.71,3138.0,SE
2023-02-14 13:00:00,63.67,63.685,63.615,63.64,1504.0,SE
2023-02-14 12:59:00,63.68,63.71,63.65,63.68,3700.0,SE
2023-02-14 12:58:00,63.625,63.71,63.625,63.68,7847.0,SE
2023-02-14 12:57:00,63.54,63.675,63.505,63.59,6915.0,SE
2023-02-14 12:56:00,63.465,63.54,63.44,63.52,3082.0,SE
2023-02-14 12:55:00,63.39,63.5,63.39,63.5,3867.0,SE
2023-02-14 12:54:00,63.47,63.47,63.34,63.36,3641.0,SE
2023-02-14 12:53:00,63.4744,63.54,63.4744,63.49,3465.0,SE
2023-02-14 12:52:00,63.545,63.545,63.43,63.47,3773.0,SE
2023-02-14 12:51:00,63.58,63.6,63.56,63.56,1046.0,SE
2023-02-14 12:50:00,63.635,63.66,63.62,63.625,1962.0,SE
2023-02-14 12:49:00,63.64,63.65,63.59,63.59,2835.0,SE
2023-02-14 12:48:00,63.64,63.66,63.625,63.64,1603.0,SE
2023-02-14 12:47:00,63.49,63.6,63.49,63.6,4939.0,SE
2023-02-14 12:46:00,63.47,63.48,63.45,63.47,2016.0,SE
2023-02-14 12:45:00,63.51,63.51,63.48,63.48,2903.0,SE
2023-02-14 12:44:00,63.67,63.67,63.63,63.67,4737.0,SE
2023-02-14 12:43:00,63.6,63.65,63.6,63.65,2527.0,SE
2023-02-14 12:42:00,63.65,63.65,63.56,63.56,861.0,SE
2023-02-14 12:41:00,63.63,63.69,63.63,63.65,2105.0,SE
2023-02-14 12:40:00,63.6075,63.645,63.6,63.645,2937.0,SE
2023-02-14 12:39:00,63.59,63.62,63.57,63.6,2454.0,SE
2023-02-14 12:38:00,63.635,63.66,63.59,63.61,1505.0,SE
2023-02-14 12:37:00,63.715,63.715,63.61,63.66,2247.0,SE
2023-02-14 12:36:00,63.69,63.715,63.69,63.715,543.0,SE
2023-02-14 12:35:00,63.73,63.79,63.71,63.725,2141.0,SE
2023-02-14 12:34:00,63.74,63.77,63.715,63.75,3906.0,SE
2023-02-14 12:33:00,63.77,63.82,63.71,63.71,3536.0,SE
2023-02-14 12:32:00,63.7563,63.81,63.7563,63.77,2114.0,SE
2023-02-14 12:31:00,63.71,63.76,63.71,63.76,2403.0,SE
2023-02-14 12:30:00,63.715,63.74,63.69,63.715,1779.0,SE
2023-02-14 12:29:00,63.79,63.79,63.75,63.77,2439.0,SE
2023-02-14 12:28:00,63.8,63.85,63.8,63.83,2029.0,SE
2023-02-14 12:27:00,63.75,63.77,63.71,63.765,2628.0,SE
2023-02-14 12:26:00,63.69,63.77,63.67,63.77,5361.0,SE
2023-02-14 12:25:00,63.77,63.795,63.73,63.74,1447.0,SE
2023-02-14 12:24:00,63.805,63.805,63.785,63.785,1957.0,SE
2023-02-14 12:23:00,63.87,63.87,63.79,63.79,7919.0,SE
2023-02-14 12:22:00,63.855,63.93,63.85,63.88,7105.0,SE
2023-02-14 12:21:00,63.82,63.855,63.8,63.82,2701.0,SE
2023-02-14 12:20:00,63.75,63.82,63.75,63.7951,4155.0,SE
2023-02-14 12:19:00,63.73,63.8,63.71,63.74,58559.0,SE
2023-02-14 12:18:00,63.77,63.8199,63.69,63.69,6741.0,SE
2023-02-14 12:17:00,63.745,63.745,63.67,63.74,4521.0,SE
2023-02-14 12:16:00,63.74,63.775,63.71,63.775,2994.0,SE
2023-02-14 12:15:00,63.695,63.73,63.695,63.72,1121.0,SE
2023-02-14 12:14:00,63.62,63.71,63.62,63.71,1564.0,SE
2023-02-14 12:13:00,63.54,63.65,63.54,63.62,3310.0,SE
2023-02-14 12:12:00,63.57,63.6,63.54,63.54,2972.0,SE
2023-02-14 12:11:00,63.45,63.6699,63.42,63.61,6197.0,SE
2023-02-14 12:10:00,63.37,63.46,63.36,63.4251,4593.0,SE
2023-02-14 12:09:00,63.44,63.49,63.4,63.4,2945.0,SE
2023-02-14 12:08:00,63.39,63.51,63.39,63.51,3413.0,SE
2023-02-14 12:07:00,63.515,63.54,63.37,63.375,5268.0,SE
2023-02-14 12:06:00,63.46,63.51,63.4,63.49,4009.0,SE
2023-02-14 12:05:00,63.51,63.54,63.46,63.46,4467.0,SE
2023-02-14 12:04:00,63.495,63.56,63.39,63.56,4821.0,SE
2023-02-14 12:03:00,63.54,63.585,63.47,63.48,4550.0,SE
2023-02-14 12:02:00,63.39,63.51,63.39,63.51,2958.0,SE
2023-02-14 12:01:00,63.32,63.35,63.31,63.35,2284.0,SE
2023-02-14 12:00:00,63.3101,63.4,63.28,63.39,2854.0,SE
2023-02-14 11:59:00,63.255,63.32,63.215,63.32,3979.0,SE
2023-02-14 11:58:00,63.26,63.3,63.25,63.3,1245.0,SE
2023-02-14 11:57:00,63.22,63.31,63.2199,63.285,2856.0,SE
2023-02-14 11:56:00,63.22,63.29,63.205,63.29,1727.0,SE
2023-02-14 11:55:00,63.12,63.25,63.11,63.22,4195.0,SE
2023-02-14 11:54:00,63.245,63.28,63.0,63.08,6497.0,SE
2023-02-14 11:53:00,63.22,63.26,63.14,63.25,4725.0,SE
2023-02-14 11:52:00,63.325,63.35,63.16,63.19,4375.0,SE
2023-02-14 11:51:00,63.35,63.395,63.285,63.395,4436.0,SE
2023-02-14 11:50:00,63.24,63.4,63.24,63.35,6278.0,SE
2023-02-14 11:49:00,63.115,63.25,63.085,63.235,7028.0,SE
2023-02-14 11:48:00,63.16,63.24,63.08,63.13,24597.0,SE
2023-02-14 11:47:00,63.05,63.16,63.015,63.12,10448.0,SE
2023-02-14 11:46:00,63.05,63.1,62.951,63.03,28645.0,SE
2023-02-14 11:45:00,63.05,63.11,63.025,63.06,5334.0,SE
2023-02-14 11:44:00,63.2,63.2,63.03,63.03,3102.0,SE
2023-02-14 11:43:00,63.24,63.24,63.07,63.13,5002.0,SE
2023-02-14 11:42:00,63.14,63.3,63.13,63.205,7392.0,SE
2023-02-14 11:41:00,63.11,63.14,63.06,63.105,4724.0,SE
2023-02-14 11:40:00,63.11,64.45,63.09,63.09,5144.0,SE
2023-02-14 11:39:00,63.14,63.1479,63.06,63.105,5420.0,SE
2023-02-14 11:38:00,63.15,63.2,63.14,63.18,3110.0,SE
2023-02-14 11:37:00,63.195,63.195,63.135,63.15,5499.0,SE
2023-02-14 11:36:00,63.12,63.19,63.11,63.1749,3769.0,SE
2023-02-14 11:35:00,63.15,63.2,63.07,63.12,3893.0,SE
2023-02-14 11:34:00,63.075,63.22,63.04,63.195,9482.0,SE
2023-02-14 11:33:00,63.3,63.3,63.06,63.06,19535.0,SE
2023-02-14 11:32:00,63.33,63.355,63.23,63.23,2418.0,SE
2023-02-14 11:31:00,63.4,63.41,63.295,63.295,8619.0,SE
2023-02-14 11:30:00,63.41,63.475,63.34,63.42,3848.0,SE
2023-02-14 11:29:00,63.585,63.585,63.4,63.41,5730.0,SE
2023-02-14 11:28:00,63.51,63.55,63.44,63.53,17091.0,SE
2023-02-14 11:27:00,63.63,63.63,63.36,63.515,47114.0,SE
2023-02-14 11:26:00,63.795,63.8,63.68,63.68,3120.0,SE
2023-02-14 11:25:00,63.83,63.83,63.73,63.795,3338.0,SE
2023-02-14 11:24:00,63.795,63.84,63.7357,63.825,1489.0,SE
2023-02-14 11:23:00,63.68,63.76,63.63,63.76,6550.0,SE
2023-02-14 11:22:00,63.66,63.73,63.5,63.73,7333.0,SE
2023-02-14 11:21:00,63.56,63.66,63.56,63.615,5404.0,SE
2023-02-14 11:20:00,63.6,63.725,63.57,63.58,8771.0,SE
2023-02-14 11:19:00,63.52,63.605,63.49,63.56,9452.0,SE
2023-02-14 11:18:00,63.48,63.575,63.42,63.47,7360.0,SE
2023-02-14 11:17:00,63.55,63.64,63.4743,63.52,24793.0,SE
2023-02-14 11:16:00,63.69,63.77,63.5,63.51,68416.0,SE
2023-02-14 11:15:00,63.62,63.72,63.615,63.71,3968.0,SE
2023-02-14 11:14:00,63.625,63.675,63.57,63.605,3655.0,SE
2023-02-14 11:13:00,63.67,63.69,63.6,63.63,4473.0,SE
2023-02-14 11:12:00,63.57,63.656,63.525,63.57,1637.0,SE
2023-02-14 11:11:00,63.63,63.69,63.6,63.61,2188.0,SE
2023-02-14 11:10:00,63.83,63.83,63.6,63.63,4528.0,SE
2023-02-14 11:09:00,63.9,63.9,63.79,63.79,11100.0,SE
2023-02-14 11:08:00,63.94,64.0,63.89,63.91,3087.0,SE
2023-02-14 11:07:00,63.89,63.895,63.74,63.77,3545.0,SE
2023-02-14 11:06:00,63.85,63.86,63.83,63.83,1524.0,SE
2023-02-14 11:05:00,63.9,63.94,63.825,63.825,3637.0,SE
2023-02-14 11:04:00,64.075,64.1,63.91,63.91,2182.0,SE
2023-02-14 11:03:00,63.94,64.12,63.94,64.11,3066.0,SE
2023-02-14 11:02:00,63.97,64.14,63.92,63.98,3223.0,SE
2023-02-14 11:01:00,63.86,64.0699,63.765,64.02,4519.0,SE
2023-02-14 11:00:00,63.785,63.87,63.785,63.82,2028.0,SE
2023-02-14 10:59:00,64.05,64.05,63.72,63.72,4233.0,SE
2023-02-14 10:58:00,64.01,64.03,63.995,64.01,1526.0,SE
2023-02-14 10:57:00,63.88,64.01,63.86,63.96,7525.0,SE
2023-02-14 10:56:00,63.93,63.93,63.8,63.855,5382.0,SE
2023-02-14 10:55:00,63.95,63.95,63.81,63.91,21816.0,SE
2023-02-14 10:54:00,63.82,63.91,63.81,63.86,1499.0,SE
2023-02-14 10:53:00,63.785,63.83,63.715,63.825,4804.0,SE
2023-02-14 10:52:00,63.77,63.86,63.61,63.77,7065.0,SE
2023-02-14 10:51:00,63.87,63.87,63.73,63.73,4661.0,SE
2023-02-14 10:50:00,63.84,63.95,63.82,63.87,8096.0,SE
2023-02-14 10:49:00,63.72,63.795,63.72,63.795,821.0,SE
2023-02-14 10:48:00,63.6,63.73,63.6,63.73,2225.0,SE
2023-02-14 10:47:00,63.54,63.6277,63.36,63.6277,6193.0,SE
2023-02-14 10:46:00,63.94,63.94,63.57,63.57,8279.0,SE
2023-02-14 10:45:00,64.05,64.12,64.0,64.0,3664.0,SE
2023-02-14 10:44:00,63.94,64.01,63.93,64.01,2614.0,SE
2023-02-14 10:43:00,63.87,64.0,63.85,63.985,17218.0,SE
2023-02-14 10:42:00,63.78,63.93,63.78,63.92,5421.0,SE
2023-02-14 10:41:00,63.88,63.9,63.74,63.8,12046.0,SE
2023-02-14 10:40:00,63.83,64.02,63.74,63.74,6944.0,SE
2023-02-14 10:39:00,63.815,63.95,63.815,63.83,3703.0,SE
2023-02-14 10:38:00,64.01,64.01,63.72,63.89,16256.0,SE
2023-02-14 10:37:00,64.145,64.145,63.92,63.95,10783.0,SE
2023-02-14 10:36:00,64.31,64.31,64.05,64.14,90456.0,SE
2023-02-14 10:35:00,64.58,64.58,64.34,64.34,11146.0,SE
2023-02-14 10:34:00,64.695,64.71,64.575,64.6,7579.0,SE
2023-02-14 10:33:00,64.675,64.685,64.535,64.685,14274.0,SE
2023-02-14 10:32:00,64.83,64.85,64.705,64.73,18527.0,SE
2023-02-14 10:31:00,64.86,65.0,64.77,64.78,10696.0,SE
2023-02-14 10:30:00,64.995,65.06,64.845,64.865,7116.0,SE
2023-02-14 10:29:00,65.075,65.12,64.9101,64.96,8078.0,SE
2023-02-14 10:28:00,65.18,65.21,65.09,65.09,4598.0,SE
2023-02-14 10:27:00,65.22,65.39,65.17,65.21,43703.0,SE
2023-02-14 10:26:00,65.25,65.29,65.18,65.2484,6371.0,SE
2023-02-14 10:25:00,65.5048,65.5194,65.19,65.32,75321.0,SE
2023-02-14 10:24:00,65.37,65.51,65.37,65.48,3958.0,SE
2023-02-14 10:23:00,65.3,65.39,65.3,65.37,6786.0,SE
2023-02-14 10:22:00,65.38,65.47,65.28,65.295,4930.0,SE
2023-02-14 10:21:00,65.21,65.37,65.21,65.37,4677.0,SE
2023-02-14 10:20:00,65.345,65.39,65.24,65.24,5012.0,SE
2023-02-14 10:19:00,65.17,65.37,65.14,65.37,4240.0,SE
2023-02-14 10:18:00,65.21,65.305,65.17,65.175,7144.0,SE
2023-02-14 10:17:00,65.08,65.22,65.08,65.16,2392.0,SE
2023-02-14 10:16:00,65.2094,65.25,65.06,65.0892,9579.0,SE
2023-02-14 10:15:00,65.19,65.27,65.11,65.27,8740.0,SE
2023-02-14 10:14:00,65.37,65.37,65.13,65.15,6530.0,SE
2023-02-14 10:13:00,65.39,65.42,64.45,65.32,8574.0,SE
2023-02-14 10:12:00,65.13,65.49,64.45,65.38,18324.0,SE
2023-02-14 10:11:00,65.1716,65.23,65.0601,65.13,6108.0,SE
2023-02-14 10:10:00,65.135,65.3,65.095,65.18,5821.0,SE
2023-02-14 10:09:00,65.15,65.2,65.07,65.135,12080.0,SE
2023-02-14 10:08:00,65.02,65.1678,64.89,65.1678,6676.0,SE
2023-02-14 10:07:00,64.99,65.03,64.86,64.9744,6877.0,SE
2023-02-14 10:06:00,64.87,64.96,64.7,64.96,13958.0,SE
2023-02-14 10:05:00,65.05,65.1,64.83,64.935,23981.0,SE
2023-02-14 10:04:00,65.01,65.01,64.94,64.95,10704.0,SE
2023-02-14 10:03:00,65.0,65.0369,64.82,65.02,20259.0,SE
2023-02-14 10:02:00,64.72,64.96,64.64,64.95,15580.0,SE
2023-02-14 10:01:00,64.67,64.74,64.63,64.7,13424.0,SE
2023-02-14 10:00:00,64.71,64.72,64.64,64.65,6639.0,SE
2023-02-14 09:59:00,64.66,64.75,64.63,64.63,29783.0,SE
2023-02-14 09:58:00,64.48,64.8,64.445,64.705,14491.0,SE
2023-02-14 09:57:00,64.54,64.54,64.35,64.44,3305.0,SE
2023-02-14 09:56:00,64.205,64.64,64.205,64.54,9762.0,SE
2023-02-14 09:55:00,63.93,64.2,63.93,64.2,13988.0,SE
2023-02-14 09:54:00,64.38,64.38,63.95,63.99,27596.0,SE
2023-02-14 09:53:00,64.53,64.61,64.375,64.455,32052.0,SE
2023-02-14 09:52:00,64.5,64.61,64.42,64.52,6289.0,SE
2023-02-14 09:51:00,64.39,64.39,64.255,64.38,10383.0,SE
2023-02-14 09:50:00,64.64,64.64,64.29,64.38,7778.0,SE
2023-02-14 09:49:00,64.425,64.53,64.39,64.53,4148.0,SE
2023-02-14 09:48:00,64.2,64.57,64.185,64.52,14709.0,SE
2023-02-14 09:47:00,64.655,64.75,64.2,64.2,117175.0,SE
2023-02-14 09:46:00,64.215,64.59,64.215,64.58,11430.0,SE
2023-02-14 09:45:00,63.81,64.18,63.76,64.08,9476.0,SE
2023-02-14 09:44:00,64.05,64.07,63.71,63.7621,87380.0,SE
2023-02-14 09:43:00,64.1,64.18,64.0,64.05,8048.0,SE
2023-02-14 09:42:00,63.79,64.12,63.79,64.09,9709.0,SE
2023-02-14 09:41:00,63.93,63.93,63.54,63.83,15832.0,SE
2023-02-14 09:40:00,64.04,64.15,63.9,63.9,7860.0,SE
2023-02-14 09:39:00,63.95,64.04,63.8,64.04,3854.0,SE
2023-02-14 09:38:00,63.98,64.14,63.82,64.0,6410.0,SE
2023-02-14 09:37:00,63.69,63.91,63.65,63.8595,10454.0,SE
2023-02-14 09:36:00,63.465,63.625,63.4,63.575,6920.0,SE
2023-02-14 09:35:00,63.41,63.69,63.27,63.46,15837.0,SE
2023-02-14 09:34:00,63.31,63.53,63.18,63.405,9371.0,SE
2023-02-14 09:33:00,63.47,63.58,63.2,63.31,6885.0,SE
2023-02-14 09:32:00,63.72,63.72,63.18,63.35,35860.0,SE
2023-02-14 09:31:00,64.45,64.5,63.63,63.63,65769.0,SE
2023-02-14 09:23:00,64.4,64.4,64.4,64.4,1040.0,SE
2023-02-14 09:18:00,64.31,64.31,64.31,64.31,200.0,SE
2023-02-14 09:07:00,64.3,64.3,64.3,64.3,102.0,SE
2023-02-14 09:00:00,64.7,64.7,64.7,64.7,100.0,SE
2023-02-14 08:55:00,64.7,64.7,64.7,64.7,100.0,SE
2023-02-14 08:53:00,65.03,65.03,65.03,65.03,755.0,SE
2023-02-14 08:52:00,65.3,65.3,65.3,65.3,200.0,SE
2023-02-14 08:51:00,64.99,65.02,64.7,65.02,1899.0,SE
2023-02-14 08:50:00,64.7,64.7,64.7,64.7,305.0,SE
2023-02-14 08:44:00,64.11,64.11,64.01,64.01,1205.0,SE
2023-02-14 08:43:00,64.08,64.08,63.99,64.0,7242.0,SE
2023-02-14 08:42:00,64.26,64.26,64.26,64.26,240.0,SE
2023-02-14 08:41:00,64.39,64.39,64.39,64.39,322.0,SE
2023-02-14 08:37:00,65.35,65.35,65.35,65.35,406.0,SE
2023-02-14 08:36:00,65.5,65.5,65.5,65.5,182.0,SE
2023-02-14 08:35:00,65.5,65.5,65.0,65.0,1645.0,SE
2023-02-14 08:34:00,65.35,65.35,65.35,65.35,546.0,SE
2023-02-14 08:33:00,65.14,65.35,65.1,65.35,1513.0,SE
2023-02-14 08:32:00,64.5,64.5,64.5,64.5,313.0,SE
2023-02-14 08:31:00,65.0,65.0,64.61,64.61,6401.0,SE
2023-02-14 08:18:00,64.96,64.96,64.96,64.96,191.0,SE
2023-02-14 08:15:00,65.03,65.03,65.03,65.03,284.0,SE
2023-02-14 08:01:00,65.0,65.15,64.88,64.88,822.0,SE
2023-02-14 07:41:00,65.0,65.0,65.0,65.0,1037.0,SE
2023-02-14 07:35:00,64.92,64.92,64.92,64.92,425.0,SE
2023-02-14 07:31:00,64.94,64.95,64.9,64.95,1532.0,SE
2023-02-14 07:16:00,64.93,64.93,64.93,64.93,324.0,SE
2023-02-14 07:12:00,65.0,65.0,65.0,65.0,1032.0,SE
2023-02-14 06:49:00,65.0,65.0,65.0,65.0,250.0,SE
2023-02-14 06:29:00,64.98,64.98,64.98,64.98,100.0,SE
2023-02-14 06:15:00,65.0,65.0,65.0,65.0,469.0,SE
2023-02-14 06:08:00,65.0,65.0,65.0,65.0,746.0,SE
2023-02-14 06:06:00,64.99,64.99,64.98,64.98,1000.0,SE
2023-02-14 05:51:00,65.09,65.09,65.09,65.09,110.0,SE
2023-02-14 05:45:00,64.95,64.99,64.95,64.99,1038.0,SE
2023-02-13 19:56:00,65.02,65.02,65.0,65.0,500.0,SE
2023-02-13 19:55:00,65.0,65.0,65.0,65.0,591.0,SE
2023-02-13 19:43:00,64.96,64.96,64.95,64.95,568.0,SE
2023-02-13 16:59:00,65.15,65.15,65.15,65.15,134.0,SE
2023-02-13 16:53:00,64.94,64.94,64.94,64.94,100.0,SE
2023-02-13 16:40:00,64.99,64.99,64.99,64.99,200.0,SE
2023-02-13 16:29:00,64.97,64.97,64.97,64.97,1353.0,SE
2023-02-13 16:20:00,64.97,64.97,64.97,64.97,150.0,SE
2023-02-13 16:11:00,65.0,65.0,65.0,65.0,200.0,SE
2023-02-13 16:10:00,65.0,65.0,65.0,65.0,500.0,SE
2023-02-13 16:01:00,65.02,65.02,65.02,65.02,27398.0,SE
2023-02-13 16:00:00,64.89,65.04,64.89,65.02,74189.0,SE
2023-02-13 15:59:00,64.84,64.9,64.83,64.9,25941.0,SE
2023-02-13 15:58:00,64.81,64.88,64.81,64.85,29379.0,SE
2023-02-13 15:57:00,64.75,64.83,64.75,64.82,25242.0,SE
2023-02-13 15:56:00,64.76,64.775,64.73,64.75,17210.0,SE
2023-02-13 15:55:00,64.68,64.74,64.635,64.72,18108.0,SE
2023-02-13 15:54:00,64.74,64.74,64.69,64.69,19512.0,SE
2023-02-13 15:53:00,64.72,64.76,64.69,64.73,16470.0,SE
2023-02-13 15:52:00,64.785,64.79,64.72,64.73,15804.0,SE
2023-02-13 15:51:00,64.87,64.91,64.71,64.77,21227.0,SE
2023-02-13 15:50:00,64.81,64.87,64.81,64.84,8031.0,SE
2023-02-13 15:49:00,64.72,64.83,64.72,64.81,9930.0,SE
2023-02-13 15:48:00,64.72,64.76,64.7,64.72,11756.0,SE
2023-02-13 15:47:00,64.73,64.73,64.68,64.72,13991.0,SE
2023-02-13 15:46:00,64.745,64.75,64.715,64.735,13666.0,SE
2023-02-13 15:45:00,64.74,64.78,64.735,64.74,7002.0,SE
2023-02-13 15:44:00,64.7,64.775,64.7,64.73,12297.0,SE
2023-02-13 15:43:00,64.7399,64.7399,64.69,64.69,8028.0,SE
2023-02-13 15:42:00,64.74,64.75,64.69,64.71,14944.0,SE
2023-02-13 15:41:00,64.79,64.8,64.73,64.735,11371.0,SE
2023-02-13 15:40:00,64.75,64.79,64.75,64.79,5038.0,SE
2023-02-13 15:39:00,64.64,64.73,64.64,64.73,7409.0,SE
2023-02-13 15:38:00,64.67,64.695,64.64,64.64,5164.0,SE
2023-02-13 15:37:00,64.695,64.71,64.69,64.69,3890.0,SE
2023-02-13 15:36:00,64.76,64.76,64.7,64.7,5328.0,SE
2023-02-13 15:35:00,64.73,64.76,64.72,64.75,7180.0,SE
2023-02-13 15:34:00,64.7101,64.73,64.69,64.73,6683.0,SE
2023-02-13 15:33:00,64.74,64.74,64.7009,64.73,2823.0,SE
2023-02-13 15:32:00,64.72,64.77,64.72,64.74,7344.0,SE
2023-02-13 15:31:00,64.67,64.725,64.66,64.71,3207.0,SE
2023-02-13 15:30:00,64.67,64.69,64.64,64.67,3037.0,SE
2023-02-13 15:29:00,64.72,64.76,64.66,64.66,4984.0,SE
2023-02-13 15:28:00,64.735,64.735,64.72,64.72,2565.0,SE
2023-02-13 15:27:00,64.75,64.75,64.6653,64.73,5764.0,SE
2023-02-13 15:26:00,64.69,64.76,64.69,64.76,2289.0,SE
2023-02-13 15:25:00,64.66,64.69,64.655,64.67,3664.0,SE
2023-02-13 15:24:00,64.7,64.7,64.645,64.645,1551.0,SE
2023-02-13 15:23:00,64.71,64.735,64.67,64.735,3527.0,SE
2023-02-13 15:22:00,64.71,64.73,64.71,64.73,4758.0,SE
2023-02-13 15:21:00,64.71,64.71,64.68,64.7,2621.0,SE
2023-02-13 15:20:00,64.63,64.7,64.63,64.7,4159.0,SE
2023-02-13 15:19:00,64.62,64.66,64.6,64.6,4994.0,SE
2023-02-13 15:18:00,64.67,64.7,64.64,64.64,3811.0,SE
2023-02-13 15:17:00,64.76,64.76,64.71,64.71,3730.0,SE
2023-02-13 15:16:00,64.78,64.8,64.74,64.74,2172.0,SE
2023-02-13 15:15:00,64.79,64.8,64.79,64.79,828.0,SE
2023-02-13 15:14:00,64.78,64.79,64.74,64.78,5201.0,SE
2023-02-13 15:13:00,64.78,64.81,64.78,64.8,1849.0,SE
2023-02-13 15:12:00,64.76,64.77,64.71,64.77,2727.0,SE
2023-02-13 15:11:00,64.635,64.76,64.635,64.76,4460.0,SE
2023-02-13 15:10:00,64.59,64.68,64.58,64.68,5233.0,SE
2023-02-13 15:09:00,64.61,64.61,64.59,64.6,1226.0,SE
2023-02-13 15:08:00,64.67,64.67,64.61,64.61,1530.0,SE
2023-02-13 15:07:00,64.64,64.645,64.61,64.64,2594.0,SE
2023-02-13 15:06:00,64.587,64.68,64.575,64.68,3160.0,SE
2023-02-13 15:05:00,64.541,64.595,64.541,64.58,2864.0,SE
2023-02-13 15:04:00,64.52,64.535,64.52,64.535,1193.0,SE
2023-02-13 15:03:00,64.5,64.53,64.46,64.52,4534.0,SE
2023-02-13 15:02:00,64.58,64.58,64.5,64.5,2658.0,SE
2023-02-13 15:01:00,64.74,64.74,64.6324,64.635,1907.0,SE
2023-02-13 15:00:00,64.665,64.73,64.665,64.73,3345.0,SE
2023-02-13 14:59:00,64.68,64.71,64.65,64.65,3172.0,SE
2023-02-13 14:58:00,64.67,64.7,64.66,64.68,3433.0,SE
2023-02-13 14:57:00,64.675,64.71,64.62,64.68,3390.0,SE
2023-02-13 14:56:00,64.61,64.68,64.565,64.68,6465.0,SE
2023-02-13 14:55:00,64.59,64.66,64.58,64.62,47905.0,SE
2023-02-13 14:54:00,64.56,64.6,64.53,64.58,4889.0,SE
2023-02-13 14:53:00,64.52,64.56,64.51,64.56,1752.0,SE
2023-02-13 14:52:00,64.43,64.495,64.43,64.495,2315.0,SE
2023-02-13 14:51:00,64.41,64.455,64.41,64.44,667.0,SE
2023-02-13 14:50:00,64.38,64.44,64.33,64.41,4617.0,SE
2023-02-13 14:49:00,64.41,64.43,64.4,64.4,2398.0,SE
2023-02-13 14:48:00,64.43,64.46,64.41,64.46,3129.0,SE
2023-02-13 14:47:00,64.52,64.535,64.43,64.43,2488.0,SE
2023-02-13 14:46:00,64.6,64.62,64.52,64.52,1685.0,SE
2023-02-13 14:45:00,64.595,64.6,64.56,64.6,1740.0,SE
2023-02-13 14:44:00,64.56,64.605,64.56,64.59,3287.0,SE
2023-02-13 14:43:00,64.61,64.62,64.54,64.54,2663.0,SE
2023-02-13 14:42:00,64.69,64.69,64.62,64.62,2208.0,SE
2023-02-13 14:41:00,64.74,64.74,64.69,64.69,1108.0,SE
2023-02-13 14:40:00,64.74,64.745,64.72,64.745,3575.0,SE
2023-02-13 14:39:00,64.755,64.755,64.74,64.75,1294.0,SE
2023-02-13 14:38:00,64.79,64.8,64.74,64.755,2359.0,SE
2023-02-13 14:37:00,64.75,64.77,64.71,64.77,1273.0,SE
2023-02-13 14:36:00,64.64,64.74,64.62,64.74,3990.0,SE
2023-02-13 14:35:00,64.64,64.66,64.57,64.65,5924.0,SE
2023-02-13 14:34:00,64.7,64.71,64.65,64.665,1159.0,SE
2023-02-13 14:33:00,64.755,64.77,64.7015,64.73,986.0,SE
2023-02-13 14:32:00,64.8,64.81,64.75,64.75,3889.0,SE
2023-02-13 14:31:00,64.87,64.87,64.8,64.8,4376.0,SE
2023-02-13 14:30:00,64.92,64.92,64.84,64.85,3200.0,SE
2023-02-13 14:29:00,64.96,64.96,64.88,64.92,2181.0,SE
2023-02-13 14:28:00,64.96,64.97,64.9,64.97,3058.0,SE
2023-02-13 14:27:00,64.95,64.96,64.94,64.945,1978.0,SE
2023-02-13 14:26:00,64.95,65.0,64.94,64.99,3882.0,SE
2023-02-13 14:25:00,64.93,64.98,64.93,64.98,1997.0,SE
2023-02-13 14:24:00,64.92,64.93,64.91,64.93,1070.0,SE
2023-02-13 14:23:00,64.95,64.95,64.95,64.95,1402.0,SE
2023-02-13 14:22:00,64.97,64.97,64.95,64.955,664.0,SE
2023-02-13 14:21:00,64.95,64.99,64.95,64.985,3450.0,SE
2023-02-13 14:20:00,64.959,64.98,64.9496,64.98,1931.0,SE
2023-02-13 14:19:00,64.97,64.97,64.94,64.95,1209.0,SE
2023-02-13 14:18:00,64.94,64.98,64.94,64.98,2080.0,SE
2023-02-13 14:17:00,64.95,64.95,64.93,64.95,2640.0,SE
2023-02-13 14:16:00,64.935,64.94,64.9,64.94,3322.0,SE
2023-02-13 14:15:00,64.92,64.95,64.92,64.93,1935.0,SE
2023-02-13 14:14:00,64.975,64.975,64.91,64.91,3000.0,SE
2023-02-13 14:13:00,64.99,65.0,64.9601,64.98,1840.0,SE
2023-02-13 14:12:00,65.0403,65.0403,64.975,64.975,3507.0,SE
2023-02-13 14:11:00,65.09,65.09,65.05,65.07,2405.0,SE
2023-02-13 14:10:00,65.02,65.12,65.02,65.11,3556.0,SE
2023-02-13 14:09:00,65.075,65.1,64.97,64.995,2778.0,SE
2023-02-13 14:08:00,65.24,65.24,65.1,65.1,1783.0,SE
2023-02-13 14:07:00,65.25,65.29,65.23,65.28,4615.0,SE
2023-02-13 14:06:00,65.23,65.235,65.18,65.22,12034.0,SE
2023-02-13 14:05:00,65.27,65.28,65.24,65.28,1743.0,SE
2023-02-13 14:04:00,65.27,65.27,65.26,65.26,1399.0,SE
2023-02-13 14:03:00,65.26,65.29,65.25,65.27,4310.0,SE
2023-02-13 14:02:00,65.23,65.305,65.23,65.27,2881.0,SE
2023-02-13 14:01:00,65.23,65.23,65.195,65.22,970.0,SE
2023-02-13 14:00:00,65.25,65.25,65.22,65.22,1020.0,SE
2023-02-13 13:59:00,65.18,65.235,65.17,65.235,2265.0,SE
2023-02-13 13:58:00,65.21,65.215,65.19,65.19,1652.0,SE
2023-02-13 13:57:00,65.2214,65.2214,65.17,65.22,2509.0,SE
2023-02-13 13:56:00,65.14,65.2,65.14,65.2,2517.0,SE
2023-02-13 13:55:00,65.165,65.165,65.09,65.09,1034.0,SE
2023-02-13 13:54:00,65.2,65.2,65.195,65.195,819.0,SE
2023-02-13 13:53:00,65.235,65.235,65.19,65.21,4317.0,SE
2023-02-13 13:52:00,65.1563,65.22,65.1563,65.22,1817.0,SE
2023-02-13 13:51:00,65.15,65.17,65.15,65.17,1149.0,SE
2023-02-13 13:50:00,65.13,65.14,65.13,65.13,749.0,SE
2023-02-13 13:49:00,65.21,65.22,65.16,65.16,2688.0,SE
2023-02-13 13:48:00,65.1777,65.185,65.15,65.185,1696.0,SE
2023-02-13 13:47:00,65.16,65.2,65.15,65.16,3196.0,SE
2023-02-13 13:46:00,65.16,65.17,65.135,65.135,1887.0,SE
2023-02-13 13:45:00,65.19,65.2,65.17,65.2,1049.0,SE
2023-02-13 13:44:00,65.2,65.21,65.195,65.195,434.0,SE
2023-02-13 13:43:00,65.14,65.19,65.1296,65.18,1853.0,SE
2023-02-13 13:42:00,65.2,65.2,65.15,65.15,1500.0,SE
2023-02-13 13:41:00,65.17,65.2,65.17,65.184,1255.0,SE
2023-02-13 13:40:00,65.23,65.23,65.12,65.155,3424.0,SE
2023-02-13 13:39:00,65.1901,65.22,65.19,65.19,912.0,SE
2023-02-13 13:38:00,65.18,65.23,65.17,65.23,3156.0,SE
2023-02-13 13:37:00,65.14,65.185,65.125,65.18,2209.0,SE
2023-02-13 13:36:00,65.23,65.23,65.13,65.145,3660.0,SE
2023-02-13 13:35:00,65.26,65.28,65.24,65.245,2575.0,SE
2023-02-13 13:34:00,65.36,65.36,65.29,65.29,1889.0,SE
2023-02-13 13:33:00,65.24,65.36,65.24,65.33,3859.0,SE
2023-02-13 13:32:00,65.225,65.25,65.21,65.24,2914.0,SE
2023-02-13 13:31:00,65.21,65.25,65.2,65.2,1035.0,SE
2023-02-13 13:30:00,65.23,65.23,65.16,65.22,2423.0,SE
2023-02-13 13:29:00,65.22,65.22,65.2,65.21,1326.0,SE
2023-02-13 13:28:00,65.165,65.17,65.14,65.17,1695.0,SE
2023-02-13 13:27:00,65.14,65.2,65.14,65.17,2245.0,SE
2023-02-13 13:26:00,65.03,65.115,65.03,65.11,4046.0,SE
2023-02-13 13:25:00,65.045,65.05,65.01,65.03,2406.0,SE
2023-02-13 13:24:00,65.07,65.07,65.06,65.06,1090.0,SE
2023-02-13 13:23:00,65.0299,65.06,65.0,65.06,1805.0,SE
2023-02-13 13:22:00,64.97,65.03,64.97,65.03,1623.0,SE
2023-02-13 13:21:00,64.97,65.01,64.97,64.995,1142.0,SE
2023-02-13 13:20:00,65.0,65.0,64.94,64.955,989.0,SE
2023-02-13 13:19:00,65.0525,65.055,64.95,64.9714,14919.0,SE
2023-02-13 13:18:00,64.95,65.05,64.95,65.05,3146.0,SE
2023-02-13 13:17:00,64.96,64.96,64.93,64.93,1187.0,SE
2023-02-13 13:16:00,64.96,64.97,64.95,64.95,4950.0,SE
2023-02-13 13:15:00,64.92,64.99,64.92,64.97,6987.0,SE
2023-02-13 13:14:00,64.9,64.91,64.89,64.89,2490.0,SE
2023-02-13 13:13:00,64.9,64.9,64.9,64.9,287.0,SE
2023-02-13 13:12:00,64.91,64.91,64.91,64.91,641.0,SE
2023-02-13 13:11:00,64.93,64.98,64.93,64.98,1829.0,SE
2023-02-13 13:10:00,64.92,64.95,64.92,64.95,1114.0,SE
2023-02-13 13:09:00,64.97,64.9897,64.92,64.92,1180.0,SE
2023-02-13 13:08:00,64.99,64.99,64.99,64.99,679.0,SE
2023-02-13 13:07:00,64.98,64.98,64.95,64.95,2205.0,SE
2023-02-13 13:06:00,65.07,65.08,65.0,65.0253,4951.0,SE
2023-02-13 13:05:00,65.07,65.075,65.04,65.07,1820.0,SE
2023-02-13 13:04:00,65.08,65.08,65.075,65.075,616.0,SE
2023-02-13 13:03:00,65.03,65.15,65.03,65.07,2642.0,SE
2023-02-13 13:02:00,65.055,65.055,65.01,65.018,802.0,SE
2023-02-13 13:01:00,65.03,65.05,65.03,65.05,629.0,SE
2023-02-13 13:00:00,65.1,65.12,65.06,65.0875,3252.0,SE
2023-02-13 12:59:00,65.075,65.075,65.07,65.07,897.0,SE
2023-02-13 12:58:00,65.06,65.08,65.06,65.08,1132.0,SE
2023-02-13 12:57:00,65.05,65.08,65.05,65.07,1151.0,SE
2023-02-13 12:56:00,65.15,65.15,65.08,65.08,1012.0,SE
2023-02-13 12:55:00,65.24,65.24,65.15,65.15,997.0,SE
2023-02-13 12:54:00,65.19,65.265,65.19,65.24,3698.0,SE
2023-02-13 12:53:00,65.195,65.195,65.17,65.17,571.0,SE
2023-02-13 12:52:00,65.24,65.24,65.18,65.18,3420.0,SE
2023-02-13 12:51:00,65.18,65.23,65.18,65.23,1259.0,SE
2023-02-13 12:50:00,65.195,65.225,65.195,65.225,2281.0,SE
2023-02-13 12:49:00,65.2,65.24,65.2,65.22,2161.0,SE
2023-02-13 12:48:00,65.17,65.17,65.16,65.17,710.0,SE
2023-02-13 12:47:00,65.18,65.18,65.12,65.17,1685.0,SE
2023-02-13 12:46:00,65.21,65.23,65.155,65.155,1305.0,SE
2023-02-13 12:45:00,65.14,65.215,65.14,65.18,1417.0,SE
2023-02-13 12:44:00,65.16,65.16,65.14,65.14,1273.0,SE
2023-02-13 12:43:00,65.18,65.2,65.18,65.195,667.0,SE
2023-02-13 12:42:00,65.14,65.2,65.14,65.2,1017.0,SE
2023-02-13 12:41:00,65.09,65.12,65.09,65.12,674.0,SE
2023-02-13 12:40:00,65.0428,65.08,65.04,65.07,2136.0,SE
2023-02-13 12:39:00,65.0379,65.07,65.035,65.07,2182.0,SE
2023-02-13 12:38:00,65.055,65.08,64.98,65.03,7699.0,SE
2023-02-13 12:37:00,65.085,65.085,65.04,65.055,1341.0,SE
2023-02-13 12:36:00,65.14,65.14,65.085,65.09,2550.0,SE
2023-02-13 12:35:00,65.2,65.2,65.13,65.15,2056.0,SE
2023-02-13 12:34:00,65.16,65.21,65.16,65.205,901.0,SE
2023-02-13 12:33:00,65.18,65.215,65.14,65.185,5472.0,SE
2023-02-13 12:32:00,65.11,65.19,65.11,65.18,3308.0,SE
2023-02-13 12:31:00,65.1,65.13,65.08,65.1,2510.0,SE
2023-02-13 12:30:00,64.97,65.09,64.97,65.09,1487.0,SE
2023-02-13 12:29:00,64.95,64.97,64.92,64.97,1480.0,SE
2023-02-13 12:28:00,65.05,65.05,64.985,64.985,811.0,SE
2023-02-13 12:27:00,65.01,65.09,65.01,65.05,2304.0,SE
2023-02-13 12:26:00,65.17,65.17,65.06,65.06,15652.0,SE
2023-02-13 12:25:00,65.265,65.265,65.24,65.24,2148.0,SE
2023-02-13 12:24:00,65.11,65.24,65.11,65.24,2316.0,SE
2023-02-13 12:23:00,65.1,65.12,65.1,65.12,13987.0,SE
2023-02-13 12:22:00,65.11,65.16,65.11,65.16,3309.0,SE
2023-02-13 12:21:00,65.2,65.2,65.117,65.117,1219.0,SE
2023-02-13 12:20:00,65.29,65.29,65.2,65.2,1410.0,SE
2023-02-13 12:19:00,65.25,65.26,65.21,65.25,6029.0,SE
2023-02-13 12:18:00,65.35,65.35,65.23,65.24,4609.0,SE
2023-02-13 12:17:00,65.385,65.385,65.315,65.35,7250.0,SE
2023-02-13 12:16:00,65.38,65.42,65.37,65.38,4324.0,SE
2023-02-13 12:15:00,65.325,65.38,65.325,65.38,3602.0,SE
2023-02-13 12:14:00,65.35,65.37,65.29,65.32,5095.0,SE
2023-02-13 12:13:00,65.345,65.35,65.32,65.33,5576.0,SE
2023-02-13 12:12:00,65.33,65.35,65.29,65.34,3248.0,SE
2023-02-13 12:11:00,65.34,65.35,65.27,65.33,4617.0,SE
2023-02-13 12:10:00,65.22,65.33,65.22,65.33,7715.0,SE
2023-02-13 12:09:00,65.17,65.2,65.17,65.2,728.0,SE
2023-02-13 12:08:00,65.15,65.23,65.13,65.13,4686.0,SE
2023-02-13 12:07:00,65.04,65.13,65.04,65.12,7607.0,SE
2023-02-13 12:06:00,64.98,65.04,64.98,65.01,3136.0,SE
2023-02-13 12:05:00,65.01,65.05,64.95,64.95,3596.0,SE
2023-02-13 12:04:00,64.95,64.99,64.93,64.99,753.0,SE
2023-02-13 12:03:00,64.9209,64.97,64.9209,64.97,1311.0,SE
2023-02-13 12:02:00,64.95,64.95,64.88,64.8923,800.0,SE
2023-02-13 12:01:00,64.86,64.92,64.85,64.92,3700.0,SE
2023-02-13 12:00:00,64.79,64.82,64.79,64.82,874.0,SE
2023-02-13 11:59:00,64.76,64.85,64.76,64.85,338.0,SE
2023-02-13 11:58:00,64.82,64.82,64.73,64.75,3505.0,SE
2023-02-13 11:57:00,64.66,64.81,64.66,64.81,3907.0,SE
2023-02-13 11:56:00,64.77,64.77,64.655,64.655,2047.0,SE
2023-02-13 11:55:00,64.75,64.81,64.75,64.79,1436.0,SE
2023-02-13 11:54:00,64.725,64.77,64.725,64.73,3100.0,SE
2023-02-13 11:53:00,64.8,64.8,64.75,64.75,1230.0,SE
2023-02-13 11:52:00,64.88,64.88,64.8,64.8,2778.0,SE
2023-02-13 11:51:00,64.97,64.97,64.89,64.89,1011.0,SE
2023-02-13 11:50:00,64.96,64.9898,64.96,64.97,1622.0,SE
2023-02-13 11:49:00,64.955,64.96,64.95,64.95,1457.0,SE
2023-02-13 11:48:00,65.07,65.07,64.99,64.99,3937.0,SE
2023-02-13 11:47:00,65.045,65.08,64.99,65.08,2462.0,SE
2023-02-13 11:46:00,65.067,65.1099,65.06,65.09,2508.0,SE
2023-02-13 11:45:00,64.992,65.075,64.992,65.07,1859.0,SE
2023-02-13 11:44:00,64.91,64.9742,64.91,64.9742,1393.0,SE
2023-02-13 11:43:00,64.79,64.88,64.76,64.88,4607.0,SE
2023-02-13 11:42:00,64.76,64.76,64.745,64.745,299.0,SE
2023-02-13 11:41:00,64.815,64.89,64.77,64.77,4958.0,SE
2023-02-13 11:40:00,64.74,64.8372,64.74,64.8001,1582.0,SE
2023-02-13 11:39:00,64.75,64.75,64.67,64.71,2250.0,SE
2023-02-13 11:38:00,64.786,64.79,64.7693,64.7693,1582.0,SE
2023-02-13 11:37:00,64.8,64.8116,64.76,64.785,2276.0,SE
2023-02-13 11:36:00,64.95,64.95,64.78,64.84,2145.0,SE
2023-02-13 11:35:00,64.97,64.97,64.87,64.92,2236.0,SE
2023-02-13 11:34:00,64.96,65.01,64.9567,64.97,4268.0,SE
2023-02-13 11:33:00,65.02,65.02,64.96,64.99,1765.0,SE
2023-02-13 11:32:00,65.135,65.135,65.0205,65.0205,1574.0,SE
2023-02-13 11:31:00,65.17,65.2,65.14,65.16,4177.0,SE
2023-02-13 11:30:00,65.16,65.195,65.15,65.16,2785.0,SE
2023-02-13 11:29:00,65.06,65.16,65.06,65.155,4984.0,SE
2023-02-13 11:28:00,65.06,65.09,65.06,65.06,889.0,SE
2023-02-13 11:27:00,65.28,65.28,65.04,65.04,2193.0,SE
2023-02-13 11:26:00,65.1301,65.28,65.1301,65.255,8280.0,SE
2023-02-13 11:25:00,65.1,65.2,65.1,65.14,6565.0,SE
2023-02-13 11:24:00,65.24,65.24,65.1,65.11,2372.0,SE
2023-02-13 11:23:00,65.37,65.37,65.29,65.3,3170.0,SE
2023-02-13 11:22:00,65.41,65.41,65.3,65.34,5019.0,SE
2023-02-13 11:21:00,65.3499,65.38,65.33,65.38,4565.0,SE
2023-02-13 11:20:00,65.31,65.33,65.285,65.325,3797.0,SE
2023-02-13 11:19:00,65.275,65.31,65.25,65.295,5038.0,SE
2023-02-13 11:18:00,65.3,65.3,65.251,65.275,5536.0,SE
2023-02-13 11:17:00,65.25,65.34,65.25,65.315,3504.0,SE
2023-02-13 11:16:00,65.209,65.25,65.16,65.25,4694.0,SE
2023-02-13 11:15:00,65.14,65.18,65.13,65.18,3778.0,SE
2023-02-13 11:14:00,65.09,65.14,65.09,65.135,1962.0,SE
2023-02-13 11:13:00,65.09,65.0999,65.02,65.08,2781.0,SE
2023-02-13 11:12:00,65.14,65.15,65.07,65.09,7929.0,SE
2023-02-13 11:11:00,65.08,65.13,65.06,65.13,7489.0,SE
2023-02-13 11:10:00,65.1,65.1,65.01,65.05,4520.0,SE
2023-02-13 11:09:00,65.09,65.12,65.06,65.07,4054.0,SE
2023-02-13 11:08:00,64.95,65.06,64.92,65.06,9506.0,SE
2023-02-13 11:07:00,64.99,65.02,64.9,65.0,15424.0,SE
2023-02-13 11:06:00,64.89,64.98,64.89,64.97,2722.0,SE
2023-02-13 11:05:00,64.7914,64.88,64.7914,64.87,7574.0,SE
2023-02-13 11:04:00,64.88,64.92,64.8,64.8,4330.0,SE
2023-02-13 11:03:00,64.94,65.0,64.86,64.86,11813.0,SE
2023-02-13 11:02:00,64.96,64.965,64.92,64.94,3185.0,SE
2023-02-13 11:01:00,64.8,64.95,64.8,64.92,6878.0,SE
2023-02-13 11:00:00,64.765,64.8,64.74,64.74,4706.0,SE
2023-02-13 10:59:00,64.74,64.76,64.72,64.74,3486.0,SE
2023-02-13 10:58:00,64.83,64.83,64.75,64.76,5026.0,SE
2023-02-13 10:57:00,64.88,64.9,64.8,64.8,4108.0,SE
2023-02-13 10:56:00,64.8,64.88,64.78,64.88,2983.0,SE
2023-02-13 10:55:00,64.77,64.8055,64.69,64.69,4234.0,SE
2023-02-13 10:54:00,64.79,64.82,64.77,64.8,2586.0,SE
2023-02-13 10:53:00,64.8,64.88,64.8,64.845,2605.0,SE
2023-02-13 10:52:00,64.83,64.85,64.78,64.791,4585.0,SE
2023-02-13 10:51:00,64.82,64.83,64.77,64.805,3259.0,SE
2023-02-13 10:50:00,64.86,64.89,64.8,64.8,3251.0,SE
2023-02-13 10:49:00,64.77,64.85,64.77,64.85,5420.0,SE
2023-02-13 10:48:00,64.705,64.8,64.705,64.79,8133.0,SE
2023-02-13 10:47:00,64.62,64.73,64.62,64.69,7967.0,SE
2023-02-13 10:46:00,64.47,64.6,64.44,64.6,9284.0,SE
2023-02-13 10:45:00,64.5,64.54,64.44,64.44,4569.0,SE
2023-02-13 10:44:00,64.46,64.57,64.46,64.505,17824.0,SE
2023-02-13 10:43:00,64.4,64.48,64.37,64.4617,7292.0,SE
2023-02-13 10:42:00,64.26,64.37,64.26,64.345,13038.0,SE
2023-02-13 10:41:00,64.165,64.265,64.14,64.265,8707.0,SE
2023-02-13 10:40:00,64.22,64.235,64.145,64.17,4096.0,SE
2023-02-13 10:39:00,64.37,64.39,64.24,64.24,19249.0,SE
2023-02-13 10:38:00,64.48,64.48,64.395,64.395,3455.0,SE
2023-02-13 10:37:00,64.47,64.55,64.46,64.49,9875.0,SE
2023-02-13 10:36:00,64.27,64.46,64.26,64.44,11681.0,SE
2023-02-13 10:35:00,64.22,64.25,64.13,64.245,6842.0,SE
2023-02-13 10:34:00,64.3,64.36,64.23,64.26,4959.0,SE
2023-02-13 10:33:00,64.17,64.3,64.12,64.275,3806.0,SE
2023-02-13 10:32:00,64.15,64.21,64.135,64.17,2545.0,SE
2023-02-13 10:31:00,64.11,64.1505,64.07,64.08,4036.0,SE
2023-02-13 10:30:00,64.0,64.19,63.98,64.1,8919.0,SE
2023-02-13 10:29:00,64.025,64.025,63.995,64.0,1697.0,SE
2023-02-13 10:28:00,64.11,64.16,63.99,64.03,21503.0,SE
2023-02-13 10:27:00,64.19,64.205,64.11,64.12,9357.0,SE
2023-02-13 10:26:00,64.16,64.16,64.15,64.16,571.0,SE
2023-02-13 10:25:00,64.15,64.18,64.06,64.17,7162.0,SE
2023-02-13 10:24:00,64.13,64.2,64.12,64.175,3207.0,SE
2023-02-13 10:23:00,64.255,64.255,64.12,64.16,4076.0,SE
2023-02-13 10:22:00,64.19,64.26,64.19,64.26,1291.0,SE
2023-02-13 10:21:00,64.02,64.18,64.02,64.17,6595.0,SE
2023-02-13 10:20:00,64.03,64.03,63.99,64.01,2881.0,SE
2023-02-13 10:19:00,63.87,64.03,63.84,63.98,1311.0,SE
2023-02-13 10:18:00,63.88,63.9814,63.85,63.86,4623.0,SE
2023-02-13 10:17:00,63.78,63.87,63.7,63.83,7552.0,SE
2023-02-13 10:16:00,63.93,64.02,63.79,63.8,6439.0,SE
2023-02-13 10:15:00,64.0,64.07,63.97,63.98,3635.0,SE
2023-02-13 10:14:00,63.945,64.08,63.91,64.02,3406.0,SE
2023-02-13 10:13:00,63.88,64.11,63.87,63.94,3928.0,SE
2023-02-13 10:12:00,63.76,63.925,63.76,63.925,1767.0,SE
2023-02-13 10:11:00,63.8,63.9,63.75,63.76,2647.0,SE
2023-02-13 10:10:00,63.88,63.88,63.77,63.81,3279.0,SE
2023-02-13 10:09:00,63.91,64.06,63.9,63.92,6547.0,SE
2023-02-13 10:08:00,63.98,64.1,63.97,63.99,5520.0,SE
2023-02-13 10:07:00,63.8,63.94,63.7672,63.94,6297.0,SE
2023-02-13 10:06:00,63.81,63.81,63.74,63.79,1448.0,SE
2023-02-13 10:05:00,63.74,63.8,63.7,63.8,4412.0,SE
2023-02-13 10:04:00,63.95,63.95,63.72,63.76,9710.0,SE
2023-02-13 10:03:00,64.18,64.185,63.94,63.95,5050.0,SE
2023-02-13 10:02:00,64.0,64.25,63.92,64.16,10834.0,SE
2023-02-13 10:01:00,64.2,64.28,63.97,63.97,7038.0,SE
2023-02-13 10:00:00,64.27,64.28,64.154,64.2,5898.0,SE
2023-02-13 09:59:00,64.145,64.31,64.13,64.31,4270.0,SE
2023-02-13 09:58:00,63.8,64.18,63.8,64.18,14105.0,SE
2023-02-13 09:57:00,63.805,63.84,63.7,63.78,28416.0,SE
2023-02-13 09:56:00,63.72,63.8032,63.68,63.8032,22254.0,SE
2023-02-13 09:55:00,63.62,63.74,63.61,63.72,19322.0,SE
2023-02-13 09:54:00,63.81,63.82,63.555,63.61,10861.0,SE
2023-02-13 09:53:00,63.99,64.0,63.76,63.765,22254.0,SE
2023-02-13 09:52:00,64.115,64.17,64.0,64.03,9079.0,SE
2023-02-13 09:51:00,64.0,64.11,63.97,64.11,3151.0,SE
2023-02-13 09:50:00,63.99,64.04,63.885,64.0,7890.0,SE
2023-02-13 09:49:00,63.81,63.95,63.81,63.89,6010.0,SE
2023-02-13 09:48:00,64.12,64.12,63.82,63.89,7044.0,SE
2023-02-13 09:47:00,64.1,64.21,64.02,64.1,7205.0,SE
2023-02-13 09:46:00,64.04,64.29,64.04,64.22,7574.0,SE
2023-02-13 09:45:00,64.14,64.2,63.98,64.04,9595.0,SE
2023-02-13 09:44:00,63.96,64.21,63.945,64.18,12070.0,SE
2023-02-13 09:43:00,64.14,64.14,63.84,63.9,12352.0,SE
2023-02-13 09:42:00,63.81,64.14,63.805,64.075,28925.0,SE
2023-02-13 09:41:00,63.725,63.89,63.62,63.72,8138.0,SE
2023-02-13 09:40:00,63.545,63.79,63.545,63.73,3558.0,SE
2023-02-13 09:39:00,63.4583,63.57,63.37,63.57,7220.0,SE
2023-02-13 09:38:00,63.6,63.69,63.4,63.4,4784.0,SE
2023-02-13 09:37:00,63.4,63.6,63.2201,63.57,9775.0,SE
2023-02-13 09:36:00,63.69,63.8,63.42,63.42,9517.0,SE
2023-02-13 09:35:00,63.89,63.94,63.76,63.79,11147.0,SE
2023-02-13 09:34:00,63.68,63.84,63.675,63.83,45003.0,SE
2023-02-13 09:33:00,63.895,64.06,63.63,63.64,21930.0,SE
2023-02-13 09:32:00,63.74,64.06,63.52,63.9,11671.0,SE
2023-02-13 09:31:00,63.66,64.0,63.66,63.66,61086.0,SE
2023-02-13 09:30:00,64.13,64.13,63.85,63.85,2481.0,SE
2023-02-13 09:29:00,64.14,64.14,64.14,64.14,150.0,SE
2023-02-13 09:27:00,64.39,64.39,64.25,64.25,9300.0,SE
2023-02-13 09:26:00,64.13,64.13,64.13,64.13,9200.0,SE
2023-02-13 09:15:00,64.15,64.15,64.15,64.15,628.0,SE
2023-02-13 09:14:00,64.15,64.15,64.15,64.15,407.0,SE
2023-02-13 09:06:00,64.03,64.03,64.03,64.03,351.0,SE
2023-02-13 08:59:00,64.01,64.01,64.01,64.01,307.0,SE
2023-02-13 08:53:00,64.03,64.03,64.01,64.01,300.0,SE
2023-02-13 08:51:00,64.15,64.15,64.15,64.15,148.0,SE
2023-02-13 08:48:00,64.15,64.15,64.15,64.15,339.0,SE
2023-02-13 08:28:00,64.5,64.5,64.5,64.5,1002.0,SE
2023-02-13 08:23:00,64.28,64.28,64.02,64.02,714.0,SE
2023-02-13 08:21:00,64.3,64.3,64.28,64.28,651.0,SE
2023-02-13 08:20:00,64.36,64.36,64.36,64.36,325.0,SE
2023-02-13 08:13:00,64.5,64.5,64.5,64.5,300.0,SE
2023-02-13 08:05:00,64.45,64.45,64.4,64.4,1651.0,SE
2023-02-13 08:01:00,64.4,64.5,64.4,64.5,631.0,SE
2023-02-13 07:43:00,64.46,64.46,64.46,64.46,300.0,SE
2023-02-13 07:42:00,64.41,64.41,64.41,64.41,157.0,SE
2023-02-13 07:40:00,64.4,64.4,64.4,64.4,155.0,SE
2023-02-13 07:39:00,64.5,64.5,64.5,64.5,165.0,SE
2023-02-13 07:33:00,64.5,64.5,64.5,64.5,100.0,SE
2023-02-13 07:29:00,64.4,64.4,64.4,64.4,299.0,SE
2023-02-13 07:13:00,64.28,64.3,64.28,64.3,426.0,SE
2023-02-13 07:02:00,64.19,64.25,64.19,64.25,500.0,SE
2023-02-13 06:53:00,64.21,64.21,64.21,64.21,100.0,SE
2023-02-13 06:38:00,64.2,64.2,64.18,64.2,790.0,SE
2023-02-13 06:35:00,64.1,64.1,64.1,64.1,1855.0,SE
2023-02-13 06:33:00,64.1,64.1,64.1,64.1,1745.0,SE
2023-02-13 06:32:00,64.09,64.1,64.09,64.1,1346.0,SE
2023-02-13 05:56:00,64.1,64.1,64.1,64.1,103.0,SE
2023-02-13 05:55:00,64.1,64.1,64.1,64.1,200.0,SE
2023-02-13 05:54:00,64.1,64.1,64.1,64.1,268.0,SE
2023-02-13 05:52:00,64.1,64.1,64.09,64.09,5134.0,SE
2023-02-13 05:45:00,64.09,64.09,64.09,64.09,300.0,SE
2023-02-13 05:37:00,64.09,64.09,64.09,64.09,100.0,SE
2023-02-13 05:36:00,64.0,64.0,64.0,64.0,500.0,SE
2023-02-13 05:06:00,64.0,64.0,64.0,64.0,300.0,SE
2023-02-13 04:34:00,64.1,64.1,64.1,64.1,550.0,SE
2023-02-13 04:24:00,64.17,64.18,64.17,64.18,240.0,SE
2023-02-13 04:20:00,63.98,64.05,63.98,64.05,1999.0,SE
2023-02-13 04:19:00,64.0,64.0,63.97,63.97,442.0,SE
2023-02-13 04:16:00,64.05,64.05,64.05,64.05,101.0,SE
2023-02-13 04:12:00,64.34,64.35,64.28,64.28,627.0,SE
2023-02-13 04:11:00,64.35,64.35,64.35,64.35,228.0,SE
2023-02-13 04:06:00,64.19,64.2,64.19,64.2,1420.0,SE
2023-02-13 04:04:00,64.19,64.19,64.19,64.19,102.0,SE
2023-02-13 04:02:00,64.19,64.2,64.19,64.2,312.0,SE
2023-02-10 20:00:00,64.24,64.24,64.24,64.24,100.0,SE
2023-02-10 19:58:00,64.0,64.0,64.0,64.0,500.0,SE
2023-02-10 19:57:00,64.03,64.03,64.01,64.01,532.0,SE
2023-02-10 19:52:00,64.03,64.03,64.03,64.03,468.0,SE
2023-02-10 19:27:00,64.15,64.15,64.15,64.15,100.0,SE
2023-02-10 19:24:00,64.22,64.22,64.22,64.22,100.0,SE
2023-02-10 19:22:00,64.23,64.23,64.23,64.23,170.0,SE
2023-02-10 19:15:00,64.25,64.25,64.25,64.25,1000.0,SE
2023-02-10 19:05:00,64.12,64.12,64.12,64.12,100.0,SE
2023-02-10 18:08:00,64.01,64.01,64.01,64.01,300.0,SE
2023-02-10 17:30:00,64.14,64.14,64.14,64.14,200.0,SE
2023-02-10 17:01:00,63.96,63.96,63.96,63.96,100.0,SE
2023-02-10 16:58:00,63.86,63.86,63.86,63.86,163.0,SE
2023-02-10 16:54:00,63.9,63.9,63.86,63.86,350.0,SE
2023-02-10 16:35:00,63.9,63.9,63.9,63.9,421.0,SE
2023-02-10 16:30:00,64.05,64.05,64.05,64.05,100.0,SE
2023-02-10 16:24:00,64.0,64.0,64.0,64.0,428.0,SE
2023-02-10 16:05:00,64.18,64.18,64.18,64.18,100.0,SE
2023-02-10 16:01:00,64.0,64.0,64.0,64.0,26129.0,SE
2023-02-10 16:00:00,63.975,64.03,63.97,64.01,52221.0,SE
2023-02-10 15:59:00,63.985,64.0099,63.94,63.98,55406.0,SE
2023-02-10 15:58:00,64.0,64.06,63.94,63.98,52593.0,SE
2023-02-10 15:57:00,64.06,64.07,63.99,64.0,45670.0,SE
2023-02-10 15:56:00,64.0,64.13,64.0,64.06,37061.0,SE
2023-02-10 15:55:00,64.16,64.18,63.98,63.99,27543.0,SE
2023-02-10 15:54:00,64.1,64.17,64.08,64.17,17586.0,SE
2023-02-10 15:53:00,64.05,64.1,64.03,64.09,21489.0,SE
2023-02-10 15:52:00,64.18,64.19,64.03,64.06,16819.0,SE
2023-02-10 15:51:00,64.175,64.23,64.125,64.18,19101.0,SE
2023-02-10 15:50:00,64.17,64.24,64.17,64.17,17818.0,SE
2023-02-10 15:49:00,64.12,64.18,64.1,64.16,11012.0,SE
2023-02-10 15:48:00,64.178,64.19,64.08,64.11,17158.0,SE
2023-02-10 15:47:00,64.23,64.23,64.1,64.16,11685.0,SE
2023-02-10 15:46:00,64.3,64.34,64.24,64.2455,11871.0,SE
2023-02-10 15:45:00,64.28,64.33,64.27,64.31,5323.0,SE
2023-02-10 15:44:00,64.24,64.33,64.24,64.28,9056.0,SE
2023-02-10 15:43:00,64.29,64.31,64.255,64.255,8681.0,SE
2023-02-10 15:42:00,64.3,64.35,64.275,64.3,10265.0,SE
2023-02-10 15:41:00,64.365,64.365,64.3,64.3,9330.0,SE
2023-02-10 15:40:00,64.2618,64.375,64.26,64.36,8490.0,SE
2023-02-10 15:39:00,64.21,64.26,64.19,64.26,7721.0,SE
2023-02-10 15:38:00,64.1,64.22,64.088,64.21,7756.0,SE
2023-02-10 15:37:00,64.11,64.11,64.03,64.09,16694.0,SE
2023-02-10 15:36:00,64.095,64.14,64.095,64.125,6613.0,SE
2023-02-10 15:35:00,64.175,64.185,64.08,64.08,5690.0,SE
2023-02-10 15:34:00,64.08,64.19,64.08,64.19,13046.0,SE
2023-02-10 15:33:00,64.14,64.14,64.08,64.08,7545.0,SE
2023-02-10 15:32:00,64.13,64.16,64.1,64.14,5884.0,SE
2023-02-10 15:31:00,64.16,64.18,64.13,64.13,7628.0,SE
2023-02-10 15:30:00,64.07,64.145,64.07,64.145,5982.0,SE
2023-02-10 15:29:00,64.1,64.1,64.065,64.07,3727.0,SE
2023-02-10 15:28:00,64.14,64.14,64.065,64.1,6230.0,SE
2023-02-10 15:27:00,64.14,64.16,64.12,64.12,3981.0,SE
2023-02-10 15:26:00,64.11,64.14,64.0812,64.13,5220.0,SE
2023-02-10 15:25:00,64.12,64.18,64.09,64.105,6061.0,SE
2023-02-10 15:24:00,64.07,64.115,64.055,64.115,6103.0,SE
2023-02-10 15:23:00,64.0,64.15,64.0,64.07,6708.0,SE
2023-02-10 15:22:00,63.905,63.98,63.905,63.98,4594.0,SE
2023-02-10 15:21:00,63.9,63.9,63.84,63.9,10194.0,SE
2023-02-10 15:20:00,64.0,64.01,63.9,63.9,9780.0,SE
2023-02-10 15:19:00,64.03,64.04,63.99,63.995,6270.0,SE
2023-02-10 15:18:00,64.045,64.045,63.995,64.01,5711.0,SE
2023-02-10 15:17:00,64.11,64.11,64.045,64.045,5091.0,SE
2023-02-10 15:16:00,64.15,64.17,64.08,64.1,7636.0,SE
2023-02-10 15:15:00,64.155,64.18,64.125,64.1301,6465.0,SE
2023-02-10 15:14:00,64.15,64.18,64.13,64.18,5396.0,SE
2023-02-10 15:13:00,64.16,64.18,64.14,64.15,5045.0,SE
2023-02-10 15:12:00,64.09,64.19,64.09,64.18,5455.0,SE
2023-02-10 15:11:00,64.07,64.09,63.9904,64.09,8603.0,SE
2023-02-10 15:10:00,64.03,64.05,63.995,64.03,8811.0,SE
2023-02-10 15:09:00,64.1,64.1,64.02,64.02,3479.0,SE
2023-02-10 15:08:00,64.15,64.16,64.09,64.09,2032.0,SE
2023-02-10 15:07:00,64.145,64.21,64.11,64.11,5726.0,SE
2023-02-10 15:06:00,64.035,64.15,64.035,64.15,5074.0,SE
2023-02-10 15:05:00,64.085,64.085,64.035,64.035,1228.0,SE
2023-02-10 15:04:00,64.17,64.19,64.09,64.09,3481.0,SE
2023-02-10 15:03:00,64.02,64.19,64.01,64.17,4512.0,SE
2023-02-10 15:02:00,64.015,64.03,63.99,64.01,4227.0,SE
2023-02-10 15:01:00,64.0,64.07,63.99,63.99,4654.0,SE
2023-02-10 15:00:00,64.05,64.07,64.02,64.04,3396.0,SE
2023-02-10 14:59:00,64.07,64.07,64.02,64.02,919.0,SE
2023-02-10 14:58:00,64.07,64.13,64.06,64.06,8555.0,SE
2023-02-10 14:57:00,64.1,64.17,64.1,64.16,10207.0,SE
2023-02-10 14:56:00,63.98,64.12,63.98,64.06,14804.0,SE
2023-02-10 14:55:00,63.86,63.9898,63.86,63.9898,6493.0,SE
2023-02-10 14:54:00,63.86,63.89,63.8,63.84,12010.0,SE
2023-02-10 14:53:00,63.98,63.99,63.83,63.855,13671.0,SE
2023-02-10 14:52:00,64.05,64.07,63.975,63.985,2274.0,SE
2023-02-10 14:51:00,63.99,64.07,63.965,64.06,3302.0,SE
2023-02-10 14:50:00,63.985,64.03,63.96,63.98,3517.0,SE
2023-02-10 14:49:00,63.97,63.99,63.95,63.99,3440.0,SE
2023-02-10 14:48:00,63.96,63.96,63.945,63.96,3703.0,SE
2023-02-10 14:47:00,64.05,64.05,63.9705,63.98,25718.0,SE
2023-02-10 14:46:00,64.1,64.11,64.07,64.08,2103.0,SE
2023-02-10 14:45:00,64.02,64.13,64.02,64.1,7451.0,SE
2023-02-10 14:44:00,63.9904,64.0,63.98,63.99,2197.0,SE
2023-02-10 14:43:00,64.02,64.02,63.98,64.01,3730.0,SE
2023-02-10 14:42:00,64.075,64.075,63.985,63.995,29466.0,SE
2023-02-10 14:41:00,64.11,64.11,64.06,64.06,3842.0,SE
2023-02-10 14:40:00,64.13,64.16,64.12,64.12,2173.0,SE
2023-02-10 14:39:00,64.08,64.16,64.08,64.16,2012.0,SE
2023-02-10 14:38:00,64.06,64.09,64.055,64.065,3967.0,SE
2023-02-10 14:37:00,64.105,64.105,64.05,64.055,1816.0,SE
2023-02-10 14:36:00,64.16,64.2,64.115,64.115,6238.0,SE
2023-02-10 14:35:00,64.185,64.195,64.12,64.13,3409.0,SE
2023-02-10 14:34:00,64.16,64.22,64.16,64.18,1508.0,SE
2023-02-10 14:33:00,64.15,64.16,64.105,64.16,2965.0,SE
2023-02-10 14:32:00,64.06,64.15,64.04,64.15,3690.0,SE
2023-02-10 14:31:00,64.065,64.065,64.03,64.04,1535.0,SE
2023-02-10 14:30:00,64.03,64.11,64.0,64.11,25655.0,SE
2023-02-10 14:29:00,64.0614,64.095,64.01,64.03,4362.0,SE
2023-02-10 14:28:00,64.06,64.11,64.035,64.11,4007.0,SE
2023-02-10 14:27:00,64.07,64.08,64.03,64.05,3014.0,SE
2023-02-10 14:26:00,64.12,64.12,64.07,64.07,4666.0,SE
2023-02-10 14:25:00,64.15,64.17,64.145,64.17,790.0,SE
2023-02-10 14:24:00,64.1505,64.18,64.145,64.15,1874.0,SE
2023-02-10 14:23:00,64.125,64.2,64.11,64.19,11126.0,SE
2023-02-10 14:22:00,64.155,64.18,64.09,64.13,6795.0,SE
2023-02-10 14:21:00,64.025,64.15,64.01,64.14,5382.0,SE
2023-02-10 14:20:00,64.02,64.05,63.99,64.05,11547.0,SE
2023-02-10 14:19:00,64.05,64.05,64.01,64.0287,1651.0,SE
2023-02-10 14:18:00,64.1,64.11,64.0362,64.09,2580.0,SE
2023-02-10 14:17:00,64.16,64.16,64.12,64.13,1923.0,SE
2023-02-10 14:16:00,64.24,64.285,64.175,64.175,7337.0,SE
2023-02-10 14:15:00,64.29,64.31,64.23,64.235,2932.0,SE
2023-02-10 14:14:00,64.28,64.2999,64.25,64.25,1124.0,SE
2023-02-10 14:13:00,64.09,64.26,64.09,64.23,5924.0,SE
2023-02-10 14:12:00,64.0,64.12,63.94,64.065,65305.0,SE
2023-02-10 14:11:00,63.96,64.02,63.89,63.96,11269.0,SE
2023-02-10 14:10:00,64.06,64.07,63.87,63.91,16107.0,SE
2023-02-10 14:09:00,63.99,64.095,63.965,64.0743,5449.0,SE
2023-02-10 14:08:00,63.93,63.97,63.89,63.95,6645.0,SE
2023-02-10 14:07:00,64.04,64.05,63.93,63.975,6577.0,SE
2023-02-10 14:06:00,64.035,64.07,63.99,64.0175,19645.0,SE
2023-02-10 14:05:00,64.06,64.09,64.0,64.015,4844.0,SE
2023-02-10 14:04:00,64.01,64.04,63.96,64.015,54928.0,SE
2023-02-10 14:03:00,64.03,64.04,64.0,64.01,28698.0,SE
2023-02-10 14:02:00,64.27,64.27,64.05,64.05,5192.0,SE
2023-02-10 14:01:00,64.27,64.28,64.245,64.26,4132.0,SE
2023-02-10 14:00:00,64.245,64.25,64.22,64.23,3258.0,SE
2023-02-10 13:59:00,64.18,64.26,64.17,64.245,6499.0,SE
2023-02-10 13:58:00,64.37,64.38,64.21,64.21,7247.0,SE
2023-02-10 13:57:00,64.44,64.44,64.3,64.345,4538.0,SE
2023-02-10 13:56:00,64.49,64.53,64.4,64.4,20335.0,SE
2023-02-10 13:55:00,64.5,64.53,64.47,64.48,3041.0,SE
2023-02-10 13:54:00,64.58,64.58,64.5,64.53,4813.0,SE
2023-02-10 13:53:00,64.67,64.68,64.57,64.57,1201.0,SE
2023-02-10 13:52:00,64.67,64.72,64.64,64.67,2431.0,SE
2023-02-10 13:51:00,64.63,64.67,64.61,64.65,3703.0,SE
2023-02-10 13:50:00,64.65,64.66,64.635,64.635,1025.0,SE
2023-02-10 13:49:00,64.58,64.66,64.58,64.59,2195.0,SE
2023-02-10 13:48:00,64.61,64.61,64.5401,64.5401,3272.0,SE
2023-02-10 13:47:00,64.51,64.61,64.51,64.61,1627.0,SE
2023-02-10 13:46:00,64.44,64.47,64.4,64.445,2775.0,SE
2023-02-10 13:45:00,64.42,64.475,64.3901,64.475,2200.0,SE
2023-02-10 13:44:00,64.465,64.47,64.34,64.41,19139.0,SE
2023-02-10 13:43:00,64.56,64.56,64.4642,64.5,4383.0,SE
2023-02-10 13:42:00,64.605,64.65,64.56,64.58,1736.0,SE
2023-02-10 13:41:00,64.67,64.67,64.61,64.625,2010.0,SE
2023-02-10 13:40:00,64.75,64.75,64.66,64.67,3119.0,SE
2023-02-10 13:39:00,64.75,64.78,64.72,64.775,5770.0,SE
2023-02-10 13:38:00,64.915,64.915,64.74,64.765,4236.0,SE
2023-02-10 13:37:00,64.99,64.99,64.9,64.915,10824.0,SE
2023-02-10 13:36:00,64.935,64.99,64.93,64.98,4012.0,SE
2023-02-10 13:35:00,64.93,64.96,64.91,64.96,1214.0,SE
2023-02-10 13:34:00,64.94,64.96,64.89,64.93,5391.0,SE
2023-02-10 13:33:00,64.95,64.95,64.89,64.92,8120.0,SE
2023-02-10 13:32:00,64.97,64.99,64.935,64.97,2686.0,SE
2023-02-10 13:31:00,65.03,65.03,64.97,65.0,2016.0,SE
2023-02-10 13:30:00,64.98,64.99,64.94,64.985,3290.0,SE
2023-02-10 13:29:00,65.04,65.04,64.99,64.99,1347.0,SE
2023-02-10 13:28:00,65.1,65.1,65.03,65.03,701.0,SE
2023-02-10 13:27:00,65.07,65.08,65.0,65.07,2218.0,SE
2023-02-10 13:26:00,65.1,65.1,65.0101,65.04,2822.0,SE
2023-02-10 13:25:00,65.19,65.22,65.07,65.07,1606.0,SE
2023-02-10 13:24:00,65.185,65.19,65.185,65.19,664.0,SE
2023-02-10 13:23:00,65.185,65.24,65.18,65.18,1553.0,SE
2023-02-10 13:22:00,65.32,65.3299,65.17,65.17,2564.0,SE
2023-02-10 13:21:00,65.17,65.3,65.17,65.3,3749.0,SE
2023-02-10 13:20:00,65.075,65.16,65.075,65.16,1219.0,SE
2023-02-10 13:19:00,65.085,65.085,65.085,65.085,217.0,SE
2023-02-10 13:18:00,65.1553,65.1553,65.09,65.09,1304.0,SE
2023-02-10 13:17:00,65.16,65.2,65.13,65.135,4927.0,SE
2023-02-10 13:16:00,65.03,65.18,65.01,65.155,7427.0,SE
2023-02-10 13:15:00,65.02,65.04,64.96,65.04,3598.0,SE
2023-02-10 13:14:00,65.09,65.09,65.04,65.04,2822.0,SE
2023-02-10 13:13:00,65.08,65.1,65.08,65.1,1066.0,SE
2023-02-10 13:12:00,65.02,65.075,65.01,65.04,1316.0,SE
2023-02-10 13:11:00,64.97,65.03,64.911,65.0,3171.0,SE
2023-02-10 13:10:00,65.06,65.06,65.0,65.015,923.0,SE
2023-02-10 13:09:00,65.05,65.07,65.0,65.04,3409.0,SE
2023-02-10 13:08:00,65.03,65.08,65.03,65.03,1378.0,SE
2023-02-10 13:07:00,64.91,65.03,64.91,64.95,1886.0,SE
2023-02-10 13:06:00,64.92,64.94,64.86,64.88,1852.0,SE
2023-02-10 13:05:00,64.95,64.96,64.9,64.9,2233.0,SE
2023-02-10 13:04:00,65.04,65.04,64.94,64.975,1022.0,SE
2023-02-10 13:03:00,64.99,65.0,64.99,65.0,487.0,SE
2023-02-10 13:02:00,64.98,64.98,64.915,64.97,3312.0,SE
2023-02-10 13:01:00,64.99,65.055,64.98,65.0,4663.0,SE
2023-02-10 13:00:00,64.97,64.99,64.935,64.99,818.0,SE
2023-02-10 12:59:00,64.87,64.92,64.87,64.92,1095.0,SE
2023-02-10 12:58:00,64.8,64.87,64.79,64.87,2381.0,SE
2023-02-10 12:57:00,64.7925,64.89,64.7925,64.83,4419.0,SE
2023-02-10 12:56:00,64.79,64.83,64.74,64.74,1321.0,SE
2023-02-10 12:55:00,64.7,64.755,64.65,64.755,1631.0,SE
2023-02-10 12:54:00,64.66,64.72,64.65,64.65,2365.0,SE
2023-02-10 12:53:00,64.65,64.68,64.65,64.68,597.0,SE
2023-02-10 12:52:00,64.59,64.67,64.59,64.67,3700.0,SE
2023-02-10 12:51:00,64.61,64.66,64.585,64.59,13101.0,SE
2023-02-10 12:50:00,64.62,64.66,64.61,64.61,2258.0,SE
2023-02-10 12:49:00,64.78,64.78,64.66,64.66,1629.0,SE
2023-02-10 12:48:00,64.73,64.79,64.73,64.79,1986.0,SE
2023-02-10 12:47:00,64.66,64.73,64.66,64.69,2043.0,SE
2023-02-10 12:46:00,64.67,64.67,64.67,64.67,484.0,SE
2023-02-10 12:45:00,64.74,64.77,64.7,64.7,6783.0,SE
2023-02-10 12:44:00,64.86,64.86,64.7354,64.7354,1419.0,SE
2023-02-10 12:43:00,64.735,64.92,64.735,64.87,4167.0,SE
2023-02-10 12:42:00,64.73,64.77,64.725,64.7359,1629.0,SE
2023-02-10 12:41:00,64.73,64.75,64.695,64.73,1368.0,SE
2023-02-10 12:40:00,64.73,64.77,64.66,64.66,2355.0,SE
2023-02-10 12:39:00,64.87,64.87,64.73,64.73,6366.0,SE
2023-02-10 12:38:00,64.82,64.82,64.82,64.82,597.0,SE
2023-02-10 12:37:00,64.665,64.76,64.665,64.755,1107.0,SE
2023-02-10 12:36:00,64.65,64.72,64.65,64.7,1659.0,SE
2023-02-10 12:35:00,64.57,64.63,64.53,64.63,9323.0,SE
2023-02-10 12:34:00,64.68,64.68,64.58,64.62,16722.0,SE
2023-02-10 12:33:00,64.74,64.815,64.66,64.66,38981.0,SE
2023-02-10 12:32:00,64.63,64.86,64.61,64.8,10979.0,SE
2023-02-10 12:31:00,64.695,64.7,64.56,64.575,2937.0,SE
2023-02-10 12:30:00,64.5522,64.68,64.5522,64.68,3042.0,SE
2023-02-10 12:29:00,64.55,64.58,64.52,64.55,2101.0,SE
2023-02-10 12:28:00,64.62,64.625,64.5,64.53,16506.0,SE
2023-02-10 12:27:00,64.59,64.625,64.58,64.595,2161.0,SE
2023-02-10 12:26:00,64.57,64.66,64.56,64.62,2334.0,SE
2023-02-10 12:25:00,64.495,64.59,64.46,64.55,6696.0,SE
2023-02-10 12:24:00,64.47,64.53,64.46,64.53,6927.0,SE
2023-02-10 12:23:00,64.46,64.55,64.46,64.49,5883.0,SE
2023-02-10 12:22:00,64.51,64.61,64.4,64.45,7571.0,SE
2023-02-10 12:21:00,64.43,64.52,64.42,64.52,4255.0,SE
2023-02-10 12:20:00,64.46,64.46,64.305,64.46,3556.0,SE
2023-02-10 12:19:00,64.3466,64.51,64.3466,64.37,4840.0,SE
2023-02-10 12:18:00,64.205,64.33,64.1601,64.33,3593.0,SE
2023-02-10 12:17:00,64.19,64.27,64.17,64.205,15929.0,SE
2023-02-10 12:16:00,64.3,64.31,64.17,64.18,27341.0,SE
2023-02-10 12:15:00,64.545,64.545,64.27,64.28,23501.0,SE
2023-02-10 12:14:00,64.64,64.735,64.6,64.6,4680.0,SE
2023-02-10 12:13:00,64.63,64.67,64.61,64.625,5127.0,SE
2023-02-10 12:12:00,64.73,64.785,64.67,64.67,9006.0,SE
2023-02-10 12:11:00,64.675,64.83,64.675,64.78,7638.0,SE
2023-02-10 12:10:00,64.59,64.67,64.555,64.67,9389.0,SE
2023-02-10 12:09:00,64.74,64.74,64.6,64.6,9973.0,SE
2023-02-10 12:08:00,64.835,64.835,64.73,64.74,7994.0,SE
2023-02-10 12:07:00,64.835,64.835,64.7834,64.8205,18128.0,SE
2023-02-10 12:06:00,64.7801,64.89,64.7801,64.83,8952.0,SE
2023-02-10 12:05:00,64.77,64.78,64.73,64.76,13648.0,SE
2023-02-10 12:04:00,64.96,64.985,64.77,64.79,13491.0,SE
2023-02-10 12:03:00,64.93,64.975,64.9248,64.925,2736.0,SE
2023-02-10 12:02:00,64.93,64.97,64.89,64.93,18307.0,SE
2023-02-10 12:01:00,64.9,64.93,64.89,64.9,13071.0,SE
2023-02-10 12:00:00,64.91,65.0,64.91,64.91,3917.0,SE
2023-02-10 11:59:00,64.92,64.945,64.88,64.9,17653.0,SE
2023-02-10 11:58:00,65.0,65.0,64.92,64.955,1819.0,SE
2023-02-10 11:57:00,65.02,65.05,64.92,64.93,1683.0,SE
2023-02-10 11:56:00,64.9474,65.02,64.9474,65.02,1556.0,SE
2023-02-10 11:55:00,64.96,65.01,64.96,64.96,2499.0,SE
2023-02-10 11:54:00,64.91,64.97,64.89,64.905,11608.0,SE
2023-02-10 11:53:00,64.94,64.95,64.9,64.915,6165.0,SE
2023-02-10 11:52:00,64.945,64.99,64.91,64.96,3159.0,SE
2023-02-10 11:51:00,64.985,64.985,64.95,64.95,1879.0,SE
2023-02-10 11:50:00,64.9,64.99,64.895,64.99,1969.0,SE
2023-02-10 11:49:00,65.06,65.06,64.86,64.92,14736.0,SE
2023-02-10 11:48:00,65.025,65.05,65.025,65.04,1009.0,SE
2023-02-10 11:47:00,65.045,65.05,65.01,65.032,2365.0,SE
2023-02-10 11:46:00,64.995,65.045,64.995,65.01,2148.0,SE
2023-02-10 11:45:00,64.93,65.01,64.93,64.9968,3103.0,SE
2023-02-10 11:44:00,65.04,65.05,64.94,64.96,23985.0,SE
2023-02-10 11:43:00,64.91,65.04,64.91,65.04,7852.0,SE
2023-02-10 11:42:00,64.91,64.97,64.87,64.92,12870.0,SE
2023-02-10 11:41:00,64.93,64.95,64.9,64.94,9090.0,SE
2023-02-10 11:40:00,64.97,65.04,64.8,64.96,38499.0,SE
2023-02-10 11:39:00,64.92,64.97,64.9,64.935,9840.0,SE
2023-02-10 11:38:00,64.93,64.95,64.9,64.93,16681.0,SE
2023-02-10 11:37:00,64.96,65.01,64.93,64.93,7050.0,SE
2023-02-10 11:36:00,64.95,65.0,64.89,65.0,7381.0,SE
2023-02-10 11:35:00,64.94,65.06,64.93,64.97,8112.0,SE
2023-02-10 11:34:00,65.05,65.05,64.89,64.9,17782.0,SE
2023-02-10 11:33:00,65.045,65.055,65.0,65.05,20152.0,SE
2023-02-10 11:32:00,65.17,65.18,65.045,65.065,3600.0,SE
2023-02-10 11:31:00,65.23,65.27,65.17,65.22,4569.0,SE
2023-02-10 11:30:00,65.2,65.26,65.1875,65.21,5721.0,SE
2023-02-10 11:29:00,65.24,65.27,65.19,65.24,4626.0,SE
2023-02-10 11:28:00,65.27,65.365,65.27,65.3,5892.0,SE
2023-02-10 11:27:00,65.27,65.31,65.24,65.25,2021.0,SE
2023-02-10 11:26:00,65.365,65.365,65.23,65.32,6210.0,SE
2023-02-10 11:25:00,65.46,65.47,65.37,65.41,11338.0,SE
2023-02-10 11:24:00,65.5475,65.57,65.46,65.53,5150.0,SE
2023-02-10 11:23:00,65.455,65.565,65.455,65.565,1561.0,SE
2023-02-10 11:22:00,65.4475,65.48,65.37,65.48,7731.0,SE
2023-02-10 11:21:00,65.43,65.5,65.37,65.43,2220.0,SE
2023-02-10 11:20:00,65.44,65.5,65.38,65.42,1310.0,SE
2023-02-10 11:19:00,65.52,65.52,65.37,65.37,3213.0,SE
2023-02-10 11:18:00,65.48,65.57,65.48,65.52,1793.0,SE
2023-02-10 11:17:00,65.5,65.51,65.45,65.51,1275.0,SE
2023-02-10 11:16:00,65.36,65.485,65.3501,65.455,3055.0,SE
2023-02-10 11:15:00,65.27,65.32,65.17,65.32,7011.0,SE
2023-02-10 11:14:00,65.42,65.445,65.265,65.295,3427.0,SE
2023-02-10 11:13:00,65.4,65.48,65.36,65.475,1744.0,SE
2023-02-10 11:12:00,65.25,65.41,65.25,65.4,3905.0,SE
2023-02-10 11:11:00,65.4,65.4,65.25,65.25,2111.0,SE
2023-02-10 11:10:00,65.45,65.45,65.34,65.37,9323.0,SE
2023-02-10 11:09:00,65.4,65.53,65.4,65.49,3103.0,SE
2023-02-10 11:08:00,65.24,65.42,65.24,65.42,3423.0,SE
2023-02-10 11:07:00,65.22,65.33,65.22,65.3,3809.0,SE
2023-02-10 11:06:00,65.32,65.35,65.22,65.22,2011.0,SE
2023-02-10 11:05:00,65.26,65.31,65.17,65.31,4097.0,SE
2023-02-10 11:04:00,65.26,65.34,65.2523,65.28,3256.0,SE
2023-02-10 11:03:00,65.35,65.35,65.22,65.22,5567.0,SE
2023-02-10 11:02:00,65.39,65.39,65.335,65.35,2505.0,SE
2023-02-10 11:01:00,65.245,65.375,65.21,65.375,6591.0,SE
2023-02-10 11:00:00,65.1273,65.29,65.1273,65.29,4138.0,SE
2023-02-10 10:59:00,64.93,65.22,64.89,65.1849,7442.0,SE
2023-02-10 10:58:00,65.065,65.065,64.9,64.9,4969.0,SE
2023-02-10 10:57:00,65.1,65.12,65.0475,65.08,2475.0,SE
2023-02-10 10:56:00,65.23,65.33,65.045,65.045,4766.0,SE
2023-02-10 10:55:00,64.97,65.275,64.955,65.275,6891.0,SE
2023-02-10 10:54:00,65.01,65.03,64.95,65.0,7349.0,SE
2023-02-10 10:53:00,64.97,65.1099,64.9175,65.05,7850.0,SE
2023-02-10 10:52:00,65.03,65.03,64.94,64.97,8157.0,SE
2023-02-10 10:51:00,65.22,65.22,65.06,65.06,21583.0,SE
2023-02-10 10:50:00,65.25,65.27,65.16,65.21,12577.0,SE
2023-02-10 10:49:00,65.52,65.52,65.2638,65.2638,12988.0,SE
2023-02-10 10:48:00,65.69,65.69,65.47,65.52,3945.0,SE
2023-02-10 10:47:00,65.565,65.65,65.5,65.65,9146.0,SE
2023-02-10 10:46:00,65.71,65.71,65.55,65.5506,10972.0,SE
2023-02-10 10:45:00,65.66,65.725,65.66,65.7,2187.0,SE
2023-02-10 10:44:00,65.65,65.7,65.55,65.7,12821.0,SE
2023-02-10 10:43:00,65.705,65.73,65.66,65.705,2879.0,SE
2023-02-10 10:42:00,65.62,65.7,65.6,65.7,8229.0,SE
2023-02-10 10:41:00,65.71,65.74,65.6451,65.6463,4052.0,SE
2023-02-10 10:40:00,65.84,65.84,65.72,65.75,4641.0,SE
2023-02-10 10:39:00,65.94,65.98,65.775,65.825,5754.0,SE
2023-02-10 10:38:00,66.07,66.1,65.96,66.0,1341.0,SE
2023-02-10 10:37:00,66.01,66.08,65.95,66.05,4314.0,SE
2023-02-10 10:36:00,66.07,66.12,65.9825,65.9825,2998.0,SE
2023-02-10 10:35:00,65.97,66.14,65.93,66.12,3088.0,SE
2023-02-10 10:34:00,66.025,66.0575,66.02,66.0575,929.0,SE
2023-02-10 10:33:00,66.1,66.14,66.03,66.03,2200.0,SE
2023-02-10 10:32:00,66.045,66.19,66.045,66.13,2226.0,SE
2023-02-10 10:31:00,65.985,66.07,65.985,66.07,1796.0,SE
2023-02-10 10:30:00,65.85,65.93,65.803,65.93,1927.0,SE
2023-02-10 10:29:00,65.88,65.89,65.75,65.8,4458.0,SE
2023-02-10 10:28:00,65.81,65.93,65.742,65.92,2740.0,SE
2023-02-10 10:27:00,65.67,65.79,65.67,65.72,3953.0,SE
2023-02-10 10:26:00,65.99,66.0,65.68,65.73,8056.0,SE
2023-02-10 10:25:00,66.1,66.12,66.0,66.05,3597.0,SE
2023-02-10 10:24:00,66.3402,66.3402,66.01,66.06,8949.0,SE
2023-02-10 10:23:00,66.055,66.44,66.05,66.44,3019.0,SE
2023-02-10 10:22:00,66.12,66.2,66.01,66.1,7843.0,SE
2023-02-10 10:21:00,66.08,66.1,65.94,66.1,5852.0,SE
2023-02-10 10:20:00,66.12,66.12,65.96,66.01,7568.0,SE
2023-02-10 10:19:00,65.94,66.1,65.94,66.1,2670.0,SE
2023-02-10 10:18:00,65.88,66.15,65.88,65.9982,17970.0,SE
2023-02-10 10:17:00,65.7,65.88,65.54,65.88,6244.0,SE
2023-02-10 10:16:00,65.75,65.83,65.66,65.72,6075.0,SE
2023-02-10 10:15:00,65.8786,65.94,65.79,65.82,4167.0,SE
2023-02-10 10:14:00,65.88,66.03,65.86,65.89,3953.0,SE
2023-02-10 10:13:00,65.96,66.05,65.88,65.88,3964.0,SE
2023-02-10 10:12:00,65.99,66.0499,65.8901,65.975,7994.0,SE
2023-02-10 10:11:00,65.655,66.1,65.65,66.03,9222.0,SE
2023-02-10 10:10:00,65.525,65.67,65.51,65.635,9956.0,SE
2023-02-10 10:09:00,65.27,65.57,65.27,65.54,11226.0,SE
2023-02-10 10:08:00,65.055,65.26,65.02,65.26,5138.0,SE
2023-02-10 10:07:00,65.185,65.34,65.1,65.15,5791.0,SE
2023-02-10 10:06:00,65.0,65.24,64.965,65.185,11933.0,SE
2023-02-10 10:05:00,65.06,65.12,64.975,65.0,17299.0,SE
2023-02-10 10:04:00,65.32,65.34,65.015,65.03,11316.0,SE
2023-02-10 10:03:00,65.42,65.51,65.36,65.4,6419.0,SE
2023-02-10 10:02:00,65.24,65.39,65.2,65.39,49848.0,SE
2023-02-10 10:01:00,65.7,65.74,65.25,65.295,18901.0,SE
2023-02-10 10:00:00,65.78,65.78,65.65,65.7,5990.0,SE
2023-02-10 09:59:00,65.82,65.905,65.76,65.84,4102.0,SE
2023-02-10 09:58:00,65.8,65.9,65.7,65.82,4798.0,SE
2023-02-10 09:57:00,65.655,65.81,65.62,65.81,4407.0,SE
2023-02-10 09:56:00,65.55,65.74,65.46,65.74,25999.0,SE
2023-02-10 09:55:00,65.71,65.71,65.51,65.5814,7817.0,SE
2023-02-10 09:54:00,65.675,65.76,65.6399,65.715,4352.0,SE
2023-02-10 09:53:00,65.9639,65.9639,65.51,65.75,8136.0,SE
2023-02-10 09:52:00,66.055,66.055,65.915,65.915,5870.0,SE
2023-02-10 09:51:00,65.8434,66.015,65.75,66.015,33936.0,SE
2023-02-10 09:50:00,65.75,65.905,65.715,65.83,4428.0,SE
2023-02-10 09:49:00,65.48,65.8,65.44,65.71,5553.0,SE
2023-02-10 09:48:00,65.41,65.55,65.25,65.55,6048.0,SE
2023-02-10 09:47:00,65.61,65.62,65.27,65.27,6931.0,SE
2023-02-10 09:46:00,65.04,65.64,65.0,65.635,24012.0,SE
2023-02-10 09:45:00,64.88,65.1,64.88,65.0518,12647.0,SE
2023-02-10 09:44:00,64.95,65.03,64.87,64.9,30231.0,SE
2023-02-10 09:43:00,64.975,65.07,64.86,64.96,54318.0,SE
2023-02-10 09:42:00,64.93,65.08,64.87,64.975,17608.0,SE
2023-02-10 09:41:00,65.165,65.19,64.8201,64.87,22464.0,SE
2023-02-10 09:40:00,65.04,65.375,65.04,65.165,7490.0,SE
2023-02-10 09:39:00,65.05,65.05,64.9094,64.92,15242.0,SE
2023-02-10 09:38:00,65.155,65.27,65.0,65.0,6396.0,SE
2023-02-10 09:37:00,65.275,65.41,65.1,65.22,15459.0,SE
2023-02-10 09:36:00,65.21,65.37,65.1,65.35,15373.0,SE
2023-02-10 09:35:00,65.08,65.16,64.94,65.16,10191.0,SE
2023-02-10 09:34:00,65.055,65.37,65.055,65.195,14544.0,SE
2023-02-10 09:33:00,64.7,65.15,64.7,65.15,10480.0,SE
2023-02-10 09:32:00,64.9,64.91,64.54,64.7,30029.0,SE
2023-02-10 09:31:00,66.0,66.01,64.8804,64.925,130494.0,SE
2023-02-10 09:30:00,65.41,65.7,65.4,65.7,2459.0,SE
2023-02-10 09:25:00,65.4,65.4,65.4,65.4,850.0,SE
2023-02-10 09:23:00,65.44,65.44,65.43,65.43,568.0,SE
2023-02-10 09:17:00,65.4,65.4,65.4,65.4,1176.0,SE
2023-02-10 09:16:00,65.5,65.5,65.4999,65.4999,403.0,SE
2023-02-10 09:15:00,65.53,65.53,65.5,65.5,513.0,SE
2023-02-10 09:14:00,65.6,65.6,65.6,65.6,1030.0,SE
2023-02-10 09:07:00,65.57,65.57,65.5,65.5,2991.0,SE
2023-02-10 09:06:00,65.4,65.5,65.4,65.5,1007.0,SE
2023-02-10 09:04:00,65.4,65.4,65.4,65.4,100.0,SE
2023-02-10 09:00:00,65.4,65.5,65.4,65.5,2445.0,SE
2023-02-10 08:58:00,65.5,65.5,65.4,65.4,407.0,SE
2023-02-10 08:38:00,65.5,65.5,65.5,65.5,4821.0,SE
2023-02-10 08:34:00,65.5,65.5,65.5,65.5,5000.0,SE
2023-02-10 08:33:00,65.5,65.5,65.5,65.5,5123.0,SE
2023-02-10 08:31:00,65.5,65.5,65.5,65.5,323.0,SE
2023-02-10 08:28:00,65.56,65.56,65.56,65.56,297.0,SE
2023-02-10 08:24:00,65.38,65.38,65.38,65.38,2220.0,SE
2023-02-10 08:22:00,65.4,65.4,65.4,65.4,300.0,SE
2023-02-10 08:18:00,65.5,65.5,65.5,65.5,408.0,SE
2023-02-10 08:14:00,65.35,65.35,65.35,65.35,250.0,SE
2023-02-10 08:01:00,65.27,65.5,65.0758,65.27,1391.0,SE
2023-02-10 07:52:00,65.4,65.4,65.4,65.4,155.0,SE
2023-02-10 07:42:00,65.27,65.27,65.27,65.27,300.0,SE
2023-02-10 07:40:00,65.3,65.3,65.3,65.3,472.0,SE
2023-02-10 07:09:00,65.26,65.26,65.26,65.26,248.0,SE
2023-02-10 07:08:00,65.21,65.21,65.21,65.21,300.0,SE
2023-02-10 07:03:00,65.35,65.35,65.35,65.35,100.0,SE
2023-02-10 06:51:00,65.34,65.35,65.34,65.35,274.0,SE
2023-02-10 06:34:00,65.15,65.16,65.15,65.16,304.0,SE
2023-02-10 06:29:00,65.18,65.18,65.18,65.18,450.0,SE
2023-02-10 05:49:00,65.24,65.24,65.24,65.24,300.0,SE
2023-02-10 05:35:00,65.11,65.11,65.11,65.11,100.0,SE
2023-02-10 05:32:00,65.08,65.08,65.08,65.08,100.0,SE
2023-02-10 05:26:00,65.3,65.3,65.02,65.02,2191.0,SE
2023-02-10 05:24:00,65.14,65.14,65.11,65.11,570.0,SE
2023-02-10 04:57:00,65.65,65.65,65.63,65.63,300.0,SE
2023-02-10 04:39:00,65.71,66.0,65.71,66.0,1150.0,SE
2023-02-10 04:24:00,66.0,66.0,66.0,66.0,398.0,SE
2023-02-10 04:23:00,66.01,66.01,66.0,66.01,1000.0,SE
2023-02-10 04:21:00,66.02,66.02,66.0,66.0,1025.0,SE
2023-02-10 04:08:00,66.05,66.05,66.01,66.01,500.0,SE
2023-02-10 04:07:00,66.35,66.36,66.35,66.35,336.0,SE
2023-02-09 19:59:00,66.65,66.68,66.65,66.65,850.0,SE
2023-02-09 19:56:00,66.75,66.8,66.0,66.69,1116.0,SE
2023-02-09 19:55:00,66.8,66.8,66.8,66.8,100.0,SE
2023-02-09 19:43:00,66.63,66.63,66.63,66.63,190.0,SE
2023-02-09 19:38:00,67.0,67.0,67.0,67.0,100.0,SE
2023-02-09 19:36:00,67.18,67.18,67.18,67.18,100.0,SE
2023-02-09 19:32:00,66.54,66.54,66.54,66.54,401.0,SE
2023-02-09 19:21:00,67.31,67.31,67.31,67.31,100.0,SE
2023-02-09 19:17:00,67.5,67.5,67.5,67.5,100.0,SE
2023-02-09 19:13:00,67.5,67.5,67.5,67.5,100.0,SE
2023-02-09 18:47:00,67.5,67.5,67.5,67.5,300.0,SE
2023-02-09 18:45:00,67.22,67.31,67.0,67.3,1824.0,SE
2023-02-09 18:19:00,67.22,67.22,67.22,67.22,115.0,SE
2023-02-09 17:48:00,67.33,67.33,67.33,67.33,303.0,SE
2023-02-09 17:40:00,67.33,67.33,67.32,67.32,2858.0,SE
2023-02-09 17:39:00,67.34,67.34,67.34,67.34,201.0,SE
2023-02-09 17:31:00,67.3026,67.3026,67.3,67.3,700.0,SE
2023-02-09 16:45:00,67.02,67.02,67.02,67.02,100.0,SE
2023-02-09 16:08:00,67.11,67.11,67.11,67.11,254.0,SE
2023-02-09 16:03:00,67.32,67.32,67.32,67.32,876.0,SE
2023-02-09 16:01:00,67.32,67.32,67.32,67.32,18166.0,SE
2023-02-09 16:00:00,67.33,67.4,67.29,67.31,33520.0,SE
2023-02-09 15:59:00,67.33,67.36,67.28,67.315,35930.0,SE
2023-02-09 15:58:00,67.32,67.35,67.275,67.34,30820.0,SE
2023-02-09 15:57:00,67.265,67.34,67.21,67.34,25235.0,SE
2023-02-09 15:56:00,67.38,67.39,67.18,67.27,31197.0,SE
2023-02-09 15:55:00,67.44,67.48,67.355,67.38,13248.0,SE
2023-02-09 15:54:00,67.37,67.495,67.36,67.45,16526.0,SE
2023-02-09 15:53:00,67.32,67.42,67.32,67.37,13025.0,SE
2023-02-09 15:52:00,67.315,67.33,67.24,67.32,15062.0,SE
2023-02-09 15:51:00,67.13,67.29,67.11,67.29,17377.0,SE
2023-02-09 15:50:00,67.19,67.19,67.06,67.12,12504.0,SE
2023-02-09 15:49:00,67.13,67.2,67.12,67.18,10413.0,SE
2023-02-09 15:48:00,67.17,67.17,67.09,67.12,13064.0,SE
2023-02-09 15:47:00,67.2,67.23,67.135,67.2,11132.0,SE
2023-02-09 15:46:00,67.13,67.21,67.08,67.19,10296.0,SE
2023-02-09 15:45:00,66.99,67.16,66.99,67.13,20828.0,SE
2023-02-09 15:44:00,66.98,67.03,66.965,67.01,7477.0,SE
2023-02-09 15:43:00,66.92,66.98,66.91,66.95,11978.0,SE
2023-02-09 15:42:00,66.89,66.9538,66.89,66.94,5374.0,SE
2023-02-09 15:41:00,66.95,66.96,66.88,66.89,4776.0,SE
2023-02-09 15:40:00,67.02,67.03,66.93,66.98,5812.0,SE
2023-02-09 15:39:00,66.925,67.02,66.9,67.02,7851.0,SE
2023-02-09 15:38:00,66.87,66.95,66.85,66.92,9405.0,SE
2023-02-09 15:37:00,66.6,66.86,66.6,66.84,5817.0,SE
2023-02-09 15:36:00,66.55,66.58,66.53,66.56,7495.0,SE
2023-02-09 15:35:00,66.63,66.71,66.52,66.53,25567.0,SE
2023-02-09 15:34:00,66.645,66.66,66.61,66.61,3679.0,SE
2023-02-09 15:33:00,66.64,66.69,66.615,66.64,4750.0,SE
2023-02-09 15:32:00,66.74,66.74,66.64,66.64,6095.0,SE
2023-02-09 15:31:00,66.85,66.85,66.76,66.76,3211.0,SE
2023-02-09 15:30:00,66.83,66.88,66.83,66.865,3488.0,SE
2023-02-09 15:29:00,66.82,66.85,66.78,66.78,3623.0,SE
2023-02-09 15:28:00,66.91,66.91,66.79,66.83,12820.0,SE
2023-02-09 15:27:00,66.88,66.95,66.88,66.93,1930.0,SE
2023-02-09 15:26:00,66.87,66.92,66.86,66.86,3076.0,SE
2023-02-09 15:25:00,66.98,66.98,66.875,66.91,3848.0,SE
2023-02-09 15:24:00,67.01,67.02,66.97,66.99,4585.0,SE
2023-02-09 15:23:00,67.09,67.11,67.035,67.035,2062.0,SE
2023-02-09 15:22:00,67.09,67.1508,67.08,67.1,5154.0,SE
2023-02-09 15:21:00,67.165,67.165,67.07,67.091,11026.0,SE
2023-02-09 15:20:00,67.21,67.21,67.15,67.165,4070.0,SE
2023-02-09 15:19:00,67.1201,67.25,67.1201,67.25,4134.0,SE
2023-02-09 15:18:00,67.23,67.23,67.17,67.21,4118.0,SE
2023-02-09 15:17:00,67.26,67.26,67.21,67.26,3772.0,SE
2023-02-09 15:16:00,67.28,67.28,67.23,67.23,4428.0,SE
2023-02-09 15:15:00,67.285,67.3,67.2619,67.2619,2319.0,SE
2023-02-09 15:14:00,67.3,67.36,67.285,67.285,1892.0,SE
2023-02-09 15:13:00,67.28,67.33,67.23,67.33,3681.0,SE
2023-02-09 15:12:00,67.2585,67.3,67.22,67.3,5468.0,SE
2023-02-09 15:11:00,67.29,67.3,67.25,67.25,2980.0,SE
2023-02-09 15:10:00,67.25,67.32,67.25,67.29,2207.0,SE
2023-02-09 15:09:00,67.18,67.24,67.16,67.225,2113.0,SE
2023-02-09 15:08:00,67.055,67.15,67.01,67.15,5045.0,SE
2023-02-09 15:07:00,66.9,67.0366,66.9,67.0366,5440.0,SE
2023-02-09 15:06:00,66.8289,66.93,66.76,66.9001,7866.0,SE
2023-02-09 15:05:00,67.01,67.01,66.8,66.8,15089.0,SE
2023-02-09 15:04:00,67.14,67.14,67.04,67.04,2599.0,SE
2023-02-09 15:03:00,67.12,67.12,67.1,67.1,813.0,SE
2023-02-09 15:02:00,67.065,67.12,67.03,67.12,5060.0,SE
2023-02-09 15:01:00,67.235,67.235,67.07,67.09,5911.0,SE
2023-02-09 15:00:00,67.2107,67.23,67.2,67.23,1074.0,SE
2023-02-09 14:59:00,67.15,67.2,67.13,67.2,2424.0,SE
2023-02-09 14:58:00,67.23,67.24,67.12,67.15,6207.0,SE
2023-02-09 14:57:00,67.37,67.37,67.21,67.23,6071.0,SE
2023-02-09 14:56:00,67.44,67.44,67.34,67.34,2729.0,SE
2023-02-09 14:55:00,67.44,67.4799,67.42,67.45,1001.0,SE
2023-02-09 14:54:00,67.46,67.5,67.46,67.5,935.0,SE
2023-02-09 14:53:00,67.47,67.47,67.4,67.43,1850.0,SE
2023-02-09 14:52:00,67.56,67.56,67.5,67.5,1157.0,SE
2023-02-09 14:51:00,67.53,67.53,67.5263,67.5263,488.0,SE
2023-02-09 14:50:00,67.64,67.64,67.53,67.53,4874.0,SE
2023-02-09 14:49:00,67.705,67.705,67.63,67.63,2204.0,SE
2023-02-09 14:48:00,67.59,67.6682,67.59,67.655,1280.0,SE
2023-02-09 14:47:00,67.6734,67.6734,67.6,67.6205,2370.0,SE
2023-02-09 14:46:00,67.76,67.79,67.69,67.69,2449.0,SE
2023-02-09 14:45:00,67.77,67.78,67.75,67.75,3470.0,SE
2023-02-09 14:44:00,67.685,67.76,67.67,67.75,6586.0,SE
2023-02-09 14:43:00,67.59,67.655,67.59,67.655,1379.0,SE
2023-02-09 14:42:00,67.57,67.57,67.49,67.55,3844.0,SE
2023-02-09 14:41:00,67.48,67.52,67.48,67.515,564.0,SE
2023-02-09 14:40:00,67.48,67.53,67.475,67.48,2078.0,SE
2023-02-09 14:39:00,67.45,67.5,67.45,67.48,1200.0,SE
2023-02-09 14:38:00,67.56,67.56,67.48,67.48,2476.0,SE
2023-02-09 14:37:00,67.48,67.55,67.4699,67.55,3314.0,SE
2023-02-09 14:36:00,67.44,67.475,67.43,67.43,2526.0,SE
2023-02-09 14:35:00,67.46,67.4872,67.42,67.465,7218.0,SE
2023-02-09 14:34:00,67.54,67.54,67.46,67.46,1736.0,SE
2023-02-09 14:33:00,67.565,67.59,67.55,67.55,2622.0,SE
2023-02-09 14:32:00,67.54,67.565,67.54,67.5511,887.0,SE
2023-02-09 14:31:00,67.47,67.54,67.46,67.54,3088.0,SE
2023-02-09 14:30:00,67.51,67.51,67.45,67.5,4206.0,SE
2023-02-09 14:29:00,67.5,67.52,67.48,67.49,1644.0,SE
2023-02-09 14:28:00,67.54,67.54,67.51,67.51,612.0,SE
2023-02-09 14:27:00,67.68,67.69,67.66,67.66,1225.0,SE
2023-02-09 14:26:00,67.59,67.73,67.57,67.68,2526.0,SE
2023-02-09 14:25:00,67.59,67.59,67.53,67.55,2657.0,SE
2023-02-09 14:24:00,67.63,67.63,67.57,67.59,1628.0,SE
2023-02-09 14:23:00,67.74,67.75,67.66,67.66,4112.0,SE
2023-02-09 14:22:00,67.665,67.71,67.665,67.696,3081.0,SE
2023-02-09 14:21:00,67.65,67.665,67.6,67.665,1872.0,SE
2023-02-09 14:20:00,67.5916,67.64,67.5916,67.625,1423.0,SE
2023-02-09 14:19:00,67.7,67.7,67.62,67.62,561.0,SE
2023-02-09 14:18:00,67.61,67.69,67.58,67.685,8248.0,SE
2023-02-09 14:17:00,67.85,67.85,67.64,67.64,6696.0,SE
2023-02-09 14:16:00,67.81,67.845,67.78,67.845,9876.0,SE
2023-02-09 14:15:00,67.69,67.83,67.69,67.79,3802.0,SE
2023-02-09 14:14:00,67.74,67.755,67.6614,67.6614,12042.0,SE
2023-02-09 14:13:00,67.82,67.82,67.74,67.74,4069.0,SE
2023-02-09 14:12:00,67.725,67.84,67.725,67.84,1030.0,SE
2023-02-09 14:11:00,67.68,67.78,67.63,67.725,36673.0,SE
2023-02-09 14:10:00,67.61,67.68,67.58,67.68,1836.0,SE
2023-02-09 14:09:00,67.67,67.71,67.6,67.6,2231.0,SE
2023-02-09 14:08:00,67.72,67.72,67.65,67.65,1677.0,SE
2023-02-09 14:07:00,67.76,67.765,67.73,67.73,6717.0,SE
2023-02-09 14:06:00,67.63,67.69,67.63,67.69,2248.0,SE
2023-02-09 14:05:00,67.55,67.6,67.55,67.6,1869.0,SE
2023-02-09 14:04:00,67.51,67.525,67.48,67.49,2865.0,SE
2023-02-09 14:03:00,67.6,67.6,67.54,67.54,2804.0,SE
2023-02-09 14:02:00,67.5285,67.62,67.52,67.62,3159.0,SE
2023-02-09 14:01:00,67.48,67.55,67.4701,67.49,4457.0,SE
2023-02-09 14:00:00,67.34,67.48,67.34,67.48,1854.0,SE
2023-02-09 13:59:00,67.43,67.43,67.34,67.34,3924.0,SE
2023-02-09 13:58:00,67.5,67.52,67.42,67.4314,7170.0,SE
2023-02-09 13:57:00,67.555,67.57,67.45,67.494,4307.0,SE
2023-02-09 13:56:00,67.66,67.66,67.59,67.59,1474.0,SE
2023-02-09 13:55:00,67.625,67.68,67.59,67.67,3372.0,SE
2023-02-09 13:54:00,67.6288,67.65,67.61,67.61,4155.0,SE
2023-02-09 13:53:00,67.56,67.59,67.545,67.57,1760.0,SE
2023-02-09 13:52:00,67.66,67.67,67.57,67.57,1409.0,SE
2023-02-09 13:51:00,67.675,67.675,67.61,67.65,2674.0,SE
2023-02-09 13:50:00,67.71,67.71,67.64,67.68,3335.0,SE
2023-02-09 13:49:00,67.6884,67.735,67.6884,67.69,1553.0,SE
2023-02-09 13:48:00,67.73,67.75,67.63,67.66,2515.0,SE
2023-02-09 13:47:00,67.71,67.79,67.7,67.74,3462.0,SE
2023-02-09 13:46:00,67.67,67.71,67.66,67.71,4526.0,SE
2023-02-09 13:45:00,67.7,67.7,67.68,67.7,1911.0,SE
2023-02-09 13:44:00,67.675,67.73,67.645,67.73,2278.0,SE
2023-02-09 13:43:00,67.73,67.76,67.66,67.69,3414.0,SE
2023-02-09 13:42:00,67.87,67.87,67.69,67.73,4609.0,SE
2023-02-09 13:41:00,67.965,67.965,67.87,67.87,2882.0,SE
2023-02-09 13:40:00,68.01,68.04,68.0,68.0,1741.0,SE
2023-02-09 13:39:00,68.075,68.1,67.93,68.01,6494.0,SE
2023-02-09 13:38:00,68.07,68.09,68.055,68.06,3235.0,SE
2023-02-09 13:37:00,68.04,68.07,68.01,68.07,4130.0,SE
2023-02-09 13:36:00,68.09,68.1,68.03,68.04,2135.0,SE
2023-02-09 13:35:00,67.93,68.06,67.93,68.025,2325.0,SE
2023-02-09 13:34:00,68.09,68.1298,67.93,68.005,33402.0,SE
2023-02-09 13:33:00,68.03,68.19,68.03,68.105,4441.0,SE
2023-02-09 13:32:00,67.75,68.0,67.75,67.99,5555.0,SE
2023-02-09 13:31:00,67.7,67.769,67.6,67.73,11795.0,SE
2023-02-09 13:30:00,67.81,67.81,67.7,67.74,4022.0,SE
2023-02-09 13:29:00,67.78,67.9,67.76,67.82,10253.0,SE
2023-02-09 13:28:00,67.8916,67.91,67.76,67.76,3559.0,SE
2023-02-09 13:27:00,67.8317,67.9,67.8317,67.9,917.0,SE
2023-02-09 13:26:00,67.74,67.83,67.74,67.83,2335.0,SE
2023-02-09 13:25:00,67.79,67.79,67.71,67.72,2593.0,SE
2023-02-09 13:24:00,67.935,67.935,67.82,67.82,4624.0,SE
2023-02-09 13:23:00,67.8682,67.96,67.8682,67.95,1181.0,SE
2023-02-09 13:22:00,67.79,67.79,67.79,67.79,677.0,SE
2023-02-09 13:21:00,67.69,67.79,67.69,67.79,628.0,SE
2023-02-09 13:20:00,67.67,67.7,67.65,67.66,3001.0,SE
2023-02-09 13:19:00,67.6,67.6,67.58,67.6,1217.0,SE
2023-02-09 13:18:00,67.55,67.63,67.55,67.605,7840.0,SE
2023-02-09 13:17:00,67.56,67.56,67.49,67.55,2044.0,SE
2023-02-09 13:16:00,67.64,67.68,67.54,67.54,4505.0,SE
2023-02-09 13:15:00,67.53,67.65,67.53,67.615,2327.0,SE
2023-02-09 13:14:00,67.61,67.61,67.6,67.61,1304.0,SE
2023-02-09 13:13:00,67.7,67.75,67.61,67.61,8170.0,SE
2023-02-09 13:12:00,67.685,67.76,67.685,67.71,2251.0,SE
2023-02-09 13:11:00,67.64,67.67,67.64,67.67,1316.0,SE
2023-02-09 13:10:00,67.52,67.61,67.52,67.61,1300.0,SE
2023-02-09 13:09:00,67.505,67.56,67.465,67.51,5445.0,SE
2023-02-09 13:08:00,67.6,67.6,67.49,67.5,3220.0,SE
2023-02-09 13:07:00,67.6,67.66,67.53,67.605,3152.0,SE
2023-02-09 13:06:00,67.605,67.69,67.56,67.63,3873.0,SE
2023-02-09 13:05:00,67.55,67.635,67.45,67.61,5995.0,SE
2023-02-09 13:04:00,67.62,67.62,67.565,67.58,1965.0,SE
2023-02-09 13:03:00,67.735,67.7583,67.57,67.59,6353.0,SE
2023-02-09 13:02:00,67.74,67.74,67.71,67.74,1323.0,SE
2023-02-09 13:01:00,67.8997,67.8997,67.79,67.79,2992.0,SE
2023-02-09 13:00:00,67.8347,67.92,67.8347,67.92,2605.0,SE
2023-02-09 12:59:00,67.87,67.87,67.78,67.82,4453.0,SE
2023-02-09 12:58:00,67.86,67.8988,67.86,67.895,789.0,SE
2023-02-09 12:57:00,67.8399,67.94,67.8399,67.89,22401.0,SE
2023-02-09 12:56:00,67.91,67.92,67.81,67.81,2514.0,SE
2023-02-09 12:55:00,67.82,67.9,67.82,67.846,6350.0,SE
2023-02-09 12:54:00,67.6926,67.86,67.68,67.86,1856.0,SE
2023-02-09 12:53:00,67.685,67.72,67.67,67.72,1010.0,SE
2023-02-09 12:52:00,67.69,67.7199,67.61,67.67,2118.0,SE
2023-02-09 12:51:00,67.62,67.68,67.615,67.65,3771.0,SE
2023-02-09 12:50:00,67.69,67.69,67.63,67.65,1838.0,SE
2023-02-09 12:49:00,67.76,67.76,67.71,67.71,1587.0,SE
2023-02-09 12:48:00,67.68,67.84,67.68,67.84,2089.0,SE
2023-02-09 12:47:00,67.715,67.74,67.67,67.71,1622.0,SE
2023-02-09 12:46:00,67.83,67.86,67.7,67.74,2497.0,SE
2023-02-09 12:45:00,67.87,67.87,67.79,67.81,2794.0,SE
2023-02-09 12:44:00,67.9974,67.9974,67.86,67.86,1737.0,SE
2023-02-09 12:43:00,68.0799,68.0799,67.9482,67.9482,1560.0,SE
2023-02-09 12:42:00,68.095,68.19,68.03,68.06,24300.0,SE
2023-02-09 12:41:00,67.97,68.07,67.955,68.07,4114.0,SE
2023-02-09 12:40:00,67.94,68.05,67.94,68.0,19562.0,SE
2023-02-09 12:39:00,67.8,67.94,67.79,67.91,7535.0,SE
2023-02-09 12:38:00,67.94,67.94,67.78,67.78,4934.0,SE
2023-02-09 12:37:00,68.12,68.13,67.955,67.955,29607.0,SE
2023-02-09 12:36:00,68.22,68.26,68.15,68.155,5002.0,SE
2023-02-09 12:35:00,68.2999,68.2999,68.23,68.24,2025.0,SE
2023-02-09 12:34:00,68.36,68.36,68.28,68.28,3587.0,SE
2023-02-09 12:33:00,68.47,68.48,68.37,68.42,1996.0,SE
2023-02-09 12:32:00,68.51,68.52,68.45,68.5,3478.0,SE
2023-02-09 12:31:00,68.45,68.45,68.45,68.45,495.0,SE
2023-02-09 12:30:00,68.585,68.585,68.46,68.46,968.0,SE
2023-02-09 12:29:00,68.6049,68.66,68.59,68.59,4966.0,SE
2023-02-09 12:28:00,68.57,68.66,68.55,68.66,1394.0,SE
2023-02-09 12:27:00,68.66,68.67,68.59,68.59,2591.0,SE
2023-02-09 12:26:00,68.56,68.66,68.56,68.645,8637.0,SE
2023-02-09 12:25:00,68.62,68.68,68.5,68.54,11019.0,SE
2023-02-09 12:24:00,68.59,68.62,68.55,68.62,729.0,SE
2023-02-09 12:23:00,68.62,68.67,68.62,68.67,399.0,SE
2023-02-09 12:22:00,68.73,68.73,68.62,68.62,2912.0,SE
2023-02-09 12:21:00,68.7,68.76,68.69,68.75,1377.0,SE
2023-02-09 12:20:00,68.8,68.8,68.7,68.7,6191.0,SE
2023-02-09 12:19:00,68.72,68.8,68.715,68.78,4614.0,SE
2023-02-09 12:18:00,68.675,68.78,68.675,68.78,253.0,SE
2023-02-09 12:17:00,68.68,68.68,68.57,68.66,2083.0,SE
2023-02-09 12:16:00,68.68,68.8,68.68,68.7,8683.0,SE
2023-02-09 12:15:00,68.7917,68.7917,68.66,68.7099,2371.0,SE
2023-02-09 12:14:00,68.76,68.81,68.76,68.8,50841.0,SE
2023-02-09 12:13:00,68.78,68.97,68.765,68.8,19928.0,SE
2023-02-09 12:12:00,68.87,68.89,68.75,68.75,8366.0,SE
2023-02-09 12:11:00,68.77,68.89,68.77,68.872,12785.0,SE
2023-02-09 12:10:00,68.75,68.75,68.66,68.75,3329.0,SE
2023-02-09 12:09:00,68.8,68.8025,68.73,68.73,4239.0,SE
2023-02-09 12:08:00,68.84,68.84,68.75,68.81,6392.0,SE
2023-02-09 12:07:00,68.81,68.89,68.74,68.89,8718.0,SE
2023-02-09 12:06:00,68.73,68.84,68.68,68.81,10941.0,SE
2023-02-09 12:05:00,68.83,68.83,68.74,68.74,3395.0,SE
2023-02-09 12:04:00,68.875,68.9,68.83,68.83,6582.0,SE
2023-02-09 12:03:00,68.8,68.9,68.7675,68.9,6734.0,SE
2023-02-09 12:02:00,68.83,68.9,68.825,68.845,12206.0,SE
2023-02-09 12:01:00,68.82,68.825,68.77,68.825,10012.0,SE
2023-02-09 12:00:00,68.67,68.82,68.64,68.795,7787.0,SE
2023-02-09 11:59:00,68.6401,68.67,68.62,68.66,16338.0,SE
2023-02-09 11:58:00,68.725,68.725,68.63,68.675,13547.0,SE
2023-02-09 11:57:00,68.52,68.7,68.5,68.7,8079.0,SE
2023-02-09 11:56:00,68.54,68.55,68.47,68.47,4426.0,SE
2023-02-09 11:55:00,68.39,68.51,68.39,68.5,2740.0,SE
2023-02-09 11:54:00,68.49,68.49,68.37,68.45,3843.0,SE
2023-02-09 11:53:00,68.54,68.56,68.48,68.49,3643.0,SE
2023-02-09 11:52:00,68.505,68.55,68.47,68.55,4192.0,SE
2023-02-09 11:51:00,68.56,68.56,68.49,68.54,38887.0,SE
2023-02-09 11:50:00,68.43,68.59,68.43,68.56,8244.0,SE
2023-02-09 11:49:00,68.4,68.45,68.35,68.43,5987.0,SE
2023-02-09 11:48:00,68.4241,68.46,68.4,68.45,2478.0,SE
2023-02-09 11:47:00,68.51,68.54,68.38,68.41,39510.0,SE
2023-02-09 11:46:00,68.64,68.64,68.52,68.52,5644.0,SE
2023-02-09 11:45:00,68.685,68.72,68.64,68.64,2723.0,SE
2023-02-09 11:44:00,68.59,68.69,68.59,68.69,1473.0,SE
2023-02-09 11:43:00,68.71,68.71,68.51,68.59,6168.0,SE
2023-02-09 11:42:00,68.84,68.84,68.715,68.75,3551.0,SE
2023-02-09 11:41:00,68.81,68.9,68.81,68.87,4665.0,SE
2023-02-09 11:40:00,68.575,68.7915,68.49,68.7915,7985.0,SE
2023-02-09 11:39:00,68.58,68.61,68.54,68.56,3838.0,SE
2023-02-09 11:38:00,68.32,68.5299,68.32,68.5299,4073.0,SE
2023-02-09 11:37:00,68.31,68.34,68.13,68.335,10790.0,SE
2023-02-09 11:36:00,68.37,68.39,68.33,68.33,3377.0,SE
2023-02-09 11:35:00,68.41,68.41,68.35,68.3625,2595.0,SE
2023-02-09 11:34:00,68.36,68.45,68.3501,68.4,5227.0,SE
2023-02-09 11:33:00,68.35,68.36,68.3,68.31,1642.0,SE
2023-02-09 11:32:00,68.5,68.55,68.32,68.37,14205.0,SE
2023-02-09 11:31:00,68.53,68.54,68.45,68.47,5460.0,SE
2023-02-09 11:30:00,68.5,68.57,68.5,68.57,7388.0,SE
2023-02-09 11:29:00,68.535,68.535,68.45,68.47,9449.0,SE
2023-02-09 11:28:00,68.58,68.68,68.555,68.555,2432.0,SE
2023-02-09 11:27:00,68.4883,68.65,68.4883,68.59,6002.0,SE
2023-02-09 11:26:00,68.61,68.62,68.45,68.48,8227.0,SE
2023-02-09 11:25:00,68.735,68.735,68.5802,68.5802,4231.0,SE
2023-02-09 11:24:00,68.7749,68.81,68.73,68.78,3058.0,SE
2023-02-09 11:23:00,68.8,68.93,68.8,68.83,5165.0,SE
2023-02-09 11:22:00,68.75,68.8272,68.71,68.8272,3495.0,SE
2023-02-09 11:21:00,68.91,68.91,68.76,68.76,2087.0,SE
2023-02-09 11:20:00,68.925,68.99,68.92,68.92,2701.0,SE
2023-02-09 11:19:00,68.99,69.005,68.925,68.94,22119.0,SE
2023-02-09 11:18:00,69.06,69.06,68.9903,69.0073,1379.0,SE
2023-02-09 11:17:00,69.095,69.095,68.96,69.05,5394.0,SE
2023-02-09 11:16:00,69.1,69.15,69.0873,69.1,2451.0,SE
2023-02-09 11:15:00,69.2,69.21,69.14,69.15,2658.0,SE
2023-02-09 11:14:00,69.17,69.212,69.17,69.212,2684.0,SE
2023-02-09 11:13:00,69.25,69.25,69.13,69.13,1645.0,SE
2023-02-09 11:12:00,69.23,69.35,69.165,69.28,4330.0,SE
2023-02-09 11:11:00,69.25,69.285,69.25,69.27,1119.0,SE
2023-02-09 11:10:00,69.24,69.31,69.24,69.26,2334.0,SE
2023-02-09 11:09:00,68.93,69.23,68.925,69.23,2232.0,SE
2023-02-09 11:08:00,68.89,68.93,68.84,68.9,3553.0,SE
2023-02-09 11:07:00,68.81,68.9,68.7661,68.885,7477.0,SE
2023-02-09 11:06:00,68.95,68.98,68.88,68.91,29940.0,SE
2023-02-09 11:05:00,69.135,69.135,68.9501,68.9501,27937.0,SE
2023-02-09 11:04:00,69.14,69.15,69.02,69.13,20824.0,SE
2023-02-09 11:03:00,69.27,69.27,69.1,69.14,18430.0,SE
2023-02-09 11:02:00,69.36,69.36,69.2528,69.28,2362.0,SE
2023-02-09 11:01:00,69.5,69.5,69.34,69.4,7731.0,SE
2023-02-09 11:00:00,69.545,69.545,69.44,69.51,6392.0,SE
2023-02-09 10:59:00,69.57,69.6,69.52,69.56,2919.0,SE
2023-02-09 10:58:00,69.505,69.54,69.5,69.535,9717.0,SE
2023-02-09 10:57:00,69.3887,69.54,69.38,69.54,13795.0,SE
2023-02-09 10:56:00,69.36,69.43,69.24,69.39,12023.0,SE
2023-02-09 10:55:00,69.39,69.54,69.38,69.41,4285.0,SE
2023-02-09 10:54:00,69.63,69.63,69.45,69.46,3705.0,SE
2023-02-09 10:53:00,69.715,69.735,69.57,69.6095,13569.0,SE
2023-02-09 10:52:00,69.58,69.69,69.575,69.69,2406.0,SE
2023-02-09 10:51:00,69.77,69.78,69.6,69.6,7260.0,SE
2023-02-09 10:50:00,69.69,69.7901,69.66,69.7901,2486.0,SE
2023-02-09 10:49:00,69.38,69.63,69.37,69.63,7434.0,SE
2023-02-09 10:48:00,69.38,69.39,69.32,69.36,2713.0,SE
2023-02-09 10:47:00,69.28,69.34,69.28,69.3323,2235.0,SE
2023-02-09 10:46:00,69.26,69.27,69.16,69.26,5615.0,SE
2023-02-09 10:45:00,69.27,69.33,69.24,69.275,3077.0,SE
2023-02-09 10:44:00,69.25,69.3,69.16,69.22,3526.0,SE
2023-02-09 10:43:00,69.3058,69.3058,69.199,69.2406,2674.0,SE
2023-02-09 10:42:00,69.39,69.39,69.26,69.33,7214.0,SE
2023-02-09 10:41:00,69.46,69.46,69.34,69.43,5564.0,SE
2023-02-09 10:40:00,69.46,69.51,69.43,69.48,5294.0,SE
2023-02-09 10:39:00,69.39,69.54,69.36,69.495,6015.0,SE
2023-02-09 10:38:00,69.34,69.43,69.34,69.43,4162.0,SE
2023-02-09 10:37:00,69.35,69.39,69.33,69.33,3220.0,SE
2023-02-09 10:36:00,69.22,69.36,69.21,69.36,3373.0,SE
2023-02-09 10:35:00,69.41,69.41,69.2,69.26,2090.0,SE
2023-02-09 10:34:00,69.3301,69.53,69.3301,69.47,3544.0,SE
2023-02-09 10:33:00,69.38,69.42,69.38,69.4,4370.0,SE
2023-02-09 10:32:00,69.27,69.4563,69.25,69.38,11442.0,SE
2023-02-09 10:31:00,69.21,69.29,69.14,69.205,4473.0,SE
2023-02-09 10:30:00,69.325,69.355,69.26,69.26,3167.0,SE
2023-02-09 10:29:00,69.22,69.2978,69.19,69.295,2825.0,SE
2023-02-09 10:28:00,69.45,69.45,69.1564,69.19,6558.0,SE
2023-02-09 10:27:00,69.48,69.65,69.46,69.53,12281.0,SE
2023-02-09 10:26:00,69.738,69.738,69.39,69.51,30112.0,SE
2023-02-09 10:25:00,70.16,70.16,69.72,69.78,18808.0,SE
2023-02-09 10:24:00,70.37,70.37,70.15,70.16,5389.0,SE
2023-02-09 10:23:00,70.26,70.48,70.26,70.43,14709.0,SE
2023-02-09 10:22:00,70.15,70.4,70.13,70.29,15284.0,SE
2023-02-09 10:21:00,70.06,70.17,70.03,70.14,2588.0,SE
2023-02-09 10:20:00,69.82,70.06,69.8149,70.06,3953.0,SE
2023-02-09 10:19:00,69.88,69.88,69.735,69.82,6241.0,SE
2023-02-09 10:18:00,69.83,69.89,69.79,69.89,3221.0,SE
2023-02-09 10:17:00,69.725,69.88,69.725,69.88,7799.0,SE
2023-02-09 10:16:00,69.78,69.811,69.7,69.7,6666.0,SE
2023-02-09 10:15:00,69.71,69.82,69.67,69.76,4290.0,SE
2023-02-09 10:14:00,69.52,69.695,69.51,69.695,4395.0,SE
2023-02-09 10:13:00,69.51,69.59,69.4,69.48,7239.0,SE
2023-02-09 10:12:00,69.51,69.6,69.46,69.46,9846.0,SE
2023-02-09 10:11:00,69.7,69.71,69.37,69.49,57441.0,SE
2023-02-09 10:10:00,69.93,69.93,69.71,69.73,8640.0,SE
2023-02-09 10:09:00,69.82,69.92,69.8,69.92,5535.0,SE
2023-02-09 10:08:00,70.065,70.11,69.8,69.86,10117.0,SE
2023-02-09 10:07:00,70.045,70.08,69.92,70.03,3229.0,SE
2023-02-09 10:06:00,69.98,70.13,69.8901,69.92,5161.0,SE
2023-02-09 10:05:00,70.01,70.1,69.895,70.035,11861.0,SE
2023-02-09 10:04:00,70.34,70.37,70.02,70.02,8066.0,SE
2023-02-09 10:03:00,70.13,70.39,70.13,70.32,4847.0,SE
2023-02-09 10:02:00,70.32,70.34,70.08,70.15,4585.0,SE
2023-02-09 10:01:00,70.33,70.33,70.12,70.22,6134.0,SE
2023-02-09 10:00:00,70.37,70.4,70.26,70.37,4728.0,SE
2023-02-09 09:59:00,70.45,70.45,70.18,70.36,7172.0,SE
2023-02-09 09:58:00,70.55,70.5817,70.4396,70.5,4908.0,SE
2023-02-09 09:57:00,70.45,70.605,70.45,70.56,6823.0,SE
2023-02-09 09:56:00,70.4703,70.4703,70.145,70.38,19387.0,SE
2023-02-09 09:55:00,70.63,70.6446,70.4015,70.49,31640.0,SE
2023-02-09 09:54:00,70.86,70.8641,70.585,70.65,7708.0,SE
2023-02-09 09:53:00,70.99,71.18,70.8365,70.865,21382.0,SE
2023-02-09 09:52:00,70.685,71.06,70.685,71.03,13588.0,SE
2023-02-09 09:51:00,70.28,70.66,70.28,70.64,14847.0,SE
2023-02-09 09:50:00,69.98,70.29,69.98,70.29,14906.0,SE
2023-02-09 09:49:00,69.8999,70.06,69.81,70.02,11538.0,SE
2023-02-09 09:48:00,69.83,69.86,69.79,69.85,4910.0,SE
2023-02-09 09:47:00,69.6759,69.75,69.5,69.74,4922.0,SE
2023-02-09 09:46:00,69.59,69.69,69.56,69.68,4729.0,SE
2023-02-09 09:45:00,69.52,69.71,69.3057,69.6,6590.0,SE
2023-02-09 09:44:00,69.235,69.6,69.13,69.6,5141.0,SE
2023-02-09 09:43:00,69.55,69.69,69.21,69.21,10264.0,SE
2023-02-09 09:42:00,69.79,69.83,69.5,69.545,19995.0,SE
2023-02-09 09:41:00,69.7,69.915,69.69,69.8,11705.0,SE
2023-02-09 09:40:00,69.54,69.64,69.51,69.57,10921.0,SE
2023-02-09 09:39:00,69.59,69.62,69.5,69.59,8194.0,SE
2023-02-09 09:38:00,69.5,69.67,69.48,69.5124,8863.0,SE
2023-02-09 09:37:00,69.58,69.58,69.355,69.46,7645.0,SE
2023-02-09 09:36:00,69.78,69.99,69.48,69.49,18168.0,SE
2023-02-09 09:35:00,69.66,69.87,69.66,69.715,9208.0,SE
2023-02-09 09:34:00,69.32,69.5,69.12,69.48,9177.0,SE
2023-02-09 09:33:00,69.4131,69.7,69.12,69.12,27596.0,SE
2023-02-09 09:32:00,69.85,69.85,69.265,69.265,6782.0,SE
2023-02-09 09:31:00,69.7,70.0,69.37,69.835,63307.0,SE
2023-02-09 09:30:00,69.75,69.75,69.75,69.75,585.0,SE
2023-02-09 09:29:00,69.81,69.85,69.78,69.78,2409.0,SE
2023-02-09 09:27:00,69.94,69.94,69.94,69.94,640.0,SE
2023-02-09 09:24:00,69.94,69.94,69.91,69.91,250.0,SE
2023-02-09 09:22:00,69.94,69.94,69.94,69.94,430.0,SE
2023-02-09 09:00:00,69.69,69.7,69.69,69.7,1249.0,SE
2023-02-09 08:57:00,69.67,69.67,69.67,69.67,778.0,SE
2023-02-09 08:53:00,69.75,69.75,69.75,69.75,200.0,SE
2023-02-09 08:46:00,69.7,69.7,69.7,69.7,310.0,SE
2023-02-09 08:40:00,69.7,69.7,69.65,69.66,1458.0,SE
2023-02-09 08:38:00,69.99,69.99,69.99,69.99,100.0,SE
2023-02-09 08:18:00,69.5,69.5,69.5,69.5,100.0,SE
2023-02-09 08:01:00,69.5,69.5,69.5,69.5,1521.0,SE
2023-02-09 07:35:00,69.81,69.81,69.6,69.6,1134.0,SE
2023-02-09 07:22:00,70.0,70.0,70.0,70.0,113.0,SE
2023-02-09 07:19:00,69.93,70.0,69.93,70.0,435.0,SE
2023-02-09 07:13:00,69.7,69.8,69.7,69.7,493.0,SE
2023-02-09 07:05:00,69.81,69.81,69.81,69.81,417.0,SE
2023-02-09 06:22:00,69.98,69.98,69.93,69.93,986.0,SE
2023-02-09 05:54:00,70.06,70.06,70.06,70.06,164.0,SE
2023-02-09 05:17:00,70.01,70.01,70.0,70.0,200.0,SE
2023-02-09 05:09:00,70.0,70.0,70.0,70.0,100.0,SE
2023-02-09 05:08:00,70.0,70.0,70.0,70.0,200.0,SE
2023-02-09 05:06:00,69.92,70.0,69.92,70.0,1033.0,SE
2023-02-09 04:52:00,69.79,69.79,69.79,69.79,347.0,SE
2023-02-09 04:49:00,69.75,69.75,69.75,69.75,500.0,SE
2023-02-09 04:47:00,69.76,69.76,69.76,69.76,120.0,SE
2023-02-09 04:35:00,69.53,69.55,69.53,69.55,1307.0,SE
2023-02-09 04:34:00,69.53,69.54,69.53,69.53,1252.0,SE
2023-02-09 04:33:00,69.53,69.53,69.53,69.53,135.0,SE
2023-02-09 04:32:00,69.48,69.53,69.48,69.53,411.0,SE
2023-02-09 04:30:00,69.54,69.54,69.54,69.54,500.0,SE
2023-02-09 04:27:00,69.55,69.55,69.55,69.55,187.0,SE
2023-02-09 04:22:00,69.55,69.55,69.55,69.55,315.0,SE
2023-02-09 04:15:00,69.75,69.75,69.75,69.75,618.0,SE
2023-02-09 04:03:00,69.8,69.8,69.8,69.8,226.0,SE
