date,1. open,2. high,3. low,4. close,5. volume,Ticker
2023-05-17 16:01:00,35.19,35.19,35.19,35.19,9538.0,SUPN
2023-05-17 16:00:00,35.12,35.25,35.12,35.19,20458.0,SUPN
2023-05-17 15:59:00,35.16,35.16,35.11,35.13,5397.0,SUPN
2023-05-17 15:58:00,35.15,35.16,35.12,35.15,5130.0,SUPN
2023-05-17 15:57:00,35.17,35.17,35.13,35.16,6668.0,SUPN
2023-05-17 15:56:00,35.12,35.17,35.1,35.17,4338.0,SUPN
2023-05-17 15:55:00,35.14,35.14,35.115,35.12,4263.0,SUPN
2023-05-17 15:54:00,35.19,35.19,35.13,35.13,1668.0,SUPN
2023-05-17 15:53:00,35.19,35.2,35.18,35.2,1982.0,SUPN
2023-05-17 15:52:00,35.23,35.23,35.18,35.19,2388.0,SUPN
2023-05-17 15:51:00,35.21,35.24,35.21,35.22,1182.0,SUPN
2023-05-17 15:50:00,35.22,35.22,35.2,35.2,1415.0,SUPN
2023-05-17 15:49:00,35.21,35.21,35.2,35.2,843.0,SUPN
2023-05-17 15:48:00,35.18,35.19,35.18,35.18,1131.0,SUPN
2023-05-17 15:47:00,35.17,35.17,35.16,35.17,1112.0,SUPN
2023-05-17 15:46:00,35.15,35.17,35.15,35.17,1074.0,SUPN
2023-05-17 15:45:00,35.15,35.15,35.15,35.15,341.0,SUPN
2023-05-17 15:43:00,35.1,35.12,35.08,35.12,1849.0,SUPN
2023-05-17 15:42:00,35.1,35.13,35.1,35.105,2412.0,SUPN
2023-05-17 15:41:00,35.13,35.13,35.12,35.12,613.0,SUPN
2023-05-17 15:40:00,35.13,35.14,35.13,35.14,1358.0,SUPN
2023-05-17 15:39:00,35.11,35.11,35.1,35.11,999.0,SUPN
2023-05-17 15:38:00,35.13,35.13,35.12,35.12,471.0,SUPN
2023-05-17 15:36:00,35.13,35.13,35.12,35.12,685.0,SUPN
2023-05-17 15:35:00,35.11,35.11,35.1,35.1,734.0,SUPN
2023-05-17 15:34:00,35.09,35.09,35.09,35.09,319.0,SUPN
2023-05-17 15:33:00,35.065,35.08,35.0625,35.08,1433.0,SUPN
2023-05-17 15:31:00,35.04,35.08,35.04,35.08,2218.0,SUPN
2023-05-17 15:30:00,35.03,35.04,35.03,35.04,515.0,SUPN
2023-05-17 15:29:00,35.05,35.05,35.04,35.04,892.0,SUPN
2023-05-17 15:28:00,35.065,35.065,35.065,35.065,103.0,SUPN
2023-05-17 15:27:00,35.065,35.065,35.065,35.065,672.0,SUPN
2023-05-17 15:26:00,35.055,35.07,35.05,35.05,1026.0,SUPN
2023-05-17 15:24:00,35.09,35.09,35.065,35.065,403.0,SUPN
2023-05-17 15:23:00,35.1,35.1,35.1,35.1,280.0,SUPN
2023-05-17 15:22:00,35.12,35.12,35.115,35.115,409.0,SUPN
2023-05-17 15:20:00,35.19,35.19,35.16,35.16,1099.0,SUPN
2023-05-17 15:19:00,35.17,35.2,35.17,35.2,1318.0,SUPN
2023-05-17 15:18:00,35.16,35.16,35.16,35.16,771.0,SUPN
2023-05-17 15:16:00,35.15,35.15,35.13,35.13,586.0,SUPN
2023-05-17 15:14:00,35.12,35.14,35.11,35.14,1947.0,SUPN
2023-05-17 15:13:00,35.1,35.1,35.1,35.1,356.0,SUPN
2023-05-17 15:11:00,35.12,35.12,35.1,35.1,271.0,SUPN
2023-05-17 15:10:00,35.12,35.12,35.12,35.12,429.0,SUPN
2023-05-17 15:07:00,35.13,35.13,35.13,35.13,234.0,SUPN
2023-05-17 15:06:00,35.1399,35.1399,35.1399,35.1399,702.0,SUPN
2023-05-17 15:05:00,35.13,35.14,35.13,35.13,788.0,SUPN
2023-05-17 15:04:00,35.13,35.13,35.115,35.13,572.0,SUPN
2023-05-17 15:03:00,35.13,35.13,35.12,35.12,697.0,SUPN
2023-05-17 15:02:00,35.1,35.1,35.1,35.1,1389.0,SUPN
2023-05-17 15:01:00,35.09,35.09,35.09,35.09,1433.0,SUPN
2023-05-17 15:00:00,35.07,35.08,35.0605,35.07,1558.0,SUPN
2023-05-17 14:59:00,35.07,35.083,35.07,35.083,325.0,SUPN
2023-05-17 14:58:00,35.1,35.1,35.1,35.1,100.0,SUPN
2023-05-17 14:57:00,35.09,35.09,35.09,35.09,111.0,SUPN
2023-05-17 14:54:00,35.09,35.09,35.09,35.09,120.0,SUPN
2023-05-17 14:53:00,35.08,35.08,35.07,35.07,769.0,SUPN
2023-05-17 14:52:00,35.12,35.12,35.12,35.12,233.0,SUPN
2023-05-17 14:51:00,35.1,35.1,35.1,35.1,100.0,SUPN
2023-05-17 14:49:00,35.08,35.08,35.08,35.08,124.0,SUPN
2023-05-17 14:48:00,35.07,35.07,35.07,35.07,227.0,SUPN
2023-05-17 14:47:00,35.025,35.06,35.025,35.055,1264.0,SUPN
2023-05-17 14:46:00,35.025,35.03,34.99,35.03,1543.0,SUPN
2023-05-17 14:45:00,35.025,35.025,35.025,35.025,102.0,SUPN
2023-05-17 14:44:00,35.025,35.025,35.025,35.025,257.0,SUPN
2023-05-17 14:43:00,35.0,35.025,35.0,35.025,1974.0,SUPN
2023-05-17 14:42:00,34.99,34.99,34.99,34.99,575.0,SUPN
2023-05-17 14:41:00,34.985,34.985,34.985,34.985,303.0,SUPN
2023-05-17 14:37:00,35.0,35.01,35.0,35.01,1098.0,SUPN
2023-05-17 14:36:00,34.97,35.0,34.97,35.0,1027.0,SUPN
2023-05-17 14:35:00,34.99,34.995,34.97,34.97,682.0,SUPN
2023-05-17 14:34:00,34.98,35.0,34.96,35.0,1566.0,SUPN
2023-05-17 14:33:00,34.99,35.01,34.99,35.01,1457.0,SUPN
2023-05-17 14:32:00,35.02,35.03,35.02,35.03,853.0,SUPN
2023-05-17 14:30:00,35.03,35.03,35.03,35.03,212.0,SUPN
2023-05-17 14:29:00,35.06,35.06,35.06,35.06,104.0,SUPN
2023-05-17 14:28:00,35.07,35.07,35.06,35.06,379.0,SUPN
2023-05-17 14:27:00,35.08,35.08,35.07,35.08,1016.0,SUPN
2023-05-17 14:25:00,35.08,35.08,35.08,35.08,590.0,SUPN
2023-05-17 14:23:00,35.11,35.11,35.11,35.11,120.0,SUPN
2023-05-17 14:22:00,35.11,35.11,35.11,35.11,100.0,SUPN
2023-05-17 14:21:00,35.15,35.15,35.15,35.15,848.0,SUPN
2023-05-17 14:20:00,35.18,35.18,35.18,35.18,364.0,SUPN
2023-05-17 14:19:00,35.14,35.17,35.14,35.17,2035.0,SUPN
2023-05-17 14:18:00,35.13,35.13,35.13,35.13,146.0,SUPN
2023-05-17 14:17:00,35.14,35.14,35.14,35.14,223.0,SUPN
2023-05-17 14:15:00,35.16,35.165,35.16,35.165,500.0,SUPN
2023-05-17 14:13:00,35.17,35.17,35.17,35.17,104.0,SUPN
2023-05-17 14:12:00,35.17,35.19,35.17,35.18,1502.0,SUPN
2023-05-17 14:11:00,35.16,35.16,35.16,35.16,237.0,SUPN
2023-05-17 14:09:00,35.22,35.22,35.19,35.19,693.0,SUPN
2023-05-17 14:08:00,35.23,35.23,35.23,35.23,100.0,SUPN
2023-05-17 14:07:00,35.23,35.23,35.23,35.23,226.0,SUPN
2023-05-17 14:06:00,35.23,35.23,35.23,35.23,327.0,SUPN
2023-05-17 14:05:00,35.275,35.275,35.24,35.24,789.0,SUPN
2023-05-17 14:04:00,35.29,35.29,35.29,35.29,110.0,SUPN
2023-05-17 13:55:00,35.25,35.25,35.25,35.25,915.0,SUPN
2023-05-17 13:54:00,35.23,35.24,35.2257,35.2257,1193.0,SUPN
2023-05-17 13:53:00,35.26,35.26,35.205,35.205,1195.0,SUPN
2023-05-17 13:52:00,35.225,35.25,35.225,35.25,266.0,SUPN
2023-05-17 13:46:00,35.26,35.26,35.24,35.24,927.0,SUPN
2023-05-17 13:45:00,35.22,35.26,35.205,35.26,2098.0,SUPN
2023-05-17 13:44:00,35.25,35.25,35.25,35.25,523.0,SUPN
2023-05-17 13:41:00,35.27,35.27,35.27,35.27,129.0,SUPN
2023-05-17 13:38:00,35.23,35.25,35.23,35.25,322.0,SUPN
2023-05-17 13:36:00,35.225,35.25,35.225,35.235,1299.0,SUPN
2023-05-17 13:35:00,35.2,35.21,35.2,35.21,929.0,SUPN
2023-05-17 13:34:00,35.17,35.17,35.17,35.17,239.0,SUPN
2023-05-17 13:32:00,35.17,35.17,35.17,35.17,449.0,SUPN
2023-05-17 13:31:00,35.16,35.2099,35.16,35.2099,2214.0,SUPN
2023-05-17 13:30:00,35.16,35.16,35.16,35.16,696.0,SUPN
2023-05-17 13:28:00,35.19,35.19,35.19,35.19,108.0,SUPN
2023-05-17 13:27:00,35.14,35.14,35.13,35.13,327.0,SUPN
2023-05-17 13:26:00,35.18,35.19,35.18,35.19,1999.0,SUPN
2023-05-17 13:25:00,35.15,35.15,35.15,35.15,133.0,SUPN
2023-05-17 13:24:00,35.145,35.145,35.145,35.145,114.0,SUPN
2023-05-17 13:23:00,35.155,35.155,35.155,35.155,571.0,SUPN
2023-05-17 13:22:00,35.155,35.155,35.155,35.155,156.0,SUPN
2023-05-17 13:17:00,35.1753,35.1753,35.12,35.12,319.0,SUPN
2023-05-17 13:16:00,35.12,35.12,35.12,35.12,120.0,SUPN
2023-05-17 13:15:00,35.07,35.14,35.07,35.14,2208.0,SUPN
2023-05-17 13:14:00,35.095,35.095,35.07,35.07,421.0,SUPN
2023-05-17 13:11:00,35.13,35.13,35.13,35.13,246.0,SUPN
2023-05-17 13:09:00,35.181,35.181,35.16,35.1801,3271.0,SUPN
2023-05-17 13:08:00,35.22,35.23,35.22,35.22,1619.0,SUPN
2023-05-17 13:07:00,35.21,35.22,35.21,35.22,945.0,SUPN
2023-05-17 13:05:00,35.21,35.21,35.19,35.19,819.0,SUPN
2023-05-17 13:03:00,35.24,35.24,35.21,35.21,469.0,SUPN
2023-05-17 13:02:00,35.24,35.25,35.24,35.25,536.0,SUPN
2023-05-17 13:00:00,35.225,35.225,35.225,35.225,162.0,SUPN
2023-05-17 12:57:00,35.24,35.24,35.24,35.24,184.0,SUPN
2023-05-17 12:56:00,35.24,35.24,35.23,35.23,1324.0,SUPN
2023-05-17 12:53:00,35.2,35.2,35.2,35.2,200.0,SUPN
2023-05-17 12:52:00,35.21,35.21,35.21,35.21,432.0,SUPN
2023-05-17 12:50:00,35.24,35.24,35.23,35.23,628.0,SUPN
2023-05-17 12:47:00,35.25,35.28,35.25,35.28,1639.0,SUPN
2023-05-17 12:46:00,35.245,35.245,35.245,35.245,122.0,SUPN
2023-05-17 12:44:00,35.24,35.24,35.23,35.23,236.0,SUPN
2023-05-17 12:41:00,35.2,35.21,35.2,35.205,660.0,SUPN
2023-05-17 12:39:00,35.2,35.2,35.18,35.18,709.0,SUPN
2023-05-17 12:38:00,35.16,35.185,35.16,35.185,350.0,SUPN
2023-05-17 12:37:00,35.075,35.145,35.075,35.145,1544.0,SUPN
2023-05-17 12:33:00,35.07,35.07,35.07,35.07,281.0,SUPN
2023-05-17 12:32:00,35.08,35.09,35.05,35.05,1261.0,SUPN
2023-05-17 12:31:00,35.075,35.075,35.075,35.075,200.0,SUPN
2023-05-17 12:30:00,35.06,35.06,35.06,35.06,111.0,SUPN
2023-05-17 12:28:00,35.05,35.06,35.05,35.06,381.0,SUPN
2023-05-17 12:27:00,35.03,35.055,35.03,35.055,465.0,SUPN
2023-05-17 12:26:00,35.02,35.02,35.005,35.005,929.0,SUPN
2023-05-17 12:25:00,34.99,35.0,34.99,35.0,1935.0,SUPN
2023-05-17 12:24:00,34.91,34.995,34.91,34.995,5295.0,SUPN
2023-05-17 12:23:00,34.99,35.0,34.975,34.98,1955.0,SUPN
2023-05-17 12:21:00,35.0,35.04,35.0,35.035,19546.0,SUPN
2023-05-17 12:20:00,35.05,35.06,35.01,35.01,1528.0,SUPN
2023-05-17 12:18:00,35.07,35.07,35.05,35.05,719.0,SUPN
2023-05-17 12:17:00,35.075,35.075,35.075,35.075,253.0,SUPN
2023-05-17 12:16:00,35.08,35.08,35.07,35.07,1271.0,SUPN
2023-05-17 12:15:00,35.07,35.07,35.07,35.07,243.0,SUPN
2023-05-17 12:14:00,35.075,35.075,35.07,35.07,256.0,SUPN
2023-05-17 12:13:00,35.06,35.08,35.06,35.08,419.0,SUPN
2023-05-17 12:12:00,35.075,35.075,35.075,35.075,211.0,SUPN
2023-05-17 12:11:00,35.1,35.1,35.1,35.1,271.0,SUPN
2023-05-17 12:08:00,35.11,35.11,35.105,35.105,546.0,SUPN
2023-05-17 12:07:00,35.09,35.09,35.09,35.09,216.0,SUPN
2023-05-17 12:06:00,35.1,35.1,35.09,35.09,1614.0,SUPN
2023-05-17 12:04:00,35.08,35.09,35.075,35.075,1579.0,SUPN
2023-05-17 12:02:00,35.085,35.085,35.085,35.085,333.0,SUPN
2023-05-17 12:00:00,35.09,35.09,35.09,35.09,300.0,SUPN
2023-05-17 11:59:00,35.1,35.1,35.09,35.09,328.0,SUPN
2023-05-17 11:56:00,35.08,35.08,35.08,35.08,100.0,SUPN
2023-05-17 11:55:00,35.05,35.07,35.05,35.07,1587.0,SUPN
2023-05-17 11:53:00,35.05,35.05,35.05,35.05,804.0,SUPN
2023-05-17 11:52:00,35.04,35.04,35.04,35.04,112.0,SUPN
2023-05-17 11:51:00,35.04,35.04,35.035,35.035,217.0,SUPN
2023-05-17 11:50:00,35.05,35.05,35.03,35.03,415.0,SUPN
2023-05-17 11:49:00,35.06,35.06,35.06,35.06,396.0,SUPN
2023-05-17 11:44:00,35.07,35.07,35.05,35.05,359.0,SUPN
2023-05-17 11:43:00,35.025,35.05,35.025,35.04,545.0,SUPN
2023-05-17 11:42:00,35.02,35.02,35.02,35.02,226.0,SUPN
2023-05-17 11:41:00,35.01,35.02,35.0,35.02,1732.0,SUPN
2023-05-17 11:39:00,34.995,34.995,34.995,34.995,105.0,SUPN
2023-05-17 11:36:00,34.99,35.01,34.99,35.01,422.0,SUPN
2023-05-17 11:34:00,35.005,35.005,35.005,35.005,100.0,SUPN
2023-05-17 11:30:00,35.0,35.0,35.0,35.0,426.0,SUPN
2023-05-17 11:29:00,35.02,35.02,35.01,35.01,338.0,SUPN
2023-05-17 11:28:00,34.98,35.02,34.98,35.02,1125.0,SUPN
2023-05-17 11:27:00,34.97,34.99,34.965,34.965,2042.0,SUPN
2023-05-17 11:25:00,34.955,34.955,34.955,34.955,108.0,SUPN
2023-05-17 11:24:00,34.93,34.96,34.93,34.96,423.0,SUPN
2023-05-17 11:23:00,34.97,34.97,34.92,34.92,880.0,SUPN
2023-05-17 11:22:00,34.98,34.99,34.98,34.99,430.0,SUPN
2023-05-17 11:21:00,34.995,34.995,34.995,34.995,100.0,SUPN
2023-05-17 11:20:00,35.0,35.0,34.98,34.99,699.0,SUPN
2023-05-17 11:19:00,35.0,35.07,35.0,35.01,1557.0,SUPN
2023-05-17 11:18:00,34.98,35.01,34.98,35.01,788.0,SUPN
2023-05-17 11:17:00,35.03,35.03,34.93,34.93,858.0,SUPN
2023-05-17 11:16:00,34.97,34.97,34.97,34.97,159.0,SUPN
2023-05-17 11:15:00,34.94,34.99,34.94,34.99,1460.0,SUPN
2023-05-17 11:14:00,34.945,34.945,34.945,34.945,105.0,SUPN
2023-05-17 11:13:00,34.92,34.945,34.92,34.945,1934.0,SUPN
2023-05-17 11:12:00,34.9,34.9,34.9,34.9,111.0,SUPN
2023-05-17 11:11:00,34.945,34.945,34.915,34.915,418.0,SUPN
2023-05-17 11:09:00,34.9,34.95,34.9,34.95,1279.0,SUPN
2023-05-17 11:07:00,34.93,34.93,34.93,34.93,202.0,SUPN
2023-05-17 11:05:00,34.93,34.93,34.93,34.93,221.0,SUPN
2023-05-17 11:04:00,34.931,34.931,34.931,34.931,316.0,SUPN
2023-05-17 10:59:00,34.94,35.01,34.94,35.01,344.0,SUPN
2023-05-17 10:58:00,34.915,34.915,34.915,34.915,341.0,SUPN
2023-05-17 10:57:00,34.89,34.95,34.89,34.95,921.0,SUPN
2023-05-17 10:56:00,34.865,34.865,34.865,34.865,122.0,SUPN
2023-05-17 10:55:00,34.89,34.89,34.85,34.85,863.0,SUPN
2023-05-17 10:53:00,34.85,34.855,34.85,34.855,200.0,SUPN
2023-05-17 10:51:00,34.85,34.85,34.825,34.825,226.0,SUPN
2023-05-17 10:50:00,34.775,34.83,34.775,34.8,3577.0,SUPN
2023-05-17 10:49:00,34.765,34.78,34.75,34.78,1602.0,SUPN
2023-05-17 10:48:00,34.865,34.865,34.81,34.81,1028.0,SUPN
2023-05-17 10:47:00,34.78,34.86,34.78,34.86,3298.0,SUPN
2023-05-17 10:46:00,34.815,34.815,34.78,34.78,1344.0,SUPN
2023-05-17 10:45:00,34.81,34.81,34.81,34.81,503.0,SUPN
2023-05-17 10:43:00,34.81,34.81,34.81,34.81,100.0,SUPN
2023-05-17 10:40:00,34.8,34.8,34.8,34.8,700.0,SUPN
2023-05-17 10:39:00,34.79,34.8,34.79,34.8,525.0,SUPN
2023-05-17 10:37:00,34.8705,34.88,34.79,34.79,3420.0,SUPN
2023-05-17 10:36:00,34.835,34.835,34.835,34.835,261.0,SUPN
2023-05-17 10:34:00,34.75,34.81,34.69,34.8,1610.0,SUPN
2023-05-17 10:33:00,34.75,34.75,34.73,34.745,5042.0,SUPN
2023-05-17 10:31:00,34.725,34.8,34.725,34.75,5082.0,SUPN
2023-05-17 10:30:00,34.75,34.75,34.72,34.725,7473.0,SUPN
2023-05-17 10:29:00,34.8,34.83,34.69,34.75,9410.0,SUPN
2023-05-17 10:28:00,34.75,34.79,34.7,34.725,6118.0,SUPN
2023-05-17 10:27:00,34.785,34.785,34.785,34.785,127.0,SUPN
2023-05-17 10:25:00,34.86,34.86,34.74,34.815,1000.0,SUPN
2023-05-17 10:22:00,34.78,34.9,34.78,34.9,929.0,SUPN
2023-05-17 10:21:00,34.7,34.7,34.7,34.7,435.0,SUPN
2023-05-17 10:20:00,34.67,34.74,34.67,34.7,6640.0,SUPN
2023-05-17 10:19:00,34.415,34.675,34.415,34.6,10043.0,SUPN
2023-05-17 10:18:00,34.415,34.415,34.415,34.415,154.0,SUPN
2023-05-17 10:17:00,34.37,34.45,34.37,34.4,2051.0,SUPN
2023-05-17 10:12:00,34.32,34.32,34.32,34.32,260.0,SUPN
2023-05-17 10:11:00,34.52,34.52,34.35,34.35,3582.0,SUPN
2023-05-17 10:10:00,34.63,34.63,34.57,34.57,1080.0,SUPN
2023-05-17 10:09:00,34.64,34.715,34.64,34.67,2418.0,SUPN
2023-05-17 10:08:00,34.65,34.65,34.65,34.65,111.0,SUPN
2023-05-17 10:07:00,34.65,34.65,34.58,34.58,205.0,SUPN
2023-05-17 10:05:00,34.72,34.72,34.6,34.68,1280.0,SUPN
2023-05-17 10:04:00,34.7,34.73,34.67,34.6705,1884.0,SUPN
2023-05-17 10:03:00,34.75,34.75,34.75,34.75,158.0,SUPN
2023-05-17 10:02:00,34.75,34.75,34.75,34.75,460.0,SUPN
2023-05-17 10:01:00,34.77,34.77,34.72,34.76,1450.0,SUPN
2023-05-17 09:59:00,34.84,34.87,34.84,34.87,601.0,SUPN
2023-05-17 09:58:00,34.85,34.85,34.85,34.85,823.0,SUPN
2023-05-17 09:56:00,34.825,34.825,34.825,34.825,103.0,SUPN
2023-05-17 09:55:00,34.77,34.77,34.77,34.77,111.0,SUPN
2023-05-17 09:51:00,34.88,34.88,34.88,34.88,180.0,SUPN
2023-05-17 09:50:00,34.88,34.88,34.88,34.88,115.0,SUPN
2023-05-17 09:48:00,34.88,34.88,34.88,34.88,100.0,SUPN
2023-05-17 09:44:00,34.97,34.97,34.96,34.96,743.0,SUPN
2023-05-17 09:35:00,35.15,35.15,35.15,35.15,101.0,SUPN
2023-05-17 09:33:00,35.36,35.42,35.36,35.42,335.0,SUPN
2023-05-17 09:32:00,35.11,35.11,35.11,35.11,175.0,SUPN
2023-05-17 09:31:00,35.27,35.27,35.27,35.27,2485.0,SUPN
2023-05-16 16:01:00,35.16,35.16,35.16,35.16,7338.0,SUPN
2023-05-16 16:00:00,35.19,35.21,35.14,35.17,6374.0,SUPN
2023-05-16 15:59:00,35.21,35.22,35.19,35.205,6626.0,SUPN
2023-05-16 15:58:00,35.19,35.21,35.19,35.21,5084.0,SUPN
2023-05-16 15:57:00,35.18,35.19,35.17,35.19,1590.0,SUPN
2023-05-16 15:56:00,35.15,35.18,35.15,35.18,4460.0,SUPN
2023-05-16 15:55:00,35.17,35.175,35.14,35.14,2485.0,SUPN
2023-05-16 15:54:00,35.19,35.2,35.18,35.18,2040.0,SUPN
2023-05-16 15:53:00,35.185,35.21,35.17,35.21,3547.0,SUPN
2023-05-16 15:52:00,35.19,35.19,35.13,35.18,6204.0,SUPN
2023-05-16 15:51:00,35.245,35.245,35.2,35.21,2891.0,SUPN
2023-05-16 15:50:00,35.225,35.2429,35.225,35.2429,1573.0,SUPN
2023-05-16 15:48:00,35.28,35.285,35.21,35.21,15263.0,SUPN
2023-05-16 15:47:00,35.25,35.275,35.25,35.275,2132.0,SUPN
2023-05-16 15:46:00,35.245,35.245,35.2253,35.235,2442.0,SUPN
2023-05-16 15:45:00,35.25,35.25,35.23,35.23,4254.0,SUPN
2023-05-16 15:43:00,35.235,35.245,35.23,35.2393,2353.0,SUPN
2023-05-16 15:42:00,35.205,35.23,35.19,35.2,2958.0,SUPN
2023-05-16 15:41:00,35.2,35.22,35.19,35.19,1844.0,SUPN
2023-05-16 15:40:00,35.155,35.22,35.15,35.22,5147.0,SUPN
2023-05-16 15:39:00,35.13,35.15,35.13,35.15,1191.0,SUPN
2023-05-16 15:38:00,35.13,35.13,35.13,35.13,168.0,SUPN
2023-05-16 15:37:00,35.19,35.19,35.145,35.145,1413.0,SUPN
2023-05-16 15:36:00,35.19,35.19,35.19,35.19,531.0,SUPN
2023-05-16 15:34:00,35.185,35.19,35.185,35.19,426.0,SUPN
2023-05-16 15:33:00,35.15,35.18,35.15,35.18,959.0,SUPN
2023-05-16 15:31:00,35.11,35.155,35.11,35.12,1082.0,SUPN
2023-05-16 15:30:00,35.05,35.1,35.05,35.09,1345.0,SUPN
2023-05-16 15:28:00,35.05,35.055,35.0432,35.055,638.0,SUPN
2023-05-16 15:27:00,35.07,35.07,35.055,35.055,749.0,SUPN
2023-05-16 15:26:00,35.05,35.08,35.045,35.08,943.0,SUPN
2023-05-16 15:25:00,35.045,35.045,35.045,35.045,805.0,SUPN
2023-05-16 15:24:00,35.06,35.06,35.06,35.06,695.0,SUPN
2023-05-16 15:23:00,35.04,35.04,35.04,35.04,500.0,SUPN
2023-05-16 15:21:00,35.06,35.06,35.04,35.04,925.0,SUPN
2023-05-16 15:19:00,35.04,35.08,35.039,35.08,1806.0,SUPN
2023-05-16 15:14:00,35.03,35.03,35.03,35.03,427.0,SUPN
2023-05-16 15:13:00,35.02,35.03,35.02,35.03,410.0,SUPN
2023-05-16 15:11:00,35.0,35.01,34.99,34.99,1721.0,SUPN
2023-05-16 15:10:00,35.01,35.01,35.01,35.01,213.0,SUPN
2023-05-16 15:09:00,35.0,35.01,35.0,35.0,1361.0,SUPN
2023-05-16 15:08:00,34.975,34.975,34.975,34.975,7349.0,SUPN
2023-05-16 15:07:00,34.95,34.95,34.95,34.95,128.0,SUPN
2023-05-16 15:05:00,34.97,34.97,34.97,34.97,692.0,SUPN
2023-05-16 15:03:00,34.98,34.99,34.98,34.99,1140.0,SUPN
2023-05-16 15:02:00,34.98,34.98,34.98,34.98,395.0,SUPN
2023-05-16 15:00:00,34.95,34.95,34.95,34.95,260.0,SUPN
2023-05-16 14:59:00,34.95,34.95,34.95,34.95,141.0,SUPN
2023-05-16 14:58:00,34.97,34.97,34.97,34.97,250.0,SUPN
2023-05-16 14:57:00,34.96,34.96,34.96,34.96,399.0,SUPN
2023-05-16 14:56:00,35.0,35.0,34.93,34.93,921.0,SUPN
2023-05-16 14:55:00,35.03,35.03,35.03,35.03,420.0,SUPN
2023-05-16 14:51:00,35.05,35.07,35.05,35.05,1161.0,SUPN
2023-05-16 14:50:00,34.99,35.02,34.99,35.0,501.0,SUPN
2023-05-16 14:49:00,35.045,35.15,35.01,35.02,6060.0,SUPN
2023-05-16 14:47:00,35.02,35.04,35.02,35.04,651.0,SUPN
2023-05-16 14:46:00,35.0008,35.0008,34.99,34.99,282.0,SUPN
2023-05-16 14:45:00,35.0,35.01,35.0,35.01,493.0,SUPN
2023-05-16 14:44:00,35.01,35.01,35.01,35.01,226.0,SUPN
2023-05-16 14:43:00,34.94,34.94,34.94,34.94,600.0,SUPN
2023-05-16 14:42:00,34.95,35.05,34.95,34.97,5609.0,SUPN
2023-05-16 14:41:00,34.94,34.94,34.94,34.94,200.0,SUPN
2023-05-16 14:40:00,34.945,34.945,34.945,34.945,106.0,SUPN
2023-05-16 14:39:00,34.92,34.93,34.92,34.93,558.0,SUPN
2023-05-16 14:38:00,34.9,34.93,34.9,34.93,1338.0,SUPN
2023-05-16 14:37:00,34.89,34.89,34.89,34.89,1002.0,SUPN
2023-05-16 14:35:00,34.91,34.92,34.9,34.91,1497.0,SUPN
2023-05-16 14:28:00,34.88,34.9,34.88,34.9,508.0,SUPN
2023-05-16 14:27:00,34.89,34.9741,34.85,34.85,13549.0,SUPN
2023-05-16 14:25:00,34.86,34.88,34.86,34.86,929.0,SUPN
2023-05-16 14:22:00,34.89,34.89,34.89,34.89,118.0,SUPN
2023-05-16 14:21:00,34.9,34.93,34.9,34.9,645.0,SUPN
2023-05-16 14:16:00,34.9,34.94,34.9,34.94,753.0,SUPN
2023-05-16 14:14:00,34.93,34.95,34.9,34.9,2402.0,SUPN
2023-05-16 14:12:00,34.91,34.91,34.91,34.91,109.0,SUPN
2023-05-16 14:11:00,34.89,34.9,34.89,34.89,1526.0,SUPN
2023-05-16 14:10:00,34.88,34.89,34.86,34.89,1351.0,SUPN
2023-05-16 14:09:00,34.85,34.865,34.85,34.85,707.0,SUPN
2023-05-16 14:08:00,34.85,34.85,34.85,34.85,149.0,SUPN
2023-05-16 14:07:00,34.85,34.85,34.85,34.85,104.0,SUPN
2023-05-16 14:06:00,34.879,34.879,34.879,34.879,424.0,SUPN
2023-05-16 14:05:00,34.89,34.89,34.89,34.89,135.0,SUPN
2023-05-16 14:03:00,34.98,34.98,34.95,34.95,873.0,SUPN
2023-05-16 14:00:00,34.98,34.9824,34.98,34.9824,233.0,SUPN
2023-05-16 13:59:00,34.99,34.99,34.99,34.99,307.0,SUPN
2023-05-16 13:58:00,35.009,35.01,35.009,35.01,472.0,SUPN
2023-05-16 13:57:00,34.98,34.98,34.98,34.98,266.0,SUPN
2023-05-16 13:56:00,34.99,34.999,34.99,34.999,792.0,SUPN
2023-05-16 13:55:00,35.01,35.01,35.01,35.01,300.0,SUPN
2023-05-16 13:51:00,35.05,35.05,35.02,35.02,504.0,SUPN
2023-05-16 13:48:00,35.02,35.02,35.02,35.02,202.0,SUPN
2023-05-16 13:47:00,34.98,35.03,34.98,35.02,2089.0,SUPN
2023-05-16 13:46:00,35.0,35.0,34.9815,34.9815,482.0,SUPN
2023-05-16 13:43:00,35.02,35.029,35.01,35.029,610.0,SUPN
2023-05-16 13:42:00,35.03,35.03,35.03,35.03,210.0,SUPN
2023-05-16 13:41:00,35.04,35.05,35.03,35.03,1396.0,SUPN
2023-05-16 13:38:00,35.05,35.05,35.05,35.05,374.0,SUPN
2023-05-16 13:37:00,35.02,35.04,35.02,35.04,1000.0,SUPN
2023-05-16 13:35:00,35.02,35.02,35.02,35.02,142.0,SUPN
2023-05-16 13:34:00,34.985,35.02,34.985,35.0015,1045.0,SUPN
2023-05-16 13:33:00,34.985,35.0,34.97,34.97,1539.0,SUPN
2023-05-16 13:31:00,34.985,34.985,34.985,34.985,127.0,SUPN
2023-05-16 13:30:00,34.985,34.985,34.985,34.985,130.0,SUPN
2023-05-16 13:29:00,34.905,35.0,34.905,35.0,2952.0,SUPN
2023-05-16 13:28:00,34.93,34.93,34.9,34.9,962.0,SUPN
2023-05-16 13:27:00,34.953,34.955,34.95,34.95,640.0,SUPN
2023-05-16 13:26:00,34.98,34.98,34.98,34.98,239.0,SUPN
2023-05-16 13:25:00,35.0,35.0,35.0,35.0,164.0,SUPN
2023-05-16 13:24:00,35.03,35.06,35.01,35.01,1308.0,SUPN
2023-05-16 13:23:00,35.01,35.01,35.01,35.01,111.0,SUPN
2023-05-16 13:20:00,34.98,34.98,34.98,34.98,144.0,SUPN
2023-05-16 13:19:00,35.01,35.02,34.97,35.01,2166.0,SUPN
2023-05-16 13:18:00,35.0,35.02,35.0,35.02,1170.0,SUPN
2023-05-16 13:17:00,35.0,35.0,34.985,35.0,994.0,SUPN
2023-05-16 13:16:00,34.99,34.99,34.99,34.99,401.0,SUPN
2023-05-16 13:15:00,34.92,34.98,34.92,34.98,1700.0,SUPN
2023-05-16 13:14:00,34.91,34.91,34.91,34.91,207.0,SUPN
2023-05-16 13:10:00,34.89,34.9,34.88,34.9,556.0,SUPN
2023-05-16 13:09:00,34.87,34.89,34.87,34.89,494.0,SUPN
2023-05-16 13:07:00,34.82,34.83,34.82,34.83,553.0,SUPN
2023-05-16 13:06:00,34.805,34.805,34.79,34.79,224.0,SUPN
2023-05-16 13:05:00,34.805,34.805,34.805,34.805,421.0,SUPN
2023-05-16 13:02:00,34.84,34.84,34.8,34.8,928.0,SUPN
2023-05-16 13:01:00,34.8024,34.84,34.8024,34.82,978.0,SUPN
2023-05-16 13:00:00,34.785,34.82,34.775,34.8,3244.0,SUPN
2023-05-16 12:59:00,34.8,34.8,34.79,34.79,908.0,SUPN
2023-05-16 12:58:00,34.8,34.8,34.8,34.8,197.0,SUPN
2023-05-16 12:57:00,34.76,34.8,34.76,34.8,1317.0,SUPN
2023-05-16 12:56:00,34.76,34.76,34.76,34.76,130.0,SUPN
2023-05-16 12:55:00,34.6915,34.73,34.6915,34.72,1501.0,SUPN
2023-05-16 12:54:00,34.71,34.71,34.71,34.71,116.0,SUPN
2023-05-16 12:52:00,34.68,34.7,34.68,34.69,630.0,SUPN
2023-05-16 12:50:00,34.675,34.675,34.675,34.675,437.0,SUPN
2023-05-16 12:47:00,34.66,34.67,34.6415,34.65,1648.0,SUPN
2023-05-16 12:46:00,34.6359,34.66,34.62,34.64,1219.0,SUPN
2023-05-16 12:45:00,34.64,34.64,34.64,34.64,213.0,SUPN
2023-05-16 12:44:00,34.64,34.64,34.64,34.64,247.0,SUPN
2023-05-16 12:42:00,34.62,34.62,34.62,34.62,231.0,SUPN
2023-05-16 12:41:00,34.61,34.63,34.595,34.6,1399.0,SUPN
2023-05-16 12:40:00,34.57,34.59,34.55,34.55,653.0,SUPN
2023-05-16 12:39:00,34.55,34.55,34.53,34.53,745.0,SUPN
2023-05-16 12:38:00,34.58,34.58,34.54,34.54,1125.0,SUPN
2023-05-16 12:36:00,34.63,34.63,34.605,34.605,242.0,SUPN
2023-05-16 12:35:00,34.605,34.605,34.605,34.605,296.0,SUPN
2023-05-16 12:34:00,34.6,34.61,34.58,34.58,591.0,SUPN
2023-05-16 12:32:00,34.6,34.6,34.6,34.6,162.0,SUPN
2023-05-16 12:31:00,34.58,34.58,34.55,34.55,856.0,SUPN
2023-05-16 12:30:00,34.5062,34.5799,34.49,34.5799,3256.0,SUPN
2023-05-16 12:29:00,34.5119,34.52,34.48,34.48,1055.0,SUPN
2023-05-16 12:28:00,34.49,34.52,34.49,34.5143,884.0,SUPN
2023-05-16 12:27:00,34.5,34.5103,34.49,34.495,773.0,SUPN
2023-05-16 12:25:00,34.5222,34.5222,34.5222,34.5222,441.0,SUPN
2023-05-16 12:24:00,34.51,34.51,34.51,34.51,512.0,SUPN
2023-05-16 12:22:00,34.52,34.54,34.515,34.54,466.0,SUPN
2023-05-16 12:19:00,34.51,34.51,34.51,34.51,241.0,SUPN
2023-05-16 12:18:00,34.51,34.51,34.5,34.51,506.0,SUPN
2023-05-16 12:16:00,34.546,34.546,34.546,34.546,174.0,SUPN
2023-05-16 12:15:00,34.55,34.55,34.53,34.53,542.0,SUPN
2023-05-16 12:12:00,34.535,34.535,34.52,34.52,334.0,SUPN
2023-05-16 12:11:00,34.56,34.56,34.56,34.56,170.0,SUPN
2023-05-16 12:10:00,34.48,34.54,34.48,34.51,1442.0,SUPN
2023-05-16 12:08:00,34.52,34.52,34.52,34.52,120.0,SUPN
2023-05-16 12:06:00,34.53,34.53,34.53,34.53,272.0,SUPN
2023-05-16 12:04:00,34.52,34.52,34.52,34.52,110.0,SUPN
2023-05-16 12:03:00,34.5,34.54,34.5,34.54,1209.0,SUPN
2023-05-16 12:01:00,34.55,34.55,34.54,34.54,442.0,SUPN
2023-05-16 11:59:00,34.6,34.6,34.57,34.57,755.0,SUPN
2023-05-16 11:56:00,34.605,34.605,34.58,34.58,267.0,SUPN
2023-05-16 11:55:00,34.64,34.64,34.64,34.64,212.0,SUPN
2023-05-16 11:54:00,34.639,34.639,34.639,34.639,134.0,SUPN
2023-05-16 11:53:00,34.6,34.625,34.57,34.625,1359.0,SUPN
2023-05-16 11:52:00,34.595,34.619,34.595,34.619,308.0,SUPN
2023-05-16 11:48:00,34.58,34.58,34.58,34.58,119.0,SUPN
2023-05-16 11:46:00,34.6,34.6,34.59,34.59,300.0,SUPN
2023-05-16 11:45:00,34.6,34.6,34.6,34.6,522.0,SUPN
2023-05-16 11:43:00,34.58,34.58,34.58,34.58,410.0,SUPN
2023-05-16 11:42:00,34.55,34.55,34.55,34.55,106.0,SUPN
2023-05-16 11:41:00,34.58,34.58,34.56,34.56,249.0,SUPN
2023-05-16 11:39:00,34.63,34.63,34.59,34.59,1241.0,SUPN
2023-05-16 11:35:00,34.63,34.63,34.63,34.63,219.0,SUPN
2023-05-16 11:34:00,34.65,34.65,34.61,34.61,760.0,SUPN
2023-05-16 11:33:00,34.64,34.64,34.64,34.64,648.0,SUPN
2023-05-16 11:32:00,34.64,34.64,34.64,34.64,104.0,SUPN
2023-05-16 11:31:00,34.61,34.64,34.61,34.64,240.0,SUPN
2023-05-16 11:30:00,34.57,34.57,34.55,34.55,593.0,SUPN
2023-05-16 11:27:00,34.59,34.59,34.55,34.56,364.0,SUPN
2023-05-16 11:26:00,34.575,34.575,34.575,34.575,294.0,SUPN
2023-05-16 11:25:00,34.6,34.6,34.6,34.6,112.0,SUPN
2023-05-16 11:24:00,34.57,34.57,34.55,34.55,605.0,SUPN
2023-05-16 11:22:00,34.555,34.555,34.555,34.555,379.0,SUPN
2023-05-16 11:20:00,34.56,34.56,34.53,34.53,205.0,SUPN
2023-05-16 11:17:00,34.579,34.579,34.54,34.54,609.0,SUPN
2023-05-16 11:16:00,34.5738,34.5738,34.53,34.53,385.0,SUPN
2023-05-16 11:15:00,34.54,34.54,34.53,34.53,537.0,SUPN
2023-05-16 11:14:00,34.61,34.61,34.6,34.6,649.0,SUPN
2023-05-16 11:12:00,34.66,34.66,34.61,34.62,866.0,SUPN
2023-05-16 11:11:00,34.575,34.656,34.575,34.63,1008.0,SUPN
2023-05-16 11:10:00,34.54,34.65,34.5,34.65,11241.0,SUPN
2023-05-16 11:06:00,34.56,34.56,34.56,34.56,304.0,SUPN
2023-05-16 11:03:00,34.59,34.59,34.57,34.57,225.0,SUPN
2023-05-16 11:01:00,34.56,34.56,34.56,34.56,119.0,SUPN
2023-05-16 10:59:00,34.59,34.59,34.59,34.59,762.0,SUPN
2023-05-16 10:57:00,34.6,34.63,34.59,34.59,2334.0,SUPN
2023-05-16 10:56:00,34.59,34.59,34.59,34.59,336.0,SUPN
2023-05-16 10:55:00,34.58,34.58,34.58,34.58,115.0,SUPN
2023-05-16 10:53:00,34.55,34.55,34.54,34.54,309.0,SUPN
2023-05-16 10:52:00,34.59,34.59,34.59,34.59,231.0,SUPN
2023-05-16 10:51:00,34.59,34.59,34.59,34.59,154.0,SUPN
2023-05-16 10:50:00,34.62,34.62,34.59,34.59,210.0,SUPN
2023-05-16 10:47:00,34.54,34.5826,34.54,34.5826,301.0,SUPN
2023-05-16 10:46:00,34.58,34.58,34.58,34.58,147.0,SUPN
2023-05-16 10:45:00,34.55,34.59,34.55,34.59,972.0,SUPN
2023-05-16 10:41:00,34.5,34.53,34.445,34.53,2231.0,SUPN
2023-05-16 10:40:00,34.52,34.52,34.52,34.52,553.0,SUPN
2023-05-16 10:37:00,34.565,34.565,34.565,34.565,224.0,SUPN
2023-05-16 10:36:00,34.54,34.61,34.53,34.57,1122.0,SUPN
2023-05-16 10:33:00,34.62,34.63,34.55,34.55,560.0,SUPN
2023-05-16 10:32:00,34.62,34.62,34.62,34.62,104.0,SUPN
2023-05-16 10:31:00,34.56,34.56,34.56,34.56,204.0,SUPN
2023-05-16 10:29:00,34.57,34.605,34.57,34.605,293.0,SUPN
2023-05-16 10:28:00,34.61,34.61,34.53,34.566,1531.0,SUPN
2023-05-16 10:27:00,34.6,34.64,34.6,34.64,1078.0,SUPN
2023-05-16 10:23:00,34.56,34.56,34.56,34.56,360.0,SUPN
2023-05-16 10:21:00,34.62,34.62,34.58,34.58,564.0,SUPN
2023-05-16 10:20:00,34.615,34.67,34.615,34.67,235.0,SUPN
2023-05-16 10:19:00,34.62,34.62,34.62,34.62,100.0,SUPN
2023-05-16 10:18:00,34.62,34.62,34.62,34.62,200.0,SUPN
2023-05-16 10:17:00,34.625,34.625,34.58,34.61,433.0,SUPN
2023-05-16 10:15:00,34.55,34.605,34.55,34.595,1269.0,SUPN
2023-05-16 10:14:00,34.515,34.515,34.515,34.515,175.0,SUPN
2023-05-16 10:12:00,34.52,34.52,34.48,34.48,1154.0,SUPN
2023-05-16 10:11:00,34.52,34.52,34.52,34.52,116.0,SUPN
2023-05-16 10:10:00,34.56,34.56,34.56,34.56,144.0,SUPN
2023-05-16 10:09:00,34.56,34.6,34.56,34.56,967.0,SUPN
2023-05-16 10:07:00,34.555,34.555,34.555,34.555,453.0,SUPN
2023-05-16 10:06:00,34.5,34.55,34.5,34.55,272.0,SUPN
2023-05-16 10:05:00,34.545,34.58,34.51,34.51,350.0,SUPN
2023-05-16 10:03:00,34.53,34.555,34.51,34.555,571.0,SUPN
2023-05-16 10:02:00,34.6478,34.6478,34.585,34.585,279.0,SUPN
2023-05-16 10:01:00,34.585,34.585,34.585,34.585,233.0,SUPN
2023-05-16 10:00:00,34.6,34.6,34.575,34.575,523.0,SUPN
2023-05-16 09:56:00,34.49,34.495,34.485,34.485,557.0,SUPN
2023-05-16 09:55:00,34.47,34.5,34.47,34.5,712.0,SUPN
2023-05-16 09:54:00,34.4,34.435,34.4,34.435,656.0,SUPN
2023-05-16 09:53:00,34.41,34.41,34.41,34.41,149.0,SUPN
2023-05-16 09:51:00,34.47,34.47,34.4,34.445,1376.0,SUPN
2023-05-16 09:50:00,34.53,34.53,34.475,34.475,362.0,SUPN
2023-05-16 09:49:00,34.4,34.48,34.4,34.4,917.0,SUPN
2023-05-16 09:48:00,34.41,34.41,34.41,34.41,115.0,SUPN
2023-05-16 09:47:00,34.47,34.47,34.47,34.47,104.0,SUPN
2023-05-16 09:44:00,34.4,34.41,34.4,34.41,209.0,SUPN
2023-05-16 09:43:00,34.4,34.4,34.4,34.4,211.0,SUPN
2023-05-16 09:42:00,34.4,34.4,34.4,34.4,207.0,SUPN
2023-05-16 09:41:00,34.4,34.46,34.4,34.46,600.0,SUPN
2023-05-16 09:40:00,34.42,34.42,34.4,34.4,4173.0,SUPN
2023-05-16 09:39:00,34.55,34.55,34.43,34.43,340.0,SUPN
2023-05-16 09:38:00,34.51,34.69,34.51,34.69,847.0,SUPN
2023-05-16 09:37:00,34.22,34.22,34.22,34.22,113.0,SUPN
2023-05-16 09:36:00,34.46,34.53,34.46,34.53,592.0,SUPN
2023-05-16 09:34:00,34.445,34.445,34.445,34.445,121.0,SUPN
2023-05-16 09:33:00,34.265,34.265,34.265,34.265,134.0,SUPN
2023-05-16 09:32:00,34.29,34.29,34.26,34.26,405.0,SUPN
2023-05-16 09:31:00,34.44,34.44,34.3,34.3,2256.0,SUPN
2023-05-15 16:08:00,34.74,34.74,34.74,34.74,1903.0,SUPN
2023-05-15 16:01:00,34.74,34.74,34.74,34.74,4288.0,SUPN
2023-05-15 16:00:00,34.765,34.78,34.74,34.78,17751.0,SUPN
2023-05-15 15:59:00,34.78,34.785,34.75,34.765,6364.0,SUPN
2023-05-15 15:58:00,34.75,34.785,34.75,34.785,7026.0,SUPN
2023-05-15 15:57:00,34.72,34.75,34.72,34.735,3337.0,SUPN
2023-05-15 15:56:00,34.75,34.77,34.72,34.735,8112.0,SUPN
2023-05-15 15:55:00,34.77,34.79,34.75,34.76,7572.0,SUPN
2023-05-15 15:54:00,34.77,34.77,34.77,34.77,1346.0,SUPN
2023-05-15 15:53:00,34.77,34.77,34.77,34.77,1286.0,SUPN
2023-05-15 15:52:00,34.8,34.815,34.77,34.77,2256.0,SUPN
2023-05-15 15:51:00,34.82,34.85,34.815,34.815,4476.0,SUPN
2023-05-15 15:50:00,34.84,34.84,34.82,34.82,1417.0,SUPN
2023-05-15 15:49:00,34.91,34.91,34.85,34.85,3526.0,SUPN
2023-05-15 15:48:00,34.88,34.905,34.88,34.905,4169.0,SUPN
2023-05-15 15:47:00,34.92,34.92,34.89,34.895,2665.0,SUPN
2023-05-15 15:46:00,34.94,34.95,34.91,34.915,2710.0,SUPN
2023-05-15 15:45:00,34.94,34.96,34.94,34.96,1930.0,SUPN
2023-05-15 15:44:00,34.94,34.94,34.94,34.94,1421.0,SUPN
2023-05-15 15:43:00,34.965,34.965,34.93,34.94,3096.0,SUPN
2023-05-15 15:42:00,34.95,34.96,34.95,34.96,1024.0,SUPN
2023-05-15 15:41:00,34.88,34.94,34.88,34.94,2710.0,SUPN
2023-05-15 15:40:00,34.87,34.88,34.86,34.87,5516.0,SUPN
2023-05-15 15:39:00,34.865,34.865,34.865,34.865,306.0,SUPN
2023-05-15 15:38:00,34.88,34.88,34.865,34.87,1704.0,SUPN
2023-05-15 15:37:00,34.865,34.865,34.865,34.865,475.0,SUPN
2023-05-15 15:36:00,34.87,34.87,34.865,34.865,550.0,SUPN
2023-05-15 15:35:00,34.87,34.87,34.87,34.87,238.0,SUPN
2023-05-15 15:34:00,34.9,34.9,34.8659,34.8659,1054.0,SUPN
2023-05-15 15:33:00,34.935,34.935,34.91,34.92,2493.0,SUPN
2023-05-15 15:32:00,34.9,34.92,34.9,34.92,1623.0,SUPN
2023-05-15 15:31:00,34.85,34.89,34.82,34.89,3106.0,SUPN
2023-05-15 15:30:00,34.92,34.925,34.87,34.87,2811.0,SUPN
2023-05-15 15:29:00,34.895,34.895,34.895,34.895,316.0,SUPN
2023-05-15 15:28:00,34.97,35.0,34.865,34.92,6876.0,SUPN
2023-05-15 15:27:00,34.85,35.0,34.85,35.0,15822.0,SUPN
2023-05-15 15:26:00,34.845,34.85,34.83,34.83,678.0,SUPN
2023-05-15 15:25:00,34.81,34.82,34.81,34.82,1754.0,SUPN
2023-05-15 15:22:00,34.75,34.8,34.75,34.77,836.0,SUPN
2023-05-15 15:21:00,34.72,34.74,34.72,34.74,510.0,SUPN
2023-05-15 15:20:00,34.73,34.73,34.72,34.72,507.0,SUPN
2023-05-15 15:19:00,34.72,34.745,34.72,34.745,974.0,SUPN
2023-05-15 15:18:00,34.76,34.76,34.7,34.715,2795.0,SUPN
2023-05-15 15:17:00,34.775,34.775,34.775,34.775,406.0,SUPN
2023-05-15 15:16:00,34.75,34.76,34.75,34.76,705.0,SUPN
2023-05-15 15:15:00,34.74,34.75,34.74,34.7481,588.0,SUPN
2023-05-15 15:14:00,34.72,34.74,34.7,34.74,4539.0,SUPN
2023-05-15 15:13:00,34.74,34.74,34.735,34.735,655.0,SUPN
2023-05-15 15:12:00,34.74,34.74,34.74,34.74,296.0,SUPN
2023-05-15 15:11:00,34.74,34.74,34.74,34.74,447.0,SUPN
2023-05-15 15:10:00,34.69,34.74,34.69,34.74,523.0,SUPN
2023-05-15 15:09:00,34.74,34.74,34.71,34.715,371.0,SUPN
2023-05-15 15:08:00,34.725,34.725,34.69,34.69,551.0,SUPN
2023-05-15 15:07:00,34.73,34.73,34.72,34.72,684.0,SUPN
2023-05-15 15:05:00,34.7,34.7,34.7,34.7,286.0,SUPN
2023-05-15 15:04:00,34.67,34.68,34.67,34.68,883.0,SUPN
2023-05-15 15:03:00,34.655,34.655,34.64,34.64,1484.0,SUPN
2023-05-15 15:02:00,34.665,34.665,34.64,34.64,335.0,SUPN
2023-05-15 15:01:00,34.65,34.66,34.65,34.66,697.0,SUPN
2023-05-15 14:59:00,34.635,34.65,34.635,34.635,335.0,SUPN
2023-05-15 14:57:00,34.635,34.635,34.635,34.635,357.0,SUPN
2023-05-15 14:56:00,34.63,34.65,34.63,34.65,318.0,SUPN
2023-05-15 14:54:00,34.62,34.63,34.62,34.63,272.0,SUPN
2023-05-15 14:53:00,34.61,34.62,34.61,34.62,450.0,SUPN
2023-05-15 14:52:00,34.635,34.635,34.635,34.635,229.0,SUPN
2023-05-15 14:51:00,34.6,34.635,34.6,34.635,982.0,SUPN
2023-05-15 14:50:00,34.58,34.58,34.58,34.58,221.0,SUPN
2023-05-15 14:48:00,34.59,34.59,34.59,34.59,213.0,SUPN
2023-05-15 14:46:00,34.61,34.61,34.58,34.58,1311.0,SUPN
2023-05-15 14:45:00,34.62,34.62,34.62,34.62,151.0,SUPN
2023-05-15 14:43:00,34.6,34.61,34.6,34.61,2541.0,SUPN
2023-05-15 14:42:00,34.61,34.61,34.61,34.61,111.0,SUPN
2023-05-15 14:41:00,34.6,34.6,34.6,34.6,551.0,SUPN
2023-05-15 14:39:00,34.59,34.59,34.59,34.59,402.0,SUPN
2023-05-15 14:36:00,34.59,34.59,34.59,34.59,109.0,SUPN
2023-05-15 14:34:00,34.6,34.6,34.58,34.58,1093.0,SUPN
2023-05-15 14:33:00,34.61,34.61,34.6,34.61,504.0,SUPN
2023-05-15 14:25:00,34.635,34.635,34.635,34.635,207.0,SUPN
2023-05-15 14:24:00,34.64,34.64,34.63,34.63,629.0,SUPN
2023-05-15 14:20:00,34.64,34.65,34.64,34.64,428.0,SUPN
2023-05-15 14:19:00,34.7,34.7,34.66,34.66,617.0,SUPN
2023-05-15 14:18:00,34.685,34.685,34.685,34.685,161.0,SUPN
2023-05-15 14:17:00,34.725,34.725,34.68,34.68,1809.0,SUPN
2023-05-15 14:15:00,34.73,34.73,34.73,34.73,395.0,SUPN
2023-05-15 14:14:00,34.73,34.75,34.73,34.73,1090.0,SUPN
2023-05-15 14:12:00,34.69,34.72,34.69,34.72,927.0,SUPN
2023-05-15 14:11:00,34.68,34.68,34.68,34.68,251.0,SUPN
2023-05-15 14:08:00,34.68,34.69,34.68,34.69,342.0,SUPN
2023-05-15 14:07:00,34.66,34.67,34.66,34.67,1165.0,SUPN
2023-05-15 14:05:00,34.65,34.65,34.6252,34.6252,811.0,SUPN
2023-05-15 14:04:00,34.65,34.65,34.65,34.65,272.0,SUPN
2023-05-15 14:02:00,34.675,34.675,34.675,34.675,143.0,SUPN
2023-05-15 13:59:00,34.69,34.69,34.65,34.69,2155.0,SUPN
2023-05-15 13:58:00,34.69,34.69,34.69,34.69,730.0,SUPN
2023-05-15 13:57:00,34.69,34.73,34.69,34.73,292.0,SUPN
2023-05-15 13:53:00,34.72,34.72,34.72,34.72,705.0,SUPN
2023-05-15 13:52:00,34.72,34.72,34.71,34.71,359.0,SUPN
2023-05-15 13:51:00,34.75,34.75,34.74,34.745,695.0,SUPN
2023-05-15 13:50:00,34.76,34.76,34.76,34.76,448.0,SUPN
2023-05-15 13:48:00,34.78,34.78,34.76,34.76,1080.0,SUPN
2023-05-15 13:45:00,34.8,34.81,34.8,34.81,775.0,SUPN
2023-05-15 13:44:00,34.8,34.82,34.795,34.795,1320.0,SUPN
2023-05-15 13:43:00,34.83,34.83,34.8,34.82,2209.0,SUPN
2023-05-15 13:42:00,34.845,34.845,34.83,34.83,769.0,SUPN
2023-05-15 13:39:00,34.87,34.87,34.83,34.831,2651.0,SUPN
2023-05-15 13:38:00,34.875,34.875,34.875,34.875,308.0,SUPN
2023-05-15 13:33:00,34.855,34.89,34.855,34.87,1385.0,SUPN
2023-05-15 13:32:00,34.84,34.865,34.84,34.855,719.0,SUPN
2023-05-15 13:31:00,34.855,34.87,34.84,34.87,1380.0,SUPN
2023-05-15 13:30:00,34.88,34.88,34.88,34.88,359.0,SUPN
2023-05-15 13:29:00,34.905,34.905,34.905,34.905,286.0,SUPN
2023-05-15 13:28:00,34.89,34.89,34.89,34.89,627.0,SUPN
2023-05-15 13:27:00,34.87,34.88,34.87,34.875,1007.0,SUPN
2023-05-15 13:26:00,34.91,34.91,34.87,34.89,1982.0,SUPN
2023-05-15 13:22:00,34.825,34.825,34.825,34.825,270.0,SUPN
2023-05-15 13:21:00,34.859,34.859,34.859,34.859,177.0,SUPN
2023-05-15 13:20:00,34.83,34.86,34.83,34.86,465.0,SUPN
2023-05-15 13:19:00,34.78,34.81,34.78,34.81,695.0,SUPN
2023-05-15 13:18:00,34.68,35.0,34.68,34.78,27997.0,SUPN
2023-05-15 13:17:00,34.66,34.67,34.655,34.67,1298.0,SUPN
2023-05-15 13:16:00,34.66,34.68,34.66,34.68,1123.0,SUPN
2023-05-15 13:13:00,34.65,34.68,34.65,34.66,1102.0,SUPN
2023-05-15 13:12:00,34.66,34.66,34.62,34.62,651.0,SUPN
2023-05-15 13:10:00,34.67,34.67,34.65,34.65,647.0,SUPN
2023-05-15 13:06:00,34.61,34.62,34.61,34.62,382.0,SUPN
2023-05-15 13:05:00,34.65,34.65,34.64,34.64,716.0,SUPN
2023-05-15 13:03:00,34.63,34.63,34.63,34.63,322.0,SUPN
2023-05-15 13:02:00,34.6,34.61,34.58,34.61,843.0,SUPN
2023-05-15 13:01:00,34.59,34.61,34.59,34.61,783.0,SUPN
2023-05-15 13:00:00,34.61,34.61,34.61,34.61,161.0,SUPN
2023-05-15 12:59:00,34.62,34.62,34.62,34.62,227.0,SUPN
2023-05-15 12:58:00,34.61,34.61,34.61,34.61,124.0,SUPN
2023-05-15 12:57:00,34.63,34.63,34.61,34.61,1183.0,SUPN
2023-05-15 12:56:00,34.59,34.59,34.59,34.59,820.0,SUPN
2023-05-15 12:52:00,34.57,34.59,34.57,34.59,498.0,SUPN
2023-05-15 12:50:00,34.57,34.57,34.56,34.56,1340.0,SUPN
2023-05-15 12:47:00,34.53,34.55,34.53,34.55,779.0,SUPN
2023-05-15 12:46:00,34.51,34.51,34.51,34.51,237.0,SUPN
2023-05-15 12:45:00,34.51,34.53,34.51,34.53,977.0,SUPN
2023-05-15 12:44:00,34.51,34.51,34.5,34.5,375.0,SUPN
2023-05-15 12:40:00,34.52,34.52,34.52,34.52,212.0,SUPN
2023-05-15 12:38:00,34.495,34.495,34.495,34.495,110.0,SUPN
2023-05-15 12:37:00,34.51,34.51,34.51,34.51,352.0,SUPN
2023-05-15 12:33:00,34.49,34.49,34.49,34.49,387.0,SUPN
2023-05-15 12:32:00,34.47,34.48,34.47,34.48,1173.0,SUPN
2023-05-15 12:30:00,34.5,34.5,34.45,34.45,1385.0,SUPN
2023-05-15 12:29:00,34.51,34.51,34.51,34.51,546.0,SUPN
2023-05-15 12:28:00,34.475,34.475,34.475,34.475,326.0,SUPN
2023-05-15 12:27:00,34.475,34.475,34.475,34.475,167.0,SUPN
2023-05-15 12:24:00,34.485,34.485,34.47,34.47,790.0,SUPN
2023-05-15 12:23:00,34.5,34.5,34.49,34.49,338.0,SUPN
2023-05-15 12:22:00,34.475,34.475,34.475,34.475,249.0,SUPN
2023-05-15 12:21:00,34.46,34.46,34.46,34.46,450.0,SUPN
2023-05-15 12:19:00,34.44,34.44,34.44,34.44,173.0,SUPN
2023-05-15 12:18:00,34.47,34.47,34.47,34.47,114.0,SUPN
2023-05-15 12:17:00,34.45,34.475,34.45,34.475,1254.0,SUPN
2023-05-15 12:16:00,34.46,34.46,34.46,34.46,116.0,SUPN
2023-05-15 12:15:00,34.46,34.46,34.46,34.46,319.0,SUPN
2023-05-15 12:13:00,34.45,34.45,34.42,34.43,578.0,SUPN
2023-05-15 12:12:00,34.46,34.46,34.43,34.43,771.0,SUPN
2023-05-15 12:09:00,34.44,34.48,34.44,34.47,590.0,SUPN
2023-05-15 12:07:00,34.46,34.46,34.46,34.46,167.0,SUPN
2023-05-15 12:05:00,34.435,34.435,34.435,34.435,315.0,SUPN
2023-05-15 12:03:00,34.44,34.44,34.435,34.435,213.0,SUPN
2023-05-15 12:02:00,34.42,34.43,34.42,34.43,1038.0,SUPN
2023-05-15 12:00:00,34.43,34.43,34.43,34.43,457.0,SUPN
2023-05-15 11:59:00,34.355,34.41,34.355,34.41,1566.0,SUPN
2023-05-15 11:58:00,34.35,34.36,34.35,34.36,851.0,SUPN
2023-05-15 11:57:00,34.39,34.39,34.3,34.34,1324.0,SUPN
2023-05-15 11:54:00,34.44,34.44,34.44,34.44,108.0,SUPN
2023-05-15 11:53:00,34.44,34.44,34.42,34.42,481.0,SUPN
2023-05-15 11:52:00,34.42,34.42,34.42,34.42,257.0,SUPN
2023-05-15 11:51:00,34.39,34.4,34.39,34.4,352.0,SUPN
2023-05-15 11:47:00,34.34,34.37,34.335,34.37,1315.0,SUPN
2023-05-15 11:46:00,34.31,34.33,34.31,34.32,1541.0,SUPN
2023-05-15 11:45:00,34.44,34.44,34.31,34.31,1077.0,SUPN
2023-05-15 11:43:00,34.545,34.545,34.545,34.545,195.0,SUPN
2023-05-15 11:41:00,34.53,34.555,34.53,34.555,1371.0,SUPN
2023-05-15 11:40:00,34.525,34.525,34.525,34.525,369.0,SUPN
2023-05-15 11:39:00,34.525,34.525,34.525,34.525,174.0,SUPN
2023-05-15 11:38:00,34.53,34.53,34.53,34.53,255.0,SUPN
2023-05-15 11:37:00,34.595,34.595,34.55,34.55,1426.0,SUPN
2023-05-15 11:36:00,34.62,34.62,34.62,34.62,124.0,SUPN
2023-05-15 11:35:00,34.6462,34.6462,34.63,34.63,1281.0,SUPN
2023-05-15 11:34:00,34.7,34.7,34.66,34.66,1493.0,SUPN
2023-05-15 11:33:00,34.69,34.69,34.69,34.69,270.0,SUPN
2023-05-15 11:31:00,34.69,34.71,34.69,34.7,1163.0,SUPN
2023-05-15 11:30:00,34.66,34.69,34.65,34.675,3397.0,SUPN
2023-05-15 11:29:00,34.695,34.695,34.695,34.695,115.0,SUPN
2023-05-15 11:22:00,34.68,34.73,34.68,34.73,2947.0,SUPN
2023-05-15 11:21:00,34.73,34.73,34.675,34.68,3014.0,SUPN
2023-05-15 11:20:00,34.755,34.755,34.75,34.755,423.0,SUPN
2023-05-15 11:18:00,34.76,34.77,34.76,34.77,1171.0,SUPN
2023-05-15 11:13:00,34.75,34.75,34.75,34.75,935.0,SUPN
2023-05-15 11:12:00,34.77,34.77,34.77,34.77,430.0,SUPN
2023-05-15 11:09:00,34.775,34.775,34.775,34.775,870.0,SUPN
2023-05-15 11:07:00,34.73,34.76,34.73,34.76,1606.0,SUPN
2023-05-15 11:03:00,34.675,34.675,34.67,34.675,859.0,SUPN
2023-05-15 11:02:00,34.67,34.675,34.67,34.675,313.0,SUPN
2023-05-15 11:01:00,34.665,34.675,34.665,34.67,608.0,SUPN
2023-05-15 11:00:00,34.68,34.68,34.665,34.665,1229.0,SUPN
2023-05-15 10:59:00,34.68,34.68,34.67,34.6782,1585.0,SUPN
2023-05-15 10:58:00,34.67,34.7,34.67,34.68,2754.0,SUPN
2023-05-15 10:57:00,34.68,34.68,34.68,34.68,201.0,SUPN
2023-05-15 10:56:00,34.7,34.7,34.68,34.68,1132.0,SUPN
2023-05-15 10:55:00,34.72,34.72,34.72,34.72,110.0,SUPN
2023-05-15 10:54:00,34.7,34.7,34.7,34.7,314.0,SUPN
2023-05-15 10:52:00,34.72,34.74,34.72,34.72,1411.0,SUPN
2023-05-15 10:51:00,34.7,34.72,34.7,34.72,912.0,SUPN
2023-05-15 10:50:00,34.68,34.68,34.68,34.68,430.0,SUPN
2023-05-15 10:49:00,34.675,34.68,34.675,34.68,333.0,SUPN
2023-05-15 10:47:00,34.65,34.67,34.65,34.67,1195.0,SUPN
2023-05-15 10:46:00,34.68,34.68,34.64,34.64,2286.0,SUPN
2023-05-15 10:45:00,34.675,34.69,34.67,34.69,1331.0,SUPN
2023-05-15 10:44:00,34.675,34.675,34.675,34.675,246.0,SUPN
2023-05-15 10:43:00,34.665,34.68,34.665,34.68,1001.0,SUPN
2023-05-15 10:42:00,34.665,34.665,34.665,34.665,235.0,SUPN
2023-05-15 10:41:00,34.665,34.67,34.665,34.67,216.0,SUPN
2023-05-15 10:40:00,34.66,34.66,34.66,34.66,221.0,SUPN
2023-05-15 10:39:00,34.67,34.67,34.655,34.66,563.0,SUPN
2023-05-15 10:38:00,34.635,34.68,34.635,34.67,1251.0,SUPN
2023-05-15 10:37:00,34.635,34.635,34.635,34.635,418.0,SUPN
2023-05-15 10:36:00,34.65,34.67,34.645,34.65,628.0,SUPN
2023-05-15 10:34:00,34.67,34.67,34.67,34.67,174.0,SUPN
2023-05-15 10:28:00,34.59,34.59,34.59,34.59,222.0,SUPN
2023-05-15 10:27:00,34.59,34.59,34.59,34.59,146.0,SUPN
2023-05-15 10:25:00,34.58,34.605,34.56,34.59,1132.0,SUPN
2023-05-15 10:23:00,34.56,34.56,34.56,34.56,134.0,SUPN
2023-05-15 10:22:00,34.58,34.58,34.58,34.58,216.0,SUPN
2023-05-15 10:21:00,34.55,34.56,34.55,34.56,728.0,SUPN
2023-05-15 10:20:00,34.55,34.55,34.55,34.55,147.0,SUPN
2023-05-15 10:19:00,34.58,34.58,34.58,34.58,165.0,SUPN
2023-05-15 10:18:00,34.59,34.59,34.59,34.59,154.0,SUPN
2023-05-15 10:17:00,34.6,34.6,34.6,34.6,224.0,SUPN
2023-05-15 10:16:00,34.63,34.63,34.63,34.63,121.0,SUPN
2023-05-15 10:15:00,34.58,34.625,34.58,34.625,557.0,SUPN
2023-05-15 10:14:00,34.62,34.63,34.62,34.63,428.0,SUPN
2023-05-15 10:09:00,34.62,34.62,34.62,34.62,393.0,SUPN
2023-05-15 10:08:00,34.6,34.63,34.6,34.63,1501.0,SUPN
2023-05-15 10:07:00,34.62,34.62,34.62,34.62,247.0,SUPN
2023-05-15 10:05:00,34.675,34.675,34.61,34.66,1236.0,SUPN
2023-05-15 10:00:00,34.44,34.63,34.44,34.625,2547.0,SUPN
2023-05-15 09:58:00,34.49,34.52,34.49,34.52,289.0,SUPN
2023-05-15 09:53:00,34.5,34.55,34.49,34.5,1740.0,SUPN
2023-05-15 09:52:00,34.465,34.465,34.465,34.465,204.0,SUPN
2023-05-15 09:50:00,34.495,34.495,34.495,34.495,128.0,SUPN
2023-05-15 09:41:00,34.22,34.22,34.19,34.2,601.0,SUPN
2023-05-15 09:38:00,34.31,34.31,34.31,34.31,101.0,SUPN
2023-05-15 09:37:00,34.22,34.22,34.22,34.22,134.0,SUPN
2023-05-15 09:36:00,34.26,34.26,34.26,34.26,168.0,SUPN
2023-05-15 09:34:00,34.3511,34.3511,34.3511,34.3511,266.0,SUPN
2023-05-15 09:33:00,34.07,34.07,34.07,34.07,751.0,SUPN
2023-05-15 09:32:00,34.0,34.0,34.0,34.0,130.0,SUPN
2023-05-15 09:31:00,34.26,34.26,34.26,34.26,2865.0,SUPN
2023-05-12 16:01:00,34.13,34.13,34.13,34.13,11457.0,SUPN
2023-05-12 16:00:00,34.12,34.17,34.1,34.17,13218.0,SUPN
2023-05-12 15:59:00,34.1,34.21,34.09,34.12,20791.0,SUPN
2023-05-12 15:58:00,34.11,34.11,34.06,34.1,8900.0,SUPN
2023-05-12 15:57:00,34.08,34.11,34.06,34.11,7551.0,SUPN
2023-05-12 15:56:00,34.03,34.1,33.96,34.1,7770.0,SUPN
2023-05-12 15:55:00,33.92,34.03,33.92,34.03,7677.0,SUPN
2023-05-12 15:54:00,34.075,34.075,33.99,33.99,4342.0,SUPN
2023-05-12 15:53:00,34.075,34.0999,34.05,34.0999,2573.0,SUPN
2023-05-12 15:52:00,34.065,34.12,34.03,34.09,3700.0,SUPN
2023-05-12 15:51:00,34.12,34.43,34.07,34.09,19516.0,SUPN
2023-05-12 15:50:00,34.115,34.18,34.115,34.145,3926.0,SUPN
2023-05-12 15:49:00,34.095,34.12,34.095,34.115,1305.0,SUPN
2023-05-12 15:48:00,34.1,34.12,34.09,34.109,2205.0,SUPN
2023-05-12 15:47:00,34.06,34.08,34.04,34.08,1767.0,SUPN
2023-05-12 15:46:00,34.04,34.04,34.01,34.04,2623.0,SUPN
2023-05-12 15:45:00,33.95,33.99,33.9,33.98,2153.0,SUPN
2023-05-12 15:44:00,33.92,33.92,33.905,33.91,1369.0,SUPN
2023-05-12 15:42:00,33.91,33.92,33.91,33.91,1700.0,SUPN
2023-05-12 15:41:00,33.95,33.95,33.88,33.915,1781.0,SUPN
2023-05-12 15:40:00,33.87,33.98,33.87,33.925,6091.0,SUPN
2023-05-12 15:39:00,33.84,33.84,33.84,33.84,392.0,SUPN
2023-05-12 15:38:00,33.84,33.85,33.82,33.82,1095.0,SUPN
2023-05-12 15:37:00,33.86,33.87,33.81,33.858,6816.0,SUPN
2023-05-12 15:36:00,33.88,33.89,33.875,33.89,616.0,SUPN
2023-05-12 15:35:00,33.845,33.886,33.845,33.886,2037.0,SUPN
2023-05-12 15:34:00,33.91,33.91,33.845,33.845,2022.0,SUPN
2023-05-12 15:33:00,33.905,33.919,33.905,33.919,285.0,SUPN
2023-05-12 15:32:00,33.94,33.95,33.905,33.91,1931.0,SUPN
2023-05-12 15:31:00,33.969,33.969,33.969,33.969,432.0,SUPN
2023-05-12 15:30:00,33.88,33.92,33.88,33.92,1536.0,SUPN
2023-05-12 15:29:00,33.85,33.88,33.85,33.88,382.0,SUPN
2023-05-12 15:28:00,33.87,33.88,33.87,33.88,479.0,SUPN
2023-05-12 15:27:00,33.81,33.84,33.76,33.84,4987.0,SUPN
2023-05-12 15:26:00,33.78,33.78,33.78,33.78,224.0,SUPN
2023-05-12 15:25:00,33.77,33.77,33.76,33.76,804.0,SUPN
2023-05-12 15:24:00,33.74,33.74,33.73,33.73,1104.0,SUPN
2023-05-12 15:23:00,33.71,33.739,33.705,33.739,1297.0,SUPN
2023-05-12 15:22:00,33.7,33.7,33.7,33.7,349.0,SUPN
2023-05-12 15:21:00,33.675,33.675,33.675,33.675,131.0,SUPN
2023-05-12 15:20:00,33.605,33.67,33.605,33.65,1072.0,SUPN
2023-05-12 15:19:00,33.58,33.58,33.57,33.58,1492.0,SUPN
2023-05-12 15:18:00,33.505,33.56,33.505,33.56,3320.0,SUPN
2023-05-12 15:17:00,33.48,33.52,33.48,33.505,1766.0,SUPN
2023-05-12 15:16:00,33.505,33.505,33.505,33.505,412.0,SUPN
2023-05-12 15:15:00,33.493,33.493,33.493,33.493,345.0,SUPN
2023-05-12 15:14:00,33.52,33.52,33.52,33.52,177.0,SUPN
2023-05-12 15:12:00,33.49,33.49,33.49,33.49,235.0,SUPN
2023-05-12 15:11:00,33.5,33.5,33.5,33.5,467.0,SUPN
2023-05-12 15:10:00,33.51,33.525,33.51,33.51,1692.0,SUPN
2023-05-12 15:07:00,33.51,33.51,33.51,33.51,165.0,SUPN
2023-05-12 15:05:00,33.51,33.52,33.5,33.51,578.0,SUPN
2023-05-12 15:03:00,33.49,33.49,33.46,33.48,745.0,SUPN
2023-05-12 15:02:00,33.485,33.485,33.485,33.485,612.0,SUPN
2023-05-12 15:01:00,33.5,33.525,33.49,33.49,694.0,SUPN
2023-05-12 15:00:00,33.535,33.535,33.535,33.535,444.0,SUPN
2023-05-12 14:59:00,33.56,33.5709,33.54,33.54,1327.0,SUPN
2023-05-12 14:58:00,33.46,33.56,33.46,33.535,3051.0,SUPN
2023-05-12 14:57:00,33.45,33.45,33.45,33.45,125.0,SUPN
2023-05-12 14:56:00,33.445,33.445,33.445,33.445,155.0,SUPN
2023-05-12 14:55:00,33.48,33.48,33.47,33.48,798.0,SUPN
2023-05-12 14:54:00,33.44,33.44,33.44,33.44,463.0,SUPN
2023-05-12 14:52:00,33.44,33.48,33.44,33.45,481.0,SUPN
2023-05-12 14:51:00,33.47,33.47,33.38,33.44,6458.0,SUPN
2023-05-12 14:50:00,33.5,33.5,33.5,33.5,158.0,SUPN
2023-05-12 14:48:00,33.48,33.53,33.46,33.49,2182.0,SUPN
2023-05-12 14:47:00,33.45,33.45,33.45,33.45,361.0,SUPN
2023-05-12 14:46:00,33.4425,33.46,33.4425,33.46,573.0,SUPN
2023-05-12 14:45:00,33.44,33.44,33.43,33.43,403.0,SUPN
2023-05-12 14:44:00,33.49,33.49,33.45,33.45,996.0,SUPN
2023-05-12 14:43:00,33.535,33.535,33.5,33.52,1466.0,SUPN
2023-05-12 14:42:00,33.5015,33.54,33.5015,33.54,1052.0,SUPN
2023-05-12 14:40:00,33.52,33.52,33.51,33.52,944.0,SUPN
2023-05-12 14:38:00,33.53,33.53,33.53,33.53,1336.0,SUPN
2023-05-12 14:37:00,33.53,33.53,33.53,33.53,315.0,SUPN
2023-05-12 14:36:00,33.53,33.53,33.53,33.53,362.0,SUPN
2023-05-12 14:35:00,33.56,33.56,33.56,33.56,509.0,SUPN
2023-05-12 14:34:00,33.5885,33.5885,33.51,33.53,1674.0,SUPN
2023-05-12 14:33:00,33.6,33.6,33.6,33.6,127.0,SUPN
2023-05-12 14:32:00,33.54,33.59,33.54,33.58,1207.0,SUPN
2023-05-12 14:31:00,33.54,33.54,33.54,33.54,587.0,SUPN
2023-05-12 14:30:00,33.6,33.6,33.6,33.6,441.0,SUPN
2023-05-12 14:29:00,33.67,33.67,33.66,33.66,566.0,SUPN
2023-05-12 14:28:00,33.66,33.66,33.605,33.605,503.0,SUPN
2023-05-12 14:27:00,33.61,33.61,33.61,33.61,552.0,SUPN
2023-05-12 14:26:00,33.62,33.64,33.62,33.64,938.0,SUPN
2023-05-12 14:25:00,33.55,33.6,33.55,33.6,606.0,SUPN
2023-05-12 14:24:00,33.58,33.58,33.58,33.58,324.0,SUPN
2023-05-12 14:23:00,33.67,33.68,33.561,33.57,4714.0,SUPN
2023-05-12 14:22:00,33.71,33.71,33.61,33.64,2346.0,SUPN
2023-05-12 14:16:00,33.9,33.9,33.75,33.75,21964.0,SUPN
2023-05-12 14:14:00,33.88,33.88,33.88,33.88,287.0,SUPN
2023-05-12 14:13:00,33.94,33.94,33.905,33.91,1533.0,SUPN
2023-05-12 14:10:00,33.82,33.82,33.82,33.82,570.0,SUPN
2023-05-12 14:09:00,33.76,33.87,33.76,33.775,2348.0,SUPN
2023-05-12 14:08:00,33.74,33.75,33.74,33.75,677.0,SUPN
2023-05-12 14:07:00,33.62,33.67,33.62,33.65,1008.0,SUPN
2023-05-12 14:06:00,33.465,33.66,33.435,33.58,14893.0,SUPN
2023-05-12 14:05:00,33.36,33.45,33.36,33.4,1659.0,SUPN
2023-05-12 14:04:00,33.43,33.43,33.38,33.38,1913.0,SUPN
2023-05-12 14:03:00,33.405,33.405,33.4,33.4,1285.0,SUPN
2023-05-12 14:02:00,33.395,33.395,33.395,33.395,487.0,SUPN
2023-05-12 14:01:00,33.38,33.38,33.38,33.38,189.0,SUPN
2023-05-12 14:00:00,33.4,33.42,33.39,33.39,883.0,SUPN
2023-05-12 13:59:00,33.37,33.37,33.3479,33.3479,248.0,SUPN
2023-05-12 13:58:00,33.365,33.365,33.365,33.365,316.0,SUPN
2023-05-12 13:57:00,33.405,33.405,33.36,33.36,837.0,SUPN
2023-05-12 13:56:00,33.4,33.4,33.4,33.4,318.0,SUPN
2023-05-12 13:55:00,33.4,33.4,33.4,33.4,919.0,SUPN
2023-05-12 13:54:00,33.3572,33.4,33.3572,33.36,1597.0,SUPN
2023-05-12 13:53:00,33.4,33.58,33.35,33.4,19595.0,SUPN
2023-05-12 13:51:00,33.22,33.33,33.22,33.33,2446.0,SUPN
2023-05-12 13:50:00,33.29,33.29,33.28,33.28,1547.0,SUPN
2023-05-12 13:47:00,33.3,33.3,33.3,33.3,203.0,SUPN
2023-05-12 13:45:00,33.35,33.36,33.285,33.285,579.0,SUPN
2023-05-12 13:43:00,33.39,33.4,33.38,33.38,1087.0,SUPN
2023-05-12 13:40:00,33.45,33.46,33.35,33.45,4824.0,SUPN
2023-05-12 13:39:00,33.36,33.55,33.36,33.51,8309.0,SUPN
2023-05-12 13:38:00,33.47,33.47,33.35,33.35,1921.0,SUPN
2023-05-12 13:37:00,33.555,33.555,33.5,33.52,2133.0,SUPN
2023-05-12 13:35:00,33.57,33.57,33.57,33.57,389.0,SUPN
2023-05-12 13:34:00,33.55,33.5699,33.54,33.5699,785.0,SUPN
2023-05-12 13:32:00,33.58,33.59,33.58,33.58,963.0,SUPN
2023-05-12 13:31:00,33.55,33.55,33.55,33.55,1088.0,SUPN
2023-05-12 13:29:00,33.55,33.55,33.55,33.55,272.0,SUPN
2023-05-12 13:25:00,33.56,33.56,33.49,33.53,2531.0,SUPN
2023-05-12 13:23:00,33.44,33.51,33.44,33.49,1194.0,SUPN
2023-05-12 13:22:00,33.41,33.42,33.41,33.42,592.0,SUPN
2023-05-12 13:21:00,33.385,33.385,33.385,33.385,282.0,SUPN
2023-05-12 13:20:00,33.37,33.37,33.37,33.37,842.0,SUPN
2023-05-12 13:17:00,33.38,33.4,33.37,33.39,1584.0,SUPN
2023-05-12 13:16:00,33.41,33.42,33.41,33.42,1099.0,SUPN
2023-05-12 13:15:00,33.415,33.46,33.415,33.4175,1512.0,SUPN
2023-05-12 13:14:00,33.4,33.4,33.4,33.4,176.0,SUPN
2023-05-12 13:12:00,33.4687,33.4687,33.41,33.41,1540.0,SUPN
2023-05-12 13:11:00,33.47,33.47,33.44,33.44,437.0,SUPN
2023-05-12 13:10:00,33.55,33.55,33.46,33.47,2308.0,SUPN
2023-05-12 13:09:00,33.58,33.58,33.55,33.55,549.0,SUPN
2023-05-12 13:08:00,33.69,33.69,33.63,33.63,2241.0,SUPN
2023-05-12 13:07:00,33.69,33.69,33.69,33.69,164.0,SUPN
2023-05-12 13:05:00,33.67,33.69,33.67,33.68,801.0,SUPN
2023-05-12 13:04:00,33.67,33.71,33.67,33.71,496.0,SUPN
2023-05-12 13:03:00,33.74,33.74,33.74,33.74,390.0,SUPN
2023-05-12 13:02:00,33.7,33.7,33.7,33.7,351.0,SUPN
2023-05-12 13:01:00,33.66,33.66,33.66,33.66,236.0,SUPN
2023-05-12 13:00:00,33.67,33.69,33.67,33.69,362.0,SUPN
2023-05-12 12:59:00,33.71,33.71,33.67,33.67,306.0,SUPN
2023-05-12 12:57:00,33.7,33.735,33.7,33.71,1442.0,SUPN
2023-05-12 12:55:00,33.74,33.74,33.74,33.74,331.0,SUPN
2023-05-12 12:54:00,33.75,33.75,33.735,33.735,377.0,SUPN
2023-05-12 12:52:00,33.77,33.81,33.75,33.75,4873.0,SUPN
2023-05-12 12:50:00,33.77,33.77,33.69,33.71,4905.0,SUPN
2023-05-12 12:49:00,33.825,33.825,33.8,33.8,1024.0,SUPN
2023-05-12 12:45:00,33.82,33.82,33.82,33.82,359.0,SUPN
2023-05-12 12:44:00,33.8607,33.8607,33.8607,33.8607,225.0,SUPN
2023-05-12 12:41:00,33.86,33.87,33.86,33.87,278.0,SUPN
2023-05-12 12:40:00,33.84,33.85,33.84,33.85,574.0,SUPN
2023-05-12 12:39:00,33.87,33.87,33.81,33.84,723.0,SUPN
2023-05-12 12:38:00,33.87,33.87,33.85,33.85,1314.0,SUPN
2023-05-12 12:34:00,33.94,33.96,33.9156,33.9156,1862.0,SUPN
2023-05-12 12:32:00,33.92,33.92,33.92,33.92,156.0,SUPN
2023-05-12 12:31:00,33.91,33.92,33.91,33.92,688.0,SUPN
2023-05-12 12:30:00,33.91,33.91,33.91,33.91,518.0,SUPN
2023-05-12 12:27:00,33.88,33.88,33.88,33.88,134.0,SUPN
2023-05-12 12:26:00,33.84,33.84,33.84,33.84,200.0,SUPN
2023-05-12 12:25:00,33.88,33.88,33.88,33.88,274.0,SUPN
2023-05-12 12:24:00,33.86,33.92,33.86,33.92,1932.0,SUPN
2023-05-12 12:23:00,33.93,33.93,33.85,33.85,2381.0,SUPN
2023-05-12 12:21:00,34.03,34.03,34.0,34.01,1464.0,SUPN
2023-05-12 12:20:00,34.065,34.065,34.015,34.015,577.0,SUPN
2023-05-12 12:18:00,34.0762,34.0762,34.0762,34.0762,692.0,SUPN
2023-05-12 12:17:00,33.95,34.24,33.95,33.98,16193.0,SUPN
2023-05-12 12:15:00,33.95,33.96,33.93,33.93,1092.0,SUPN
2023-05-12 12:14:00,33.975,33.975,33.95,33.95,481.0,SUPN
2023-05-12 12:12:00,34.01,34.01,34.01,34.01,643.0,SUPN
2023-05-12 12:09:00,34.04,34.04,34.04,34.04,164.0,SUPN
2023-05-12 12:06:00,34.14,34.16,34.05,34.065,2988.0,SUPN
2023-05-12 12:05:00,34.11,34.11,34.1,34.11,1623.0,SUPN
2023-05-12 12:02:00,34.13,34.13,34.12,34.12,366.0,SUPN
2023-05-12 12:01:00,34.155,34.155,34.155,34.155,332.0,SUPN
2023-05-12 12:00:00,34.13,34.19,34.12,34.15,5923.0,SUPN
2023-05-12 11:59:00,34.165,34.165,34.14,34.155,729.0,SUPN
2023-05-12 11:58:00,34.1407,34.1407,34.1407,34.1407,450.0,SUPN
2023-05-12 11:57:00,34.14,34.14,34.13,34.13,591.0,SUPN
2023-05-12 11:56:00,34.16,34.16,34.16,34.16,229.0,SUPN
2023-05-12 11:55:00,34.16,34.16,34.14,34.14,463.0,SUPN
2023-05-12 11:53:00,34.16,34.16,34.13,34.13,476.0,SUPN
2023-05-12 11:52:00,34.165,34.165,34.11,34.15,650.0,SUPN
2023-05-12 11:51:00,34.205,34.205,34.14,34.175,2369.0,SUPN
2023-05-12 11:50:00,34.215,34.215,34.17,34.18,935.0,SUPN
2023-05-12 11:47:00,34.29,34.29,34.24,34.26,1306.0,SUPN
2023-05-12 11:46:00,34.335,34.34,34.3,34.3,384.0,SUPN
2023-05-12 11:45:00,34.35,34.35,34.32,34.32,1165.0,SUPN
2023-05-12 11:44:00,34.29,34.3,34.29,34.3,1360.0,SUPN
2023-05-12 11:43:00,34.3,34.51,34.28,34.28,11073.0,SUPN
2023-05-12 11:42:00,34.27,34.27,34.27,34.27,356.0,SUPN
2023-05-12 11:41:00,34.32,34.32,34.295,34.295,601.0,SUPN
2023-05-12 11:40:00,34.335,34.35,34.335,34.34,790.0,SUPN
2023-05-12 11:39:00,34.42,34.42,34.33,34.33,2599.0,SUPN
2023-05-12 11:37:00,34.4923,34.4923,34.43,34.43,1584.0,SUPN
2023-05-12 11:35:00,34.48,34.48,34.48,34.48,534.0,SUPN
2023-05-12 11:34:00,34.46,34.47,34.46,34.47,701.0,SUPN
2023-05-12 11:32:00,34.52,34.52,34.52,34.52,318.0,SUPN
2023-05-12 11:31:00,34.52,34.56,34.5181,34.55,2188.0,SUPN
2023-05-12 11:30:00,34.49,34.54,34.45,34.51,3344.0,SUPN
2023-05-12 11:29:00,34.52,34.52,34.49,34.49,488.0,SUPN
2023-05-12 11:28:00,34.51,34.53,34.51,34.53,737.0,SUPN
2023-05-12 11:27:00,34.56,34.56,34.56,34.56,618.0,SUPN
2023-05-12 11:26:00,34.58,34.5925,34.54,34.56,1675.0,SUPN
2023-05-12 11:24:00,34.605,34.62,34.58,34.59,3128.0,SUPN
2023-05-12 11:23:00,34.57,34.57,34.56,34.56,717.0,SUPN
2023-05-12 11:22:00,34.6,34.6,34.57,34.57,1088.0,SUPN
2023-05-12 11:21:00,34.6,34.6,34.51,34.565,4105.0,SUPN
2023-05-12 11:20:00,34.6,34.6,34.6,34.6,181.0,SUPN
2023-05-12 11:18:00,34.59,34.59,34.59,34.59,149.0,SUPN
2023-05-12 11:16:00,34.66,34.66,34.635,34.635,410.0,SUPN
2023-05-12 11:15:00,34.79,34.79,34.67,34.68,1771.0,SUPN
2023-05-12 11:14:00,34.81,34.82,34.8,34.805,1694.0,SUPN
2023-05-12 11:13:00,34.88,34.88,34.81,34.81,2172.0,SUPN
2023-05-12 11:11:00,34.88,34.88,34.88,34.88,219.0,SUPN
2023-05-12 11:10:00,34.88,34.8942,34.88,34.8942,537.0,SUPN
2023-05-12 11:09:00,34.91,34.91,34.91,34.91,285.0,SUPN
2023-05-12 11:08:00,34.92,34.9282,34.89,34.89,1643.0,SUPN
2023-05-12 11:07:00,34.97,34.97,34.91,34.91,1618.0,SUPN
2023-05-12 11:06:00,35.01,35.01,34.98,34.98,263.0,SUPN
2023-05-12 11:04:00,34.885,34.96,34.885,34.96,2286.0,SUPN
2023-05-12 11:00:00,34.88,34.89,34.8354,34.875,1080.0,SUPN
2023-05-12 10:59:00,34.855,34.93,34.83,34.93,1415.0,SUPN
2023-05-12 10:58:00,34.9245,34.99,34.82,34.82,3957.0,SUPN
2023-05-12 10:54:00,35.01,35.01,34.93,34.96,1885.0,SUPN
2023-05-12 10:53:00,34.97,34.97,34.96,34.96,761.0,SUPN
2023-05-12 10:52:00,35.01,35.02,34.88,34.935,9785.0,SUPN
2023-05-12 10:51:00,34.99,34.99,34.96,34.97,1794.0,SUPN
2023-05-12 10:50:00,34.99,34.99,34.99,34.99,457.0,SUPN
2023-05-12 10:49:00,34.99,34.99,34.99,34.99,213.0,SUPN
2023-05-12 10:48:00,35.02,35.02,34.99,34.99,965.0,SUPN
2023-05-12 10:47:00,35.03,35.03,34.98,35.01,2159.0,SUPN
2023-05-12 10:45:00,35.02,35.08,35.01,35.02,1690.0,SUPN
2023-05-12 10:44:00,35.15,35.36,35.01,35.05,22008.0,SUPN
2023-05-12 10:41:00,34.99,35.08,34.99,35.08,2635.0,SUPN
2023-05-12 10:40:00,35.05,35.05,34.98,34.99,3113.0,SUPN
2023-05-12 10:39:00,35.05,35.05,35.05,35.05,153.0,SUPN
2023-05-12 10:36:00,35.01,35.04,34.95,35.04,4119.0,SUPN
2023-05-12 10:34:00,34.965,34.965,34.965,34.965,237.0,SUPN
2023-05-12 10:33:00,34.93,34.93,34.92,34.92,407.0,SUPN
2023-05-12 10:32:00,34.99,34.99,34.95,34.98,619.0,SUPN
2023-05-12 10:31:00,35.05,35.05,34.94,34.94,2648.0,SUPN
2023-05-12 10:28:00,35.12,35.14,35.06,35.06,647.0,SUPN
2023-05-12 10:27:00,35.16,35.2,35.11,35.11,2485.0,SUPN
2023-05-12 10:25:00,35.1,35.15,35.06,35.105,3203.0,SUPN
2023-05-12 10:24:00,35.02,35.02,35.02,35.02,129.0,SUPN
2023-05-12 10:23:00,35.06,35.06,35.06,35.06,312.0,SUPN
2023-05-12 10:22:00,35.18,35.18,35.02,35.02,3581.0,SUPN
2023-05-12 10:21:00,35.2,35.2,35.1935,35.1935,415.0,SUPN
2023-05-12 10:18:00,35.19,35.19,35.19,35.19,260.0,SUPN
2023-05-12 10:17:00,35.25,35.25,35.195,35.195,1073.0,SUPN
2023-05-12 10:15:00,35.25,35.25,35.25,35.25,105.0,SUPN
2023-05-12 10:12:00,35.25,35.25,35.25,35.25,177.0,SUPN
2023-05-12 10:10:00,35.3,35.305,35.24,35.24,603.0,SUPN
2023-05-12 10:09:00,35.265,35.44,35.265,35.3,3314.0,SUPN
2023-05-12 10:07:00,35.3,35.3,35.21,35.21,708.0,SUPN
2023-05-12 10:06:00,35.485,35.485,35.3,35.3,2072.0,SUPN
2023-05-12 10:05:00,35.485,35.485,35.485,35.485,240.0,SUPN
2023-05-12 09:59:00,35.51,35.51,35.51,35.51,218.0,SUPN
2023-05-12 09:57:00,35.63,35.63,35.63,35.63,114.0,SUPN
2023-05-12 09:55:00,35.54,35.54,35.54,35.54,233.0,SUPN
2023-05-12 09:54:00,35.41,35.545,35.41,35.545,1709.0,SUPN
2023-05-12 09:53:00,35.33,35.34,35.33,35.33,675.0,SUPN
2023-05-12 09:52:00,35.49,35.52,35.37,35.37,1584.0,SUPN
2023-05-12 09:51:00,35.48,35.48,35.48,35.48,267.0,SUPN
2023-05-12 09:50:00,35.62,35.71,35.49,35.5446,2616.0,SUPN
2023-05-12 09:49:00,35.593,35.685,35.593,35.685,332.0,SUPN
2023-05-12 09:46:00,35.67,35.67,35.67,35.67,200.0,SUPN
2023-05-12 09:45:00,35.6575,35.67,35.6575,35.67,601.0,SUPN
2023-05-12 09:43:00,35.665,35.665,35.665,35.665,200.0,SUPN
2023-05-12 09:42:00,35.67,35.67,35.655,35.655,237.0,SUPN
2023-05-12 09:39:00,35.67,35.96,35.645,35.645,6479.0,SUPN
2023-05-12 09:38:00,35.6604,35.6604,35.6604,35.6604,456.0,SUPN
2023-05-12 09:36:00,35.5,35.62,35.485,35.62,571.0,SUPN
2023-05-12 09:35:00,35.5,35.5,35.5,35.5,139.0,SUPN
2023-05-12 09:34:00,35.545,35.545,35.545,35.545,236.0,SUPN
2023-05-12 09:33:00,35.69,35.69,35.47,35.485,2537.0,SUPN
2023-05-12 09:32:00,35.72,35.72,35.69,35.69,415.0,SUPN
2023-05-12 09:31:00,35.81,35.81,35.81,35.81,8244.0,SUPN
2023-05-11 16:01:00,35.9,35.9,35.9,35.9,14127.0,SUPN
2023-05-11 16:00:00,35.91,35.98,35.9,35.91,24280.0,SUPN
2023-05-11 15:59:00,35.91,35.94,35.89,35.91,8491.0,SUPN
2023-05-11 15:58:00,35.89,35.92,35.89,35.89,6398.0,SUPN
2023-05-11 15:57:00,35.84,35.89,35.8375,35.89,5100.0,SUPN
2023-05-11 15:56:00,35.8,35.85,35.79,35.8377,3210.0,SUPN
2023-05-11 15:55:00,35.78,35.8,35.78,35.79,1958.0,SUPN
2023-05-11 15:54:00,35.79,35.79,35.77,35.79,1562.0,SUPN
2023-05-11 15:53:00,35.83,35.8399,35.8,35.8,2473.0,SUPN
2023-05-11 15:52:00,35.82,35.82,35.82,35.82,390.0,SUPN
2023-05-11 15:51:00,35.82,35.85,35.8,35.8,3623.0,SUPN
2023-05-11 15:50:00,35.79,35.82,35.79,35.81,1607.0,SUPN
2023-05-11 15:49:00,35.799,35.8,35.79,35.8,1031.0,SUPN
2023-05-11 15:48:00,35.78,35.78,35.78,35.78,823.0,SUPN
2023-05-11 15:47:00,35.815,35.83,35.77,35.77,3184.0,SUPN
2023-05-11 15:46:00,35.78,35.81,35.78,35.81,864.0,SUPN
2023-05-11 15:45:00,35.78,35.79,35.78,35.79,2212.0,SUPN
2023-05-11 15:43:00,35.765,35.765,35.765,35.765,225.0,SUPN
2023-05-11 15:42:00,35.765,35.765,35.765,35.765,478.0,SUPN
2023-05-11 15:41:00,35.77,35.785,35.75,35.77,2124.0,SUPN
2023-05-11 15:40:00,35.755,35.755,35.755,35.755,148.0,SUPN
2023-05-11 15:39:00,35.75,35.75,35.73,35.73,1198.0,SUPN
2023-05-11 15:38:00,35.77,35.8,35.75,35.75,2637.0,SUPN
2023-05-11 15:37:00,35.775,35.775,35.775,35.775,440.0,SUPN
2023-05-11 15:36:00,35.76,35.77,35.75,35.77,826.0,SUPN
2023-05-11 15:35:00,35.82,35.85,35.79,35.79,3295.0,SUPN
2023-05-11 15:34:00,35.875,35.875,35.81,35.81,2580.0,SUPN
2023-05-11 15:31:00,35.875,35.89,35.875,35.89,417.0,SUPN
2023-05-11 15:30:00,35.9,35.9,35.87,35.87,578.0,SUPN
2023-05-11 15:29:00,35.895,35.9,35.89,35.89,947.0,SUPN
2023-05-11 15:25:00,35.92,35.92,35.88,35.91,1102.0,SUPN
2023-05-11 15:24:00,35.92,35.92,35.92,35.92,216.0,SUPN
2023-05-11 15:23:00,35.86,35.92,35.86,35.92,409.0,SUPN
2023-05-11 15:22:00,35.79,35.86,35.79,35.86,876.0,SUPN
2023-05-11 15:21:00,35.82,35.82,35.78,35.79,2353.0,SUPN
2023-05-11 15:19:00,35.81,35.81,35.81,35.81,459.0,SUPN
2023-05-11 15:17:00,35.825,35.84,35.82,35.83,1979.0,SUPN
2023-05-11 15:16:00,35.88,35.88,35.83,35.83,2336.0,SUPN
2023-05-11 15:15:00,35.87,35.87,35.87,35.87,534.0,SUPN
2023-05-11 15:14:00,35.83,35.87,35.82,35.87,751.0,SUPN
2023-05-11 15:13:00,35.79,35.79,35.78,35.78,705.0,SUPN
2023-05-11 15:12:00,35.785,35.8,35.77,35.77,1473.0,SUPN
2023-05-11 15:11:00,35.785,35.79,35.785,35.79,884.0,SUPN
2023-05-11 15:09:00,35.775,35.775,35.76,35.775,708.0,SUPN
2023-05-11 15:08:00,35.78,35.78,35.78,35.78,455.0,SUPN
2023-05-11 15:07:00,35.739,35.79,35.739,35.79,1667.0,SUPN
2023-05-11 15:06:00,35.75,35.75,35.73,35.74,978.0,SUPN
2023-05-11 15:05:00,35.755,35.755,35.73,35.73,546.0,SUPN
2023-05-11 15:04:00,35.81,35.81,35.78,35.78,974.0,SUPN
2023-05-11 15:02:00,35.84,35.84,35.81,35.81,1591.0,SUPN
2023-05-11 15:01:00,35.81,35.85,35.8,35.83,3248.0,SUPN
2023-05-11 15:00:00,35.85,35.85,35.78,35.79,2129.0,SUPN
2023-05-11 14:59:00,35.87,35.87,35.85,35.86,582.0,SUPN
2023-05-11 14:58:00,35.88,35.88,35.86,35.86,1103.0,SUPN
2023-05-11 14:57:00,35.91,35.91,35.87,35.87,414.0,SUPN
2023-05-11 14:56:00,35.89,35.91,35.89,35.89,1216.0,SUPN
2023-05-11 14:55:00,35.94,35.945,35.88,35.88,3563.0,SUPN
2023-05-11 14:54:00,36.04,36.04,35.95,35.96,3907.0,SUPN
2023-05-11 14:52:00,35.99,36.04,35.99,36.04,2767.0,SUPN
2023-05-11 14:50:00,35.96,36.12,35.96,35.97,16466.0,SUPN
2023-05-11 14:49:00,35.99,36.0,35.96,35.96,1472.0,SUPN
2023-05-11 14:48:00,36.01,36.01,35.995,36.0,2757.0,SUPN
2023-05-11 14:47:00,36.025,36.025,36.025,36.025,109.0,SUPN
2023-05-11 14:42:00,36.01,36.01,36.01,36.01,279.0,SUPN
2023-05-11 14:41:00,36.0,36.0,35.99,36.0,542.0,SUPN
2023-05-11 14:40:00,35.98,36.0,35.98,36.0,2383.0,SUPN
2023-05-11 14:39:00,35.96,35.96,35.96,35.96,160.0,SUPN
2023-05-11 14:38:00,35.97,35.97,35.97,35.97,803.0,SUPN
2023-05-11 14:37:00,35.97,35.97,35.97,35.97,217.0,SUPN
2023-05-11 14:36:00,35.96,35.96,35.96,35.96,288.0,SUPN
2023-05-11 14:34:00,35.98,35.98,35.98,35.98,852.0,SUPN
2023-05-11 14:33:00,35.99,35.995,35.99,35.995,460.0,SUPN
2023-05-11 14:32:00,36.11,36.11,36.01,36.01,3711.0,SUPN
2023-05-11 14:29:00,36.11,36.11,36.094,36.11,1113.0,SUPN
2023-05-11 14:28:00,36.11,36.11,36.08,36.095,487.0,SUPN
2023-05-11 14:24:00,36.09,36.11,36.08,36.11,843.0,SUPN
2023-05-11 14:23:00,36.08,36.08,36.07,36.07,566.0,SUPN
2023-05-11 14:22:00,36.08,36.08,36.07,36.07,1414.0,SUPN
2023-05-11 14:18:00,36.05,36.07,36.05,36.07,806.0,SUPN
2023-05-11 14:17:00,36.059,36.059,36.059,36.059,105.0,SUPN
2023-05-11 14:16:00,36.05,36.05,36.04,36.04,527.0,SUPN
2023-05-11 14:15:00,36.04,36.04,36.04,36.04,114.0,SUPN
2023-05-11 14:12:00,36.05,36.06,36.05,36.06,603.0,SUPN
2023-05-11 14:10:00,36.045,36.05,36.045,36.05,1185.0,SUPN
2023-05-11 14:09:00,36.05,36.05,36.045,36.045,743.0,SUPN
2023-05-11 14:08:00,36.07,36.07,36.07,36.07,893.0,SUPN
2023-05-11 14:07:00,36.08,36.09,36.07,36.07,623.0,SUPN
2023-05-11 14:06:00,36.105,36.105,36.09,36.09,565.0,SUPN
2023-05-11 14:02:00,36.11,36.11,36.1,36.11,732.0,SUPN
2023-05-11 14:01:00,36.1,36.12,36.09,36.12,757.0,SUPN
2023-05-11 14:00:00,36.07,36.08,36.07,36.08,701.0,SUPN
2023-05-11 13:59:00,36.07,36.07,36.07,36.07,221.0,SUPN
2023-05-11 13:58:00,36.03,36.05,36.03,36.034,599.0,SUPN
2023-05-11 13:55:00,36.06,36.07,36.06,36.07,445.0,SUPN
2023-05-11 13:53:00,36.06,36.06,36.06,36.06,224.0,SUPN
2023-05-11 13:52:00,36.04,36.04,36.04,36.04,238.0,SUPN
2023-05-11 13:51:00,36.04,36.065,36.04,36.065,1063.0,SUPN
2023-05-11 13:50:00,36.05,36.05,36.035,36.035,1127.0,SUPN
2023-05-11 13:48:00,36.07,36.07,36.04,36.04,1859.0,SUPN
2023-05-11 13:46:00,36.05,36.09,36.045,36.08,1776.0,SUPN
2023-05-11 13:44:00,36.06,36.06,36.06,36.06,212.0,SUPN
2023-05-11 13:43:00,36.07,36.07,36.05,36.05,2495.0,SUPN
2023-05-11 13:42:00,36.06,36.08,36.03,36.076,2221.0,SUPN
2023-05-11 13:41:00,36.05,36.05,36.05,36.05,223.0,SUPN
2023-05-11 13:37:00,36.07,36.07,36.03,36.03,744.0,SUPN
2023-05-11 13:34:00,36.04,36.055,36.035,36.04,2452.0,SUPN
2023-05-11 13:32:00,36.055,36.055,36.04,36.04,267.0,SUPN
2023-05-11 13:31:00,36.07,36.07,36.05,36.06,1435.0,SUPN
2023-05-11 13:28:00,36.07,36.07,36.07,36.07,377.0,SUPN
2023-05-11 13:27:00,36.085,36.085,36.07,36.07,417.0,SUPN
2023-05-11 13:24:00,36.08,36.09,36.08,36.09,532.0,SUPN
2023-05-11 13:23:00,36.085,36.085,36.08,36.08,645.0,SUPN
2023-05-11 13:22:00,36.125,36.125,36.09,36.09,1688.0,SUPN
2023-05-11 13:21:00,36.13,36.13,36.125,36.125,748.0,SUPN
2023-05-11 13:20:00,36.14,36.145,36.14,36.145,228.0,SUPN
2023-05-11 13:19:00,36.14,36.14,36.14,36.14,615.0,SUPN
2023-05-11 13:16:00,36.11,36.11,36.1,36.1,464.0,SUPN
2023-05-11 13:15:00,36.095,36.095,36.095,36.095,370.0,SUPN
2023-05-11 13:14:00,36.08,36.08,36.08,36.08,532.0,SUPN
2023-05-11 13:12:00,36.09,36.09,36.09,36.09,200.0,SUPN
2023-05-11 13:10:00,36.11,36.11,36.08,36.08,1690.0,SUPN
2023-05-11 13:09:00,36.125,36.125,36.125,36.125,114.0,SUPN
2023-05-11 13:04:00,36.12,36.12,36.12,36.12,640.0,SUPN
2023-05-11 13:02:00,36.08,36.09,36.07,36.089,1459.0,SUPN
2023-05-11 12:58:00,36.09,36.09,36.09,36.09,405.0,SUPN
2023-05-11 12:57:00,36.1,36.115,36.1,36.115,214.0,SUPN
2023-05-11 12:55:00,36.13,36.13,36.13,36.13,524.0,SUPN
2023-05-11 12:54:00,36.14,36.14,36.14,36.14,481.0,SUPN
2023-05-11 12:52:00,36.13,36.14,36.13,36.13,716.0,SUPN
2023-05-11 12:51:00,36.25,36.25,36.1315,36.1315,1438.0,SUPN
2023-05-11 12:47:00,36.27,36.27,36.27,36.27,247.0,SUPN
2023-05-11 12:46:00,36.265,36.28,36.265,36.28,701.0,SUPN
2023-05-11 12:45:00,36.29,36.29,36.27,36.27,1008.0,SUPN
2023-05-11 12:43:00,36.24,36.25,36.24,36.25,369.0,SUPN
2023-05-11 12:41:00,36.22,36.22,36.19,36.19,2021.0,SUPN
2023-05-11 12:40:00,36.24,36.255,36.24,36.255,407.0,SUPN
2023-05-11 12:39:00,36.26,36.26,36.26,36.26,244.0,SUPN
2023-05-11 12:37:00,36.25,36.25,36.24,36.24,666.0,SUPN
2023-05-11 12:36:00,36.21,36.24,36.2,36.235,1406.0,SUPN
2023-05-11 12:33:00,36.22,36.22,36.22,36.22,324.0,SUPN
2023-05-11 12:32:00,36.19,36.19,36.19,36.19,172.0,SUPN
2023-05-11 12:31:00,36.2015,36.2015,36.16,36.1886,1434.0,SUPN
2023-05-11 12:29:00,36.17,36.21,36.13,36.21,8535.0,SUPN
2023-05-11 12:28:00,36.17,36.17,36.14,36.14,1190.0,SUPN
2023-05-11 12:27:00,36.18,36.18,36.17,36.17,628.0,SUPN
2023-05-11 12:25:00,36.155,36.155,36.155,36.155,178.0,SUPN
2023-05-11 12:23:00,36.06,36.125,36.06,36.12,595.0,SUPN
2023-05-11 12:22:00,36.035,36.05,36.02,36.05,1110.0,SUPN
2023-05-11 12:20:00,36.0333,36.0333,36.02,36.02,512.0,SUPN
2023-05-11 12:19:00,36.04,36.04,36.04,36.04,279.0,SUPN
2023-05-11 12:18:00,36.0,36.03,36.0,36.02,1824.0,SUPN
2023-05-11 12:17:00,36.0,36.0,36.0,36.0,363.0,SUPN
2023-05-11 12:16:00,36.0,36.01,35.97,35.98,2755.0,SUPN
2023-05-11 12:13:00,36.03,36.03,36.03,36.03,290.0,SUPN
2023-05-11 12:11:00,36.03,36.03,36.03,36.03,322.0,SUPN
2023-05-11 12:09:00,36.04,36.0415,36.02,36.04,1118.0,SUPN
2023-05-11 12:08:00,36.04,36.05,36.04,36.05,467.0,SUPN
2023-05-11 12:07:00,36.03,36.03,36.03,36.03,269.0,SUPN
2023-05-11 12:06:00,36.055,36.055,36.02,36.05,2100.0,SUPN
2023-05-11 12:05:00,36.09,36.09,36.07,36.07,880.0,SUPN
2023-05-11 12:04:00,36.09,36.09,36.08,36.08,773.0,SUPN
2023-05-11 12:03:00,36.1,36.13,36.1,36.1,1554.0,SUPN
2023-05-11 12:02:00,36.08,36.08,36.08,36.08,271.0,SUPN
2023-05-11 12:00:00,36.02,36.03,36.02,36.03,901.0,SUPN
2023-05-11 11:58:00,36.01,36.01,36.005,36.01,1370.0,SUPN
2023-05-11 11:55:00,36.035,36.035,36.0115,36.0115,974.0,SUPN
2023-05-11 11:53:00,36.07,36.07,36.06,36.06,931.0,SUPN
2023-05-11 11:48:00,35.93,36.0,35.92,36.0,1931.0,SUPN
2023-05-11 11:47:00,35.94,35.94,35.94,35.94,359.0,SUPN
2023-05-11 11:44:00,35.93,35.93,35.93,35.93,240.0,SUPN
2023-05-11 11:43:00,35.96,35.96,35.96,35.96,549.0,SUPN
2023-05-11 11:42:00,35.97,35.97,35.97,35.97,347.0,SUPN
2023-05-11 11:41:00,35.95,35.969,35.945,35.969,1069.0,SUPN
2023-05-11 11:39:00,36.01,36.01,35.965,35.965,1233.0,SUPN
2023-05-11 11:38:00,36.025,36.025,36.025,36.025,275.0,SUPN
2023-05-11 11:37:00,36.05,36.05,36.05,36.05,396.0,SUPN
2023-05-11 11:36:00,36.03,36.03,36.03,36.03,561.0,SUPN
2023-05-11 11:35:00,36.0215,36.0215,36.02,36.02,772.0,SUPN
2023-05-11 11:32:00,36.03,36.03,36.03,36.03,396.0,SUPN
2023-05-11 11:31:00,36.01,36.01,36.01,36.01,346.0,SUPN
2023-05-11 11:29:00,35.99,35.99,35.99,35.99,186.0,SUPN
2023-05-11 11:27:00,35.98,35.98,35.95,35.965,1923.0,SUPN
2023-05-11 11:24:00,36.02,36.02,36.02,36.02,213.0,SUPN
2023-05-11 11:23:00,36.03,36.03,36.03,36.03,594.0,SUPN
2023-05-11 11:22:00,36.01,36.01,36.0,36.0,794.0,SUPN
2023-05-11 11:21:00,35.99,36.02,35.99,36.02,992.0,SUPN
2023-05-11 11:19:00,35.915,35.915,35.915,35.915,333.0,SUPN
2023-05-11 11:17:00,35.82,35.86,35.82,35.86,1471.0,SUPN
2023-05-11 11:16:00,35.83,35.83,35.82,35.82,612.0,SUPN
2023-05-11 11:15:00,35.83,35.85,35.83,35.83,1939.0,SUPN
2023-05-11 11:14:00,35.86,35.86,35.82,35.82,1171.0,SUPN
2023-05-11 11:13:00,35.88,35.88,35.88,35.88,426.0,SUPN
2023-05-11 11:12:00,35.9,35.9,35.86,35.88,3530.0,SUPN
2023-05-11 11:11:00,35.92,35.92,35.92,35.92,303.0,SUPN
2023-05-11 11:10:00,35.96,35.96,35.93,35.93,714.0,SUPN
2023-05-11 11:07:00,35.99,36.0,35.98,35.98,1293.0,SUPN
2023-05-11 11:06:00,36.02,36.02,35.99,35.99,1929.0,SUPN
2023-05-11 11:04:00,36.03,36.03,36.02,36.02,216.0,SUPN
2023-05-11 11:03:00,35.96,36.0,35.96,36.0,1460.0,SUPN
2023-05-11 11:02:00,35.955,35.955,35.94,35.95,1513.0,SUPN
2023-05-11 11:01:00,35.97,35.99,35.97,35.9815,1137.0,SUPN
2023-05-11 10:58:00,35.97,35.98,35.96,35.96,1175.0,SUPN
2023-05-11 10:56:00,36.02,36.02,35.955,35.955,1484.0,SUPN
2023-05-11 10:53:00,36.04,36.05,36.02,36.02,1405.0,SUPN
2023-05-11 10:51:00,36.03,36.03,36.03,36.03,367.0,SUPN
2023-05-11 10:50:00,35.94,36.02,35.94,36.02,2466.0,SUPN
2023-05-11 10:49:00,35.99,35.99,35.965,35.97,1041.0,SUPN
2023-05-11 10:48:00,35.99,35.99,35.95,35.95,825.0,SUPN
2023-05-11 10:47:00,36.02,36.04,36.0,36.04,1782.0,SUPN
2023-05-11 10:46:00,36.045,36.07,36.045,36.045,1530.0,SUPN
2023-05-11 10:43:00,36.07,36.07,36.03,36.04,559.0,SUPN
2023-05-11 10:42:00,36.05,36.07,36.04,36.04,1115.0,SUPN
2023-05-11 10:41:00,36.115,36.13,36.08,36.08,1563.0,SUPN
2023-05-11 10:40:00,36.19,36.19,36.15,36.16,771.0,SUPN
2023-05-11 10:39:00,36.24,36.24,36.24,36.24,280.0,SUPN
2023-05-11 10:38:00,36.31,36.31,36.25,36.25,754.0,SUPN
2023-05-11 10:37:00,36.321,36.321,36.32,36.32,617.0,SUPN
2023-05-11 10:36:00,36.3,36.34,36.27,36.32,7170.0,SUPN
2023-05-11 10:35:00,36.2635,36.34,36.2635,36.33,2584.0,SUPN
2023-05-11 10:33:00,36.27,36.27,36.25,36.25,1417.0,SUPN
2023-05-11 10:29:00,36.44,36.44,36.24,36.24,1213.0,SUPN
2023-05-11 10:28:00,36.43,36.51,36.43,36.44,1164.0,SUPN
2023-05-11 10:26:00,36.38,36.39,36.38,36.39,820.0,SUPN
2023-05-11 10:24:00,36.41,36.41,36.34,36.34,871.0,SUPN
2023-05-11 10:23:00,36.34,36.36,36.315,36.36,1714.0,SUPN
2023-05-11 10:22:00,36.37,36.425,36.31,36.32,3028.0,SUPN
2023-05-11 10:21:00,36.58,36.58,36.38,36.42,3034.0,SUPN
2023-05-11 10:20:00,36.64,36.65,36.61,36.61,2704.0,SUPN
2023-05-11 10:19:00,36.67,36.67,36.67,36.67,103.0,SUPN
2023-05-11 10:17:00,36.73,36.73,36.685,36.685,455.0,SUPN
2023-05-11 10:16:00,36.67,36.67,36.61,36.61,340.0,SUPN
2023-05-11 10:15:00,36.68,36.68,36.68,36.68,231.0,SUPN
2023-05-11 10:14:00,36.6759,36.6759,36.6759,36.6759,101.0,SUPN
2023-05-11 10:13:00,36.66,36.66,36.62,36.62,2392.0,SUPN
2023-05-11 10:10:00,36.715,36.715,36.66,36.66,257.0,SUPN
2023-05-11 10:06:00,36.715,36.715,36.715,36.715,391.0,SUPN
2023-05-11 10:05:00,36.67,36.69,36.67,36.69,873.0,SUPN
2023-05-11 10:04:00,36.66,36.68,36.655,36.67,1572.0,SUPN
2023-05-11 10:03:00,36.67,36.685,36.67,36.685,566.0,SUPN
2023-05-11 10:02:00,36.785,36.785,36.67,36.67,1741.0,SUPN
2023-05-11 10:00:00,36.755,36.8,36.74,36.77,1339.0,SUPN
2023-05-11 09:59:00,36.79,36.8,36.77,36.77,1233.0,SUPN
2023-05-11 09:57:00,37.08,37.08,36.79,36.79,1885.0,SUPN
2023-05-11 09:56:00,37.08,37.08,36.97,37.08,416.0,SUPN
2023-05-11 09:54:00,36.955,36.955,36.955,36.955,113.0,SUPN
2023-05-11 09:52:00,36.925,37.08,36.925,37.08,764.0,SUPN
2023-05-11 09:43:00,36.85,36.85,36.85,36.85,133.0,SUPN
2023-05-11 09:40:00,36.7,36.73,36.7,36.73,252.0,SUPN
2023-05-11 09:38:00,36.87,36.87,36.86,36.86,700.0,SUPN
2023-05-11 09:36:00,36.65,36.77,36.585,36.77,457.0,SUPN
2023-05-11 09:34:00,36.79,36.79,36.79,36.79,116.0,SUPN
2023-05-11 09:32:00,36.72,36.72,36.66,36.66,421.0,SUPN
2023-05-11 09:31:00,36.6,37.42,36.6,37.42,4568.0,SUPN
2023-05-10 16:01:00,36.72,36.72,36.72,36.72,34263.0,SUPN
2023-05-10 16:00:00,36.68,36.73,36.68,36.71,29418.0,SUPN
2023-05-10 15:59:00,36.67,36.68,36.65,36.67,12662.0,SUPN
2023-05-10 15:58:00,36.66,36.675,36.62,36.66,10566.0,SUPN
2023-05-10 15:57:00,36.65,36.69,36.631,36.68,13175.0,SUPN
2023-05-10 15:56:00,36.65,36.7,36.63,36.65,13177.0,SUPN
2023-05-10 15:55:00,36.48,36.635,36.47,36.635,17697.0,SUPN
2023-05-10 15:54:00,36.47,36.52,36.45,36.47,6722.0,SUPN
2023-05-10 15:53:00,36.55,36.58,36.48,36.48,6805.0,SUPN
2023-05-10 15:52:00,36.585,36.59,36.53,36.53,3901.0,SUPN
2023-05-10 15:51:00,36.59,36.62,36.56,36.56,4812.0,SUPN
2023-05-10 15:50:00,36.66,36.67,36.6,36.6,4377.0,SUPN
2023-05-10 15:49:00,36.62,36.68,36.62,36.66,6218.0,SUPN
2023-05-10 15:48:00,36.63,36.64,36.6,36.625,3947.0,SUPN
2023-05-10 15:47:00,36.69,36.69,36.63,36.63,5411.0,SUPN
2023-05-10 15:46:00,36.77,36.78,36.67,36.68,7827.0,SUPN
2023-05-10 15:45:00,36.77,36.84,36.77,36.77,4505.0,SUPN
2023-05-10 15:44:00,36.77,36.775,36.73,36.76,5401.0,SUPN
2023-05-10 15:43:00,36.795,36.795,36.73,36.78,3912.0,SUPN
2023-05-10 15:42:00,36.831,36.84,36.79,36.79,3240.0,SUPN
2023-05-10 15:41:00,36.83,36.87,36.81,36.83,2630.0,SUPN
2023-05-10 15:40:00,36.77,36.81,36.77,36.79,3939.0,SUPN
2023-05-10 15:39:00,36.72,36.791,36.71,36.77,5886.0,SUPN
2023-05-10 15:38:00,36.72,36.73,36.71,36.73,1257.0,SUPN
2023-05-10 15:37:00,36.71,36.72,36.701,36.715,1464.0,SUPN
2023-05-10 15:36:00,36.725,36.725,36.7,36.72,2579.0,SUPN
2023-05-10 15:35:00,36.7,36.76,36.69,36.71,5047.0,SUPN
2023-05-10 15:34:00,36.75,36.76,36.68,36.68,2683.0,SUPN
2023-05-10 15:33:00,36.71,36.74,36.6909,36.72,3705.0,SUPN
2023-05-10 15:32:00,36.71,36.725,36.69,36.71,5431.0,SUPN
2023-05-10 15:31:00,36.7,36.74,36.69,36.69,4195.0,SUPN
2023-05-10 15:30:00,36.76,36.77,36.735,36.735,2124.0,SUPN
2023-05-10 15:29:00,36.795,36.795,36.721,36.765,2539.0,SUPN
2023-05-10 15:28:00,36.7,36.79,36.7,36.78,2493.0,SUPN
2023-05-10 15:27:00,36.73,36.8,36.69,36.77,5133.0,SUPN
2023-05-10 15:26:00,36.815,36.835,36.77,36.77,3006.0,SUPN
2023-05-10 15:25:00,36.84,36.84,36.79,36.79,1853.0,SUPN
2023-05-10 15:24:00,36.88,36.88,36.84,36.84,2228.0,SUPN
2023-05-10 15:23:00,36.83,36.895,36.83,36.895,1004.0,SUPN
2023-05-10 15:22:00,36.8,36.83,36.8,36.83,481.0,SUPN
2023-05-10 15:21:00,36.8,36.8,36.79,36.79,633.0,SUPN
2023-05-10 15:20:00,36.75,36.78,36.75,36.753,3533.0,SUPN
2023-05-10 15:19:00,36.69,36.72,36.69,36.69,520.0,SUPN
2023-05-10 15:18:00,36.7,36.73,36.66,36.69,3396.0,SUPN
2023-05-10 15:17:00,36.75,36.79,36.7,36.7,1693.0,SUPN
2023-05-10 15:16:00,36.75,36.75,36.7235,36.75,1699.0,SUPN
2023-05-10 15:15:00,36.81,36.81,36.73,36.73,1869.0,SUPN
2023-05-10 15:14:00,36.78,36.8,36.76,36.77,1557.0,SUPN
2023-05-10 15:13:00,36.86,36.87,36.78,36.78,2772.0,SUPN
2023-05-10 15:12:00,36.89,36.89,36.86,36.86,1942.0,SUPN
2023-05-10 15:11:00,36.91,36.91,36.86,36.88,1455.0,SUPN
2023-05-10 15:10:00,36.88,36.88,36.85,36.88,529.0,SUPN
2023-05-10 15:09:00,36.87,36.88,36.85,36.88,2001.0,SUPN
2023-05-10 15:08:00,36.86,36.86,36.85,36.86,895.0,SUPN
2023-05-10 15:07:00,36.95,36.95,36.86,36.86,3010.0,SUPN
2023-05-10 15:06:00,36.97,36.97,36.97,36.97,152.0,SUPN
2023-05-10 15:05:00,36.93,36.97,36.93,36.95,2606.0,SUPN
2023-05-10 15:04:00,36.9,36.9,36.87,36.87,526.0,SUPN
2023-05-10 15:03:00,36.86,36.9,36.86,36.9,1667.0,SUPN
2023-05-10 15:01:00,36.86,36.88,36.86,36.87,1373.0,SUPN
2023-05-10 15:00:00,36.97,36.97,36.87,36.87,3326.0,SUPN
2023-05-10 14:59:00,36.93,36.985,36.93,36.985,622.0,SUPN
2023-05-10 14:58:00,36.92,37.0,36.92,36.97,567.0,SUPN
2023-05-10 14:57:00,36.9,36.9,36.9,36.9,305.0,SUPN
2023-05-10 14:56:00,36.93,36.97,36.89,36.9,3189.0,SUPN
2023-05-10 14:55:00,36.905,36.95,36.88,36.95,943.0,SUPN
2023-05-10 14:51:00,36.8525,36.8525,36.8525,36.8525,450.0,SUPN
2023-05-10 14:50:00,36.81,36.81,36.81,36.81,1216.0,SUPN
2023-05-10 14:49:00,36.77,36.8,36.77,36.79,1478.0,SUPN
2023-05-10 14:48:00,36.79,36.79,36.77,36.77,897.0,SUPN
2023-05-10 14:47:00,36.815,36.815,36.79,36.79,206.0,SUPN
2023-05-10 14:46:00,36.8324,36.8324,36.79,36.79,2220.0,SUPN
2023-05-10 14:45:00,36.83,36.83,36.83,36.83,258.0,SUPN
2023-05-10 14:44:00,36.83,36.83,36.83,36.83,133.0,SUPN
2023-05-10 14:43:00,36.805,36.83,36.78,36.83,3206.0,SUPN
2023-05-10 14:42:00,36.81,36.82,36.8,36.8,1002.0,SUPN
2023-05-10 14:41:00,36.76,36.8,36.76,36.8,470.0,SUPN
2023-05-10 14:40:00,36.77,36.77,36.76,36.76,380.0,SUPN
2023-05-10 14:39:00,36.78,36.79,36.77,36.78,1579.0,SUPN
2023-05-10 14:38:00,36.75,36.77,36.75,36.76,535.0,SUPN
2023-05-10 14:36:00,36.75,36.75,36.75,36.75,911.0,SUPN
2023-05-10 14:35:00,36.78,36.78,36.78,36.78,484.0,SUPN
2023-05-10 14:34:00,36.77,36.77,36.74,36.74,1129.0,SUPN
2023-05-10 14:33:00,36.75,36.77,36.73,36.73,1048.0,SUPN
2023-05-10 14:32:00,36.77,36.77,36.74,36.74,940.0,SUPN
2023-05-10 14:31:00,36.73,36.75,36.725,36.75,1560.0,SUPN
2023-05-10 14:30:00,36.74,36.74,36.7335,36.74,882.0,SUPN
2023-05-10 14:29:00,36.69,36.74,36.69,36.74,1387.0,SUPN
2023-05-10 14:28:00,36.69,36.69,36.69,36.69,125.0,SUPN
2023-05-10 14:27:00,36.69,36.73,36.69,36.71,2721.0,SUPN
2023-05-10 14:26:00,36.7309,36.74,36.69,36.69,2754.0,SUPN
2023-05-10 14:25:00,36.76,36.76,36.73,36.74,1983.0,SUPN
2023-05-10 14:24:00,36.79,36.79,36.79,36.79,119.0,SUPN
2023-05-10 14:23:00,36.75,36.76,36.75,36.76,608.0,SUPN
2023-05-10 14:22:00,36.75,36.78,36.75,36.76,3644.0,SUPN
2023-05-10 14:20:00,36.79,36.79,36.74,36.74,2540.0,SUPN
2023-05-10 14:19:00,36.81,36.813,36.8,36.8,834.0,SUPN
2023-05-10 14:17:00,36.835,36.835,36.835,36.835,100.0,SUPN
2023-05-10 14:16:00,36.75,36.81,36.75,36.81,1531.0,SUPN
2023-05-10 14:15:00,36.81,36.81,36.72,36.73,3653.0,SUPN
2023-05-10 14:14:00,36.83,36.83,36.83,36.83,178.0,SUPN
2023-05-10 14:13:00,36.8,36.8,36.79,36.79,810.0,SUPN
2023-05-10 14:12:00,36.68,36.76,36.68,36.73,1481.0,SUPN
2023-05-10 14:11:00,36.66,36.66,36.65,36.66,1282.0,SUPN
2023-05-10 14:10:00,36.61,36.685,36.6,36.67,3743.0,SUPN
2023-05-10 14:09:00,36.61,36.61,36.61,36.61,150.0,SUPN
2023-05-10 14:08:00,36.63,36.67,36.61,36.61,1419.0,SUPN
2023-05-10 14:07:00,36.67,36.71,36.64,36.64,2586.0,SUPN
2023-05-10 14:06:00,36.65,36.68,36.64,36.67,1012.0,SUPN
2023-05-10 14:05:00,36.62,36.675,36.62,36.66,1909.0,SUPN
2023-05-10 14:04:00,36.6,36.6,36.58,36.58,904.0,SUPN
2023-05-10 14:03:00,36.56,36.59,36.56,36.59,223.0,SUPN
2023-05-10 14:00:00,36.58,36.6,36.54,36.58,2785.0,SUPN
2023-05-10 13:59:00,36.59,36.61,36.59,36.61,350.0,SUPN
2023-05-10 13:58:00,36.615,36.615,36.615,36.615,220.0,SUPN
2023-05-10 13:57:00,36.63,36.63,36.54,36.58,1349.0,SUPN
2023-05-10 13:56:00,36.695,36.695,36.67,36.67,1083.0,SUPN
2023-05-10 13:55:00,36.67,36.72,36.67,36.67,300.0,SUPN
2023-05-10 13:54:00,36.6,36.72,36.6,36.6701,3297.0,SUPN
2023-05-10 13:53:00,36.58,36.58,36.58,36.58,640.0,SUPN
2023-05-10 13:52:00,36.62,36.64,36.56,36.57,2173.0,SUPN
2023-05-10 13:51:00,36.625,36.66,36.625,36.63,2660.0,SUPN
2023-05-10 13:49:00,36.625,36.625,36.625,36.625,208.0,SUPN
2023-05-10 13:47:00,36.64,36.64,36.603,36.625,1868.0,SUPN
2023-05-10 13:46:00,36.75,36.75,36.64,36.64,2614.0,SUPN
2023-05-10 13:44:00,36.7,36.765,36.7,36.765,1599.0,SUPN
2023-05-10 13:43:00,36.75,36.75,36.69,36.69,1186.0,SUPN
2023-05-10 13:42:00,36.68,36.68,36.68,36.68,302.0,SUPN
2023-05-10 13:40:00,36.68,36.68,36.68,36.68,452.0,SUPN
2023-05-10 13:39:00,36.62,36.665,36.62,36.665,600.0,SUPN
2023-05-10 13:38:00,36.81,36.81,36.62,36.6345,5038.0,SUPN
2023-05-10 13:37:00,36.815,36.835,36.815,36.835,438.0,SUPN
2023-05-10 13:36:00,36.8,36.8,36.8,36.8,100.0,SUPN
2023-05-10 13:35:00,36.8,36.805,36.77,36.805,579.0,SUPN
2023-05-10 13:34:00,36.8,36.8,36.8,36.8,386.0,SUPN
2023-05-10 13:33:00,36.66,36.7,36.66,36.7,382.0,SUPN
2023-05-10 13:32:00,36.64,36.7,36.63,36.65,775.0,SUPN
2023-05-10 13:31:00,36.595,36.595,36.55,36.56,388.0,SUPN
2023-05-10 13:27:00,36.59,36.59,36.53,36.53,794.0,SUPN
2023-05-10 13:26:00,36.55,36.56,36.52,36.52,871.0,SUPN
2023-05-10 13:25:00,36.5945,36.5945,36.52,36.52,2057.0,SUPN
2023-05-10 13:24:00,36.63,36.63,36.58,36.58,322.0,SUPN
2023-05-10 13:23:00,36.64,36.64,36.58,36.63,1119.0,SUPN
2023-05-10 13:22:00,36.56,36.6,36.56,36.6,1720.0,SUPN
2023-05-10 13:21:00,36.49,36.555,36.48,36.5375,3039.0,SUPN
2023-05-10 13:19:00,36.52,36.52,36.52,36.52,471.0,SUPN
2023-05-10 13:18:00,36.54,36.54,36.54,36.54,202.0,SUPN
2023-05-10 13:17:00,36.51,36.56,36.51,36.53,1057.0,SUPN
2023-05-10 13:16:00,36.46,36.54,36.46,36.5,1750.0,SUPN
2023-05-10 13:15:00,36.41,36.42,36.38,36.38,597.0,SUPN
2023-05-10 13:13:00,36.44,36.45,36.4,36.44,1149.0,SUPN
2023-05-10 13:12:00,36.42,36.42,36.36,36.38,1355.0,SUPN
2023-05-10 13:11:00,36.405,36.42,36.3855,36.42,1294.0,SUPN
2023-05-10 13:10:00,36.38,36.39,36.37,36.37,993.0,SUPN
2023-05-10 13:09:00,36.35,36.38,36.3,36.38,682.0,SUPN
2023-05-10 13:08:00,36.285,36.29,36.27,36.28,2120.0,SUPN
2023-05-10 13:07:00,36.33,36.33,36.32,36.32,357.0,SUPN
2023-05-10 13:06:00,36.4,36.4,36.27,36.27,3283.0,SUPN
2023-05-10 13:05:00,36.415,36.415,36.38,36.4,503.0,SUPN
2023-05-10 13:04:00,36.41,36.41,36.41,36.41,107.0,SUPN
2023-05-10 13:03:00,36.41,36.41,36.41,36.41,277.0,SUPN
2023-05-10 13:02:00,36.35,36.36,36.35,36.36,350.0,SUPN
2023-05-10 13:01:00,36.41,36.42,36.4,36.4025,781.0,SUPN
2023-05-10 13:00:00,36.32,36.39,36.294,36.39,2533.0,SUPN
2023-05-10 12:59:00,36.3,36.3,36.29,36.29,1246.0,SUPN
2023-05-10 12:57:00,36.36,36.37,36.33,36.33,856.0,SUPN
2023-05-10 12:56:00,36.33,36.33,36.3015,36.325,962.0,SUPN
2023-05-10 12:55:00,36.34,36.34,36.29,36.3,1109.0,SUPN
2023-05-10 12:54:00,36.375,36.375,36.375,36.375,236.0,SUPN
2023-05-10 12:52:00,36.39,36.41,36.34,36.34,1327.0,SUPN
2023-05-10 12:51:00,36.36,36.41,36.335,36.35,3588.0,SUPN
2023-05-10 12:50:00,36.24,36.24,36.21,36.21,405.0,SUPN
2023-05-10 12:49:00,36.27,36.27,36.24,36.24,711.0,SUPN
2023-05-10 12:48:00,36.23,36.23,36.23,36.23,371.0,SUPN
2023-05-10 12:47:00,36.24,36.26,36.19,36.23,1794.0,SUPN
2023-05-10 12:45:00,36.29,36.29,36.24,36.24,207.0,SUPN
2023-05-10 12:44:00,36.22,36.255,36.19,36.23,2047.0,SUPN
2023-05-10 12:43:00,36.195,36.23,36.19,36.19,656.0,SUPN
2023-05-10 12:42:00,36.17,36.18,36.14,36.18,556.0,SUPN
2023-05-10 12:41:00,36.06,36.13,36.06,36.13,587.0,SUPN
2023-05-10 12:40:00,36.11,36.13,36.04,36.13,1553.0,SUPN
2023-05-10 12:39:00,36.095,36.19,36.04,36.09,2101.0,SUPN
2023-05-10 12:38:00,36.03,36.03,36.03,36.03,215.0,SUPN
2023-05-10 12:36:00,36.18,36.18,36.05,36.05,1357.0,SUPN
2023-05-10 12:35:00,36.21,36.21,36.16,36.2,1683.0,SUPN
2023-05-10 12:33:00,36.24,36.24,36.19,36.19,1255.0,SUPN
2023-05-10 12:31:00,36.13,36.21,36.09,36.17,1781.0,SUPN
2023-05-10 12:30:00,36.07,36.1,36.03,36.1,1135.0,SUPN
2023-05-10 12:29:00,36.08,36.08,36.03,36.04,1493.0,SUPN
2023-05-10 12:28:00,36.06,36.06,36.05,36.05,621.0,SUPN
2023-05-10 12:27:00,36.08,36.11,36.0655,36.073,1488.0,SUPN
2023-05-10 12:26:00,36.0325,36.07,36.03,36.03,543.0,SUPN
2023-05-10 12:25:00,36.01,36.075,35.98,36.05,3312.0,SUPN
2023-05-10 12:24:00,35.975,35.98,35.95,35.97,1449.0,SUPN
2023-05-10 12:23:00,35.98,35.99,35.94,35.94,1261.0,SUPN
2023-05-10 12:22:00,35.97,35.97,35.93,35.93,203.0,SUPN
2023-05-10 12:21:00,36.03,36.03,35.965,35.965,1097.0,SUPN
2023-05-10 12:20:00,36.0999,36.0999,35.9955,36.045,1110.0,SUPN
2023-05-10 12:19:00,35.98,36.0932,35.98,36.04,3942.0,SUPN
2023-05-10 12:18:00,35.845,36.01,35.845,35.99,3110.0,SUPN
2023-05-10 12:17:00,35.82,35.82,35.8,35.8,433.0,SUPN
2023-05-10 12:16:00,35.84,35.86,35.8,35.8,2795.0,SUPN
2023-05-10 12:15:00,35.89,35.9,35.8615,35.8615,713.0,SUPN
2023-05-10 12:14:00,35.955,35.955,35.9,35.9015,2016.0,SUPN
2023-05-10 12:13:00,35.88,35.95,35.88,35.93,1401.0,SUPN
2023-05-10 12:11:00,35.82,35.82,35.82,35.82,731.0,SUPN
2023-05-10 12:10:00,35.73,35.79,35.73,35.77,1761.0,SUPN
2023-05-10 12:09:00,35.7,35.71,35.67,35.71,2325.0,SUPN
2023-05-10 12:08:00,35.705,35.705,35.682,35.7,679.0,SUPN
2023-05-10 12:07:00,35.69,35.69,35.64,35.67,1381.0,SUPN
2023-05-10 12:06:00,35.68,35.68,35.68,35.68,190.0,SUPN
2023-05-10 12:05:00,35.68,35.68,35.68,35.68,107.0,SUPN
2023-05-10 12:04:00,35.73,35.74,35.68,35.68,1855.0,SUPN
2023-05-10 12:03:00,35.66,35.78,35.66,35.78,4146.0,SUPN
2023-05-10 12:02:00,35.65,35.68,35.65,35.653,1188.0,SUPN
2023-05-10 12:01:00,35.67,35.67,35.62,35.65,1481.0,SUPN
2023-05-10 12:00:00,35.672,35.672,35.61,35.64,1398.0,SUPN
2023-05-10 11:59:00,35.69,35.69,35.665,35.685,583.0,SUPN
2023-05-10 11:58:00,35.61,35.66,35.58,35.66,1164.0,SUPN
2023-05-10 11:57:00,35.63,35.67,35.59,35.59,3204.0,SUPN
2023-05-10 11:56:00,35.61,35.655,35.61,35.613,1256.0,SUPN
2023-05-10 11:55:00,35.6438,35.655,35.62,35.62,864.0,SUPN
2023-05-10 11:54:00,35.61,35.7,35.61,35.61,5530.0,SUPN
2023-05-10 11:53:00,35.53,35.555,35.53,35.555,1474.0,SUPN
2023-05-10 11:52:00,35.615,35.615,35.55,35.55,2534.0,SUPN
2023-05-10 11:51:00,35.58,35.58,35.58,35.58,268.0,SUPN
2023-05-10 11:50:00,35.64,35.64,35.56,35.56,1265.0,SUPN
2023-05-10 11:49:00,35.655,35.655,35.6415,35.6415,681.0,SUPN
2023-05-10 11:48:00,35.63,35.63,35.6,35.61,692.0,SUPN
2023-05-10 11:47:00,35.69,35.69,35.6,35.665,2778.0,SUPN
2023-05-10 11:46:00,35.8,35.8,35.69,35.69,2612.0,SUPN
2023-05-10 11:45:00,35.84,35.88,35.8,35.82,2061.0,SUPN
2023-05-10 11:44:00,35.745,35.84,35.745,35.84,2854.0,SUPN
2023-05-10 11:43:00,35.69,35.76,35.69,35.74,4342.0,SUPN
2023-05-10 11:40:00,35.68,35.74,35.645,35.7,2321.0,SUPN
2023-05-10 11:39:00,35.65,35.655,35.65,35.655,598.0,SUPN
2023-05-10 11:37:00,35.705,35.75,35.68,35.68,721.0,SUPN
2023-05-10 11:36:00,35.69,35.72,35.65,35.72,2648.0,SUPN
2023-05-10 11:35:00,35.7,35.7,35.7,35.7,545.0,SUPN
2023-05-10 11:34:00,35.67,35.74,35.67,35.69,2146.0,SUPN
2023-05-10 11:33:00,35.65,35.68,35.6101,35.6101,945.0,SUPN
2023-05-10 11:32:00,35.705,35.705,35.705,35.705,122.0,SUPN
2023-05-10 11:31:00,35.835,35.835,35.745,35.745,1371.0,SUPN
2023-05-10 11:30:00,35.835,35.835,35.835,35.835,270.0,SUPN
2023-05-10 11:29:00,35.86,35.89,35.86,35.86,1734.0,SUPN
2023-05-10 11:28:00,35.84,35.84,35.84,35.84,117.0,SUPN
2023-05-10 11:27:00,35.89,35.895,35.875,35.875,675.0,SUPN
2023-05-10 11:25:00,36.0,36.0,35.935,35.935,3931.0,SUPN
2023-05-10 11:24:00,35.98,35.995,35.97,35.98,1489.0,SUPN
2023-05-10 11:23:00,35.96,35.96,35.96,35.96,111.0,SUPN
2023-05-10 11:22:00,36.01,36.02,35.965,35.965,2752.0,SUPN
2023-05-10 11:21:00,36.04,36.08,35.99,35.99,5203.0,SUPN
2023-05-10 11:20:00,35.96,36.05,35.96,36.05,1053.0,SUPN
2023-05-10 11:19:00,36.0,36.07,35.97,35.97,1380.0,SUPN
2023-05-10 11:18:00,36.0,36.0,36.0,36.0,105.0,SUPN
2023-05-10 11:17:00,36.035,36.035,36.035,36.035,101.0,SUPN
2023-05-10 11:16:00,35.96,36.01,35.96,36.01,455.0,SUPN
2023-05-10 11:15:00,36.05,36.05,35.95,35.968,3047.0,SUPN
2023-05-10 11:14:00,36.0,36.04,36.0,36.04,1341.0,SUPN
2023-05-10 11:13:00,35.96,35.96,35.945,35.945,1645.0,SUPN
2023-05-10 11:12:00,35.96,35.96,35.96,35.96,323.0,SUPN
2023-05-10 11:11:00,36.02,36.02,36.02,36.02,318.0,SUPN
2023-05-10 11:10:00,35.96,35.96,35.96,35.96,192.0,SUPN
2023-05-10 11:07:00,35.98,36.04,35.95,36.015,3664.0,SUPN
2023-05-10 11:06:00,36.02,36.02,35.98,36.01,620.0,SUPN
2023-05-10 11:05:00,36.03,36.07,36.03,36.07,696.0,SUPN
2023-05-10 11:04:00,36.12,36.12,36.12,36.12,1005.0,SUPN
2023-05-10 11:03:00,36.18,36.18,36.18,36.18,103.0,SUPN
2023-05-10 11:02:00,36.175,36.175,36.175,36.175,202.0,SUPN
2023-05-10 11:01:00,36.17,36.17,36.17,36.17,157.0,SUPN
2023-05-10 11:00:00,36.21,36.22,36.17,36.22,2140.0,SUPN
2023-05-10 10:59:00,36.11,36.14,36.105,36.14,1093.0,SUPN
2023-05-10 10:57:00,36.07,36.16,36.07,36.16,2922.0,SUPN
2023-05-10 10:56:00,36.09,36.09,36.09,36.09,848.0,SUPN
2023-05-10 10:55:00,36.04,36.09,36.04,36.065,544.0,SUPN
2023-05-10 10:54:00,36.2,36.2,36.13,36.13,937.0,SUPN
2023-05-10 10:53:00,36.19,36.19,36.17,36.18,452.0,SUPN
2023-05-10 10:52:00,36.25,36.25,36.185,36.21,1715.0,SUPN
2023-05-10 10:51:00,36.28,36.28,36.23,36.25,1664.0,SUPN
2023-05-10 10:49:00,36.22,36.31,36.22,36.28,682.0,SUPN
2023-05-10 10:48:00,36.21,36.28,36.2,36.2,2986.0,SUPN
2023-05-10 10:47:00,36.08,36.15,36.08,36.15,1409.0,SUPN
2023-05-10 10:46:00,36.17,36.17,36.122,36.122,1642.0,SUPN
2023-05-10 10:44:00,36.325,36.325,36.18,36.18,1275.0,SUPN
2023-05-10 10:42:00,36.31,36.34,36.25,36.25,938.0,SUPN
2023-05-10 10:39:00,36.38,36.38,36.34,36.34,1044.0,SUPN
2023-05-10 10:38:00,36.28,36.38,36.28,36.38,1466.0,SUPN
2023-05-10 10:37:00,36.4,36.41,36.3,36.3,1620.0,SUPN
2023-05-10 10:36:00,36.61,36.61,36.41,36.41,2070.0,SUPN
2023-05-10 10:35:00,36.61,36.61,36.61,36.61,115.0,SUPN
2023-05-10 10:34:00,36.6184,36.6184,36.6184,36.6184,420.0,SUPN
2023-05-10 10:33:00,36.53,36.605,36.5,36.5,1761.0,SUPN
2023-05-10 10:32:00,36.405,36.545,36.405,36.52,400.0,SUPN
2023-05-10 10:31:00,36.39,36.39,36.39,36.39,304.0,SUPN
2023-05-10 10:30:00,36.4,36.4,36.33,36.33,845.0,SUPN
2023-05-10 10:28:00,36.24,36.38,36.24,36.38,2729.0,SUPN
2023-05-10 10:27:00,36.21,36.27,36.21,36.27,209.0,SUPN
2023-05-10 10:25:00,36.21,36.21,36.21,36.21,136.0,SUPN
2023-05-10 10:24:00,36.3,36.3,36.27,36.27,398.0,SUPN
2023-05-10 10:23:00,36.42,36.42,36.345,36.345,409.0,SUPN
2023-05-10 10:22:00,36.5,36.5,36.415,36.415,1364.0,SUPN
2023-05-10 10:21:00,36.54,36.58,36.5,36.505,1449.0,SUPN
2023-05-10 10:20:00,36.47,36.47,36.44,36.44,544.0,SUPN
2023-05-10 10:19:00,36.58,36.58,36.55,36.55,622.0,SUPN
2023-05-10 10:17:00,36.57,36.6,36.53,36.6,2050.0,SUPN
2023-05-10 10:16:00,36.5984,36.68,36.575,36.575,3901.0,SUPN
2023-05-10 10:15:00,36.65,36.65,36.58,36.58,4175.0,SUPN
2023-05-10 10:13:00,36.67,36.67,36.67,36.67,141.0,SUPN
2023-05-10 10:12:00,36.8,36.8,36.78,36.8,4141.0,SUPN
2023-05-10 10:10:00,36.76,36.76,36.76,36.76,252.0,SUPN
2023-05-10 10:09:00,36.46,36.46,36.46,36.46,422.0,SUPN
2023-05-10 10:08:00,36.615,36.76,36.615,36.76,429.0,SUPN
2023-05-10 10:07:00,36.615,36.615,36.615,36.615,208.0,SUPN
2023-05-10 10:06:00,36.615,36.615,36.615,36.615,242.0,SUPN
2023-05-10 10:05:00,36.87,36.88,36.59,36.7,4866.0,SUPN
2023-05-10 10:04:00,37.25,37.27,36.88,36.88,2245.0,SUPN
2023-05-10 10:01:00,37.31,37.43,37.31,37.43,478.0,SUPN
2023-05-10 09:58:00,37.47,37.47,37.32,37.32,392.0,SUPN
2023-05-10 09:56:00,38.075,38.075,37.47,37.53,2812.0,SUPN
2023-05-10 09:55:00,37.8614,38.075,37.8614,38.075,993.0,SUPN
2023-05-10 09:54:00,37.995,37.995,37.995,37.995,812.0,SUPN
2023-05-10 09:53:00,37.925,37.925,37.925,37.925,123.0,SUPN
2023-05-10 09:52:00,37.89,37.89,37.89,37.89,429.0,SUPN
2023-05-10 09:50:00,38.05,38.05,38.05,38.05,213.0,SUPN
2023-05-10 09:49:00,37.965,37.965,37.965,37.965,211.0,SUPN
2023-05-10 09:48:00,37.68,37.75,37.68,37.74,2031.0,SUPN
2023-05-10 09:47:00,37.02,37.4,37.02,37.3,2312.0,SUPN
2023-05-10 09:46:00,37.045,37.045,37.045,37.045,846.0,SUPN
2023-05-10 09:45:00,37.03,37.36,36.795,36.795,9294.0,SUPN
2023-05-10 09:44:00,37.035,37.26,37.02,37.035,1197.0,SUPN
2023-05-10 09:43:00,36.75,36.7575,36.39,36.74,2629.0,SUPN
2023-05-10 09:42:00,37.21,37.44,36.735,36.755,16739.0,SUPN
2023-05-10 09:41:00,37.425,37.7,37.21,37.21,16653.0,SUPN
2023-05-10 09:40:00,37.41,37.71,37.41,37.7,2903.0,SUPN
2023-05-10 09:39:00,37.51,38.05,37.36,37.415,10167.0,SUPN
2023-05-10 09:38:00,37.4,37.79,37.03,37.78,6104.0,SUPN
2023-05-10 09:35:00,37.02,37.02,37.02,37.02,147.0,SUPN
2023-05-10 09:34:00,36.835,37.32,36.67,37.11,11602.0,SUPN
2023-05-10 09:33:00,36.61,36.98,36.61,36.69,3981.0,SUPN
2023-05-10 09:32:00,36.505,37.0,36.3,36.595,12344.0,SUPN
2023-05-10 09:31:00,37.0,37.0,36.495,36.495,11113.0,SUPN
2023-05-09 16:01:00,36.18,36.18,36.18,36.18,2995.0,SUPN
2023-05-09 16:00:00,36.24,36.24,36.18,36.22,10065.0,SUPN
2023-05-09 15:59:00,36.24,36.24,36.23,36.24,10515.0,SUPN
2023-05-09 15:58:00,36.26,36.26,36.2,36.22,7372.0,SUPN
2023-05-09 15:57:00,36.235,36.26,36.235,36.26,4563.0,SUPN
2023-05-09 15:56:00,36.23,36.235,36.195,36.22,9411.0,SUPN
2023-05-09 15:55:00,36.28,36.28,36.24,36.26,4896.0,SUPN
2023-05-09 15:54:00,36.27,36.27,36.262,36.27,1558.0,SUPN
2023-05-09 15:53:00,36.31,36.31,36.28,36.29,3094.0,SUPN
2023-05-09 15:52:00,36.32,36.34,36.32,36.34,1893.0,SUPN
2023-05-09 15:51:00,36.32,36.35,36.31,36.34,2607.0,SUPN
2023-05-09 15:50:00,36.33,36.34,36.33,36.33,1548.0,SUPN
2023-05-09 15:49:00,36.32,36.36,36.32,36.34,1734.0,SUPN
2023-05-09 15:48:00,36.3,36.33,36.3,36.32,4268.0,SUPN
2023-05-09 15:47:00,36.3,36.3,36.3,36.3,404.0,SUPN
2023-05-09 15:46:00,36.31,36.31,36.28,36.28,1269.0,SUPN
2023-05-09 15:45:00,36.31,36.31,36.3,36.3,2505.0,SUPN
2023-05-09 15:44:00,36.34,36.34,36.29,36.29,1857.0,SUPN
2023-05-09 15:43:00,36.41,36.41,36.345,36.345,1254.0,SUPN
2023-05-09 15:42:00,36.42,36.42,36.4,36.41,998.0,SUPN
2023-05-09 15:40:00,36.46,36.46,36.46,36.46,206.0,SUPN
2023-05-09 15:39:00,36.46,36.46,36.45,36.45,625.0,SUPN
2023-05-09 15:37:00,36.45,36.47,36.45,36.47,797.0,SUPN
2023-05-09 15:36:00,36.42,36.44,36.41,36.44,1717.0,SUPN
2023-05-09 15:35:00,36.44,36.445,36.43,36.43,1463.0,SUPN
2023-05-09 15:34:00,36.44,36.44,36.43,36.43,440.0,SUPN
2023-05-09 15:33:00,36.42,36.42,36.405,36.405,603.0,SUPN
2023-05-09 15:32:00,36.41,36.44,36.395,36.395,2211.0,SUPN
2023-05-09 15:31:00,36.405,36.43,36.39,36.42,1949.0,SUPN
2023-05-09 15:30:00,36.405,36.405,36.405,36.405,425.0,SUPN
2023-05-09 15:29:00,36.4,36.4,36.4,36.4,173.0,SUPN
2023-05-09 15:28:00,36.4,36.4,36.4,36.4,383.0,SUPN
2023-05-09 15:27:00,36.39,36.39,36.37,36.37,763.0,SUPN
2023-05-09 15:26:00,36.42,36.43,36.42,36.425,907.0,SUPN
2023-05-09 15:25:00,36.46,36.46,36.42,36.43,2364.0,SUPN
2023-05-09 15:24:00,36.485,36.485,36.485,36.485,340.0,SUPN
2023-05-09 15:23:00,36.49,36.49,36.4801,36.4801,720.0,SUPN
2023-05-09 15:22:00,36.5,36.5,36.5,36.5,528.0,SUPN
2023-05-09 15:21:00,36.51,36.51,36.51,36.51,148.0,SUPN
2023-05-09 15:20:00,36.49,36.51,36.49,36.51,869.0,SUPN
2023-05-09 15:19:00,36.49,36.52,36.49,36.5,2158.0,SUPN
2023-05-09 15:18:00,36.48,36.48,36.44,36.465,2481.0,SUPN
2023-05-09 15:16:00,36.48,36.48,36.46,36.46,812.0,SUPN
2023-05-09 15:15:00,36.49,36.49,36.485,36.485,632.0,SUPN
2023-05-09 15:14:00,36.49,36.49,36.49,36.49,467.0,SUPN
2023-05-09 15:13:00,36.51,36.52,36.49,36.49,1498.0,SUPN
2023-05-09 15:12:00,36.54,36.54,36.535,36.535,369.0,SUPN
2023-05-09 15:11:00,36.54,36.54,36.535,36.535,417.0,SUPN
2023-05-09 15:10:00,36.51,36.53,36.48,36.48,1791.0,SUPN
2023-05-09 15:09:00,36.51,36.53,36.51,36.53,556.0,SUPN
2023-05-09 15:08:00,36.5,36.51,36.48,36.51,1550.0,SUPN
2023-05-09 15:06:00,36.5,36.515,36.49,36.515,923.0,SUPN
2023-05-09 15:05:00,36.5,36.5,36.47,36.47,2558.0,SUPN
2023-05-09 15:04:00,36.5,36.5,36.49,36.49,257.0,SUPN
2023-05-09 15:03:00,36.44,36.475,36.44,36.475,1006.0,SUPN
2023-05-09 15:02:00,36.445,36.46,36.445,36.46,293.0,SUPN
2023-05-09 15:01:00,36.44,36.45,36.43,36.43,2286.0,SUPN
2023-05-09 15:00:00,36.415,36.415,36.415,36.415,200.0,SUPN
2023-05-09 14:59:00,36.48,36.48,36.4,36.4,2839.0,SUPN
2023-05-09 14:57:00,36.495,36.495,36.495,36.495,106.0,SUPN
2023-05-09 14:56:00,36.495,36.5,36.495,36.5,460.0,SUPN
2023-05-09 14:55:00,36.55,36.55,36.49,36.5,2591.0,SUPN
2023-05-09 14:54:00,36.54,36.55,36.53,36.545,1237.0,SUPN
2023-05-09 14:53:00,36.565,36.565,36.565,36.565,1000.0,SUPN
2023-05-09 14:52:00,36.57,36.57,36.57,36.57,458.0,SUPN
2023-05-09 14:51:00,36.58,36.58,36.58,36.58,180.0,SUPN
2023-05-09 14:50:00,36.54,36.56,36.53,36.55,2649.0,SUPN
2023-05-09 14:49:00,36.54,36.54,36.54,36.54,283.0,SUPN
2023-05-09 14:48:00,36.53,36.55,36.515,36.52,1599.0,SUPN
2023-05-09 14:46:00,36.54,36.55,36.54,36.55,653.0,SUPN
2023-05-09 14:45:00,36.51,36.53,36.51,36.53,907.0,SUPN
2023-05-09 14:44:00,36.48,36.495,36.48,36.485,1269.0,SUPN
2023-05-09 14:43:00,36.51,36.51,36.51,36.51,195.0,SUPN
2023-05-09 14:42:00,36.45,36.51,36.45,36.51,2103.0,SUPN
2023-05-09 14:41:00,36.5,36.5,36.485,36.485,321.0,SUPN
2023-05-09 14:40:00,36.5,36.5,36.475,36.475,303.0,SUPN
2023-05-09 14:39:00,36.47,36.48,36.45,36.48,1573.0,SUPN
2023-05-09 14:35:00,36.48,36.489,36.48,36.489,438.0,SUPN
2023-05-09 14:33:00,36.5,36.51,36.49,36.51,920.0,SUPN
2023-05-09 14:31:00,36.52,36.52,36.51,36.52,639.0,SUPN
2023-05-09 14:29:00,36.55,36.55,36.51,36.51,3576.0,SUPN
2023-05-09 14:28:00,36.52,36.54,36.52,36.54,1612.0,SUPN
2023-05-09 14:27:00,36.5,36.505,36.46,36.48,2305.0,SUPN
2023-05-09 14:23:00,36.54,36.55,36.5,36.5,1256.0,SUPN
2023-05-09 14:22:00,36.54,36.565,36.535,36.55,3228.0,SUPN
2023-05-09 14:21:00,36.51,36.525,36.51,36.525,271.0,SUPN
2023-05-09 14:20:00,36.53,36.53,36.5,36.52,993.0,SUPN
2023-05-09 14:19:00,36.51,36.53,36.51,36.52,614.0,SUPN
2023-05-09 14:18:00,36.5,36.5,36.5,36.5,206.0,SUPN
2023-05-09 14:17:00,36.47,36.49,36.47,36.49,1841.0,SUPN
2023-05-09 14:16:00,36.47,36.47,36.47,36.47,453.0,SUPN
2023-05-09 14:15:00,36.46,36.46,36.44,36.44,256.0,SUPN
2023-05-09 14:14:00,36.45,36.45,36.45,36.45,252.0,SUPN
2023-05-09 14:10:00,36.44,36.44,36.44,36.44,707.0,SUPN
2023-05-09 14:07:00,36.43,36.43,36.41,36.41,1002.0,SUPN
2023-05-09 14:06:00,36.43,36.43,36.43,36.43,365.0,SUPN
2023-05-09 14:01:00,36.43,36.43,36.38,36.43,1871.0,SUPN
2023-05-09 14:00:00,36.4,36.42,36.38,36.42,2650.0,SUPN
2023-05-09 13:59:00,36.43,36.43,36.39,36.39,1145.0,SUPN
2023-05-09 13:58:00,36.45,36.45,36.43,36.43,500.0,SUPN
2023-05-09 13:57:00,36.46,36.46,36.46,36.46,345.0,SUPN
2023-05-09 13:56:00,36.45,36.45,36.4499,36.4499,422.0,SUPN
2023-05-09 13:55:00,36.4399,36.4399,36.4399,36.4399,429.0,SUPN
2023-05-09 13:54:00,36.43,36.43,36.4,36.42,882.0,SUPN
2023-05-09 13:53:00,36.43,36.44,36.43,36.44,373.0,SUPN
2023-05-09 13:51:00,36.41,36.44,36.41,36.43,1061.0,SUPN
2023-05-09 13:50:00,36.44,36.45,36.43,36.43,1541.0,SUPN
2023-05-09 13:47:00,36.43,36.43,36.43,36.43,261.0,SUPN
2023-05-09 13:46:00,36.4,36.4,36.4,36.4,525.0,SUPN
2023-05-09 13:44:00,36.43,36.43,36.43,36.43,205.0,SUPN
2023-05-09 13:43:00,36.42,36.43,36.41,36.415,1465.0,SUPN
2023-05-09 13:41:00,36.41,36.41,36.41,36.41,158.0,SUPN
2023-05-09 13:40:00,36.41,36.41,36.4,36.4,584.0,SUPN
2023-05-09 13:39:00,36.4,36.4,36.38,36.4,4405.0,SUPN
2023-05-09 13:36:00,36.42,36.42,36.42,36.42,200.0,SUPN
2023-05-09 13:32:00,36.41,36.41,36.4,36.4,624.0,SUPN
2023-05-09 13:31:00,36.41,36.43,36.41,36.42,583.0,SUPN
2023-05-09 13:30:00,36.41,36.42,36.38,36.41,3510.0,SUPN
2023-05-09 13:25:00,36.4,36.4,36.4,36.4,1246.0,SUPN
2023-05-09 13:24:00,36.44,36.44,36.4,36.4,793.0,SUPN
2023-05-09 13:23:00,36.45,36.45,36.45,36.45,346.0,SUPN
2023-05-09 13:21:00,36.465,36.465,36.465,36.465,197.0,SUPN
2023-05-09 13:20:00,36.45,36.45,36.45,36.45,639.0,SUPN
2023-05-09 13:19:00,36.45,36.45,36.45,36.45,141.0,SUPN
2023-05-09 13:14:00,36.4,36.4,36.4,36.4,610.0,SUPN
2023-05-09 13:13:00,36.43,36.43,36.39,36.42,1380.0,SUPN
2023-05-09 13:12:00,36.4512,36.4512,36.4512,36.4512,131.0,SUPN
2023-05-09 13:08:00,36.45,36.45,36.45,36.45,453.0,SUPN
2023-05-09 13:07:00,36.43,36.44,36.43,36.44,761.0,SUPN
2023-05-09 13:03:00,36.4,36.4,36.4,36.4,174.0,SUPN
2023-05-09 13:00:00,36.41,36.425,36.41,36.425,593.0,SUPN
2023-05-09 12:59:00,36.4,36.4,36.37,36.39,1707.0,SUPN
2023-05-09 12:58:00,36.4,36.4,36.4,36.4,264.0,SUPN
2023-05-09 12:57:00,36.41,36.41,36.38,36.4,1694.0,SUPN
2023-05-09 12:56:00,36.41,36.41,36.41,36.41,105.0,SUPN
2023-05-09 12:53:00,36.41,36.44,36.41,36.44,1216.0,SUPN
2023-05-09 12:52:00,36.38,36.4,36.35,36.39,2995.0,SUPN
2023-05-09 12:51:00,36.4,36.4,36.37,36.4,1443.0,SUPN
2023-05-09 12:48:00,36.37,36.37,36.37,36.37,612.0,SUPN
2023-05-09 12:47:00,36.335,36.335,36.335,36.335,131.0,SUPN
2023-05-09 12:46:00,36.335,36.335,36.335,36.335,138.0,SUPN
2023-05-09 12:45:00,36.36,36.36,36.36,36.36,125.0,SUPN
2023-05-09 12:44:00,36.405,36.405,36.33,36.36,1385.0,SUPN
2023-05-09 12:43:00,36.44,36.44,36.38,36.38,1039.0,SUPN
2023-05-09 12:42:00,36.445,36.445,36.445,36.445,190.0,SUPN
2023-05-09 12:41:00,36.46,36.46,36.46,36.46,438.0,SUPN
2023-05-09 12:37:00,36.47,36.485,36.43,36.485,2192.0,SUPN
2023-05-09 12:36:00,36.455,36.455,36.455,36.455,516.0,SUPN
2023-05-09 12:34:00,36.455,36.455,36.455,36.455,205.0,SUPN
2023-05-09 12:33:00,36.455,36.455,36.455,36.455,138.0,SUPN
2023-05-09 12:30:00,36.455,36.455,36.455,36.455,374.0,SUPN
2023-05-09 12:29:00,36.44,36.44,36.44,36.44,216.0,SUPN
2023-05-09 12:27:00,36.47,36.47,36.47,36.47,255.0,SUPN
2023-05-09 12:24:00,36.44,36.47,36.44,36.47,312.0,SUPN
2023-05-09 12:21:00,36.47,36.47,36.47,36.47,443.0,SUPN
2023-05-09 12:18:00,36.46,36.475,36.46,36.475,812.0,SUPN
2023-05-09 12:17:00,36.45,36.46,36.45,36.45,977.0,SUPN
2023-05-09 12:16:00,36.47,36.47,36.47,36.47,284.0,SUPN
2023-05-09 12:15:00,36.47,36.47,36.47,36.47,309.0,SUPN
2023-05-09 12:14:00,36.5,36.5,36.5,36.5,225.0,SUPN
2023-05-09 12:12:00,36.49,36.5,36.49,36.5,443.0,SUPN
2023-05-09 12:11:00,36.515,36.515,36.515,36.515,205.0,SUPN
2023-05-09 12:10:00,36.48,36.52,36.48,36.49,1701.0,SUPN
2023-05-09 12:08:00,36.48,36.48,36.47,36.47,843.0,SUPN
2023-05-09 12:04:00,36.49,36.49,36.49,36.49,363.0,SUPN
2023-05-09 12:03:00,36.5,36.5,36.5,36.5,190.0,SUPN
2023-05-09 12:02:00,36.52,36.52,36.5,36.5,891.0,SUPN
2023-05-09 12:01:00,36.52,36.52,36.52,36.52,256.0,SUPN
2023-05-09 12:00:00,36.55,36.55,36.55,36.55,350.0,SUPN
2023-05-09 11:59:00,36.54,36.54,36.525,36.54,539.0,SUPN
2023-05-09 11:58:00,36.51,36.51,36.51,36.51,398.0,SUPN
2023-05-09 11:57:00,36.48,36.49,36.47,36.48,1528.0,SUPN
2023-05-09 11:56:00,36.49,36.49,36.49,36.49,225.0,SUPN
2023-05-09 11:55:00,36.51,36.51,36.51,36.51,313.0,SUPN
2023-05-09 11:54:00,36.5351,36.5351,36.5351,36.5351,435.0,SUPN
2023-05-09 11:53:00,36.53,36.53,36.53,36.53,342.0,SUPN
2023-05-09 11:51:00,36.525,36.525,36.525,36.525,272.0,SUPN
2023-05-09 11:49:00,36.5,36.5,36.5,36.5,309.0,SUPN
2023-05-09 11:48:00,36.55,36.55,36.52,36.52,3246.0,SUPN
2023-05-09 11:45:00,36.47,36.47,36.47,36.47,113.0,SUPN
2023-05-09 11:43:00,36.51,36.51,36.47,36.51,768.0,SUPN
2023-05-09 11:42:00,36.51,36.51,36.51,36.51,351.0,SUPN
2023-05-09 11:41:00,36.49,36.49,36.49,36.49,134.0,SUPN
2023-05-09 11:40:00,36.54,36.54,36.52,36.52,955.0,SUPN
2023-05-09 11:38:00,36.59,36.59,36.59,36.59,282.0,SUPN
2023-05-09 11:37:00,36.59,36.59,36.59,36.59,419.0,SUPN
2023-05-09 11:35:00,36.54,36.54,36.54,36.54,542.0,SUPN
2023-05-09 11:32:00,36.51,36.52,36.51,36.51,927.0,SUPN
2023-05-09 11:31:00,36.47,36.5,36.47,36.5,956.0,SUPN
2023-05-09 11:28:00,36.47,36.48,36.47,36.48,404.0,SUPN
2023-05-09 11:22:00,36.47,36.47,36.47,36.47,121.0,SUPN
2023-05-09 11:21:00,36.48,36.48,36.47,36.47,421.0,SUPN
2023-05-09 11:17:00,36.5,36.5,36.485,36.485,311.0,SUPN
2023-05-09 11:15:00,36.49,36.49,36.49,36.49,617.0,SUPN
2023-05-09 11:13:00,36.49,36.49,36.46,36.46,770.0,SUPN
2023-05-09 11:10:00,36.51,36.51,36.51,36.51,255.0,SUPN
2023-05-09 11:09:00,36.46,36.46,36.46,36.46,240.0,SUPN
2023-05-09 11:08:00,36.48,36.48,36.46,36.48,998.0,SUPN
2023-05-09 11:07:00,36.39,36.47,36.39,36.47,35508.0,SUPN
2023-05-09 11:04:00,36.395,36.41,36.37,36.375,1645.0,SUPN
2023-05-09 11:01:00,36.38,36.39,36.38,36.39,785.0,SUPN
2023-05-09 11:00:00,36.38,36.38,36.36,36.36,394.0,SUPN
2023-05-09 10:59:00,36.36,36.37,36.33,36.365,4717.0,SUPN
2023-05-09 10:58:00,36.37,36.37,36.36,36.36,1296.0,SUPN
2023-05-09 10:57:00,36.37,36.37,36.37,36.37,237.0,SUPN
2023-05-09 10:56:00,36.38,36.39,36.38,36.39,614.0,SUPN
2023-05-09 10:55:00,36.39,36.39,36.38,36.38,469.0,SUPN
2023-05-09 10:53:00,36.4,36.4,36.38,36.38,808.0,SUPN
2023-05-09 10:48:00,36.44,36.44,36.44,36.44,504.0,SUPN
2023-05-09 10:47:00,36.36,36.39,36.35,36.39,3541.0,SUPN
2023-05-09 10:46:00,36.37,36.37,36.37,36.37,222.0,SUPN
2023-05-09 10:43:00,36.38,36.405,36.38,36.405,215.0,SUPN
2023-05-09 10:42:00,36.45,36.45,36.39,36.39,1675.0,SUPN
2023-05-09 10:39:00,36.42,36.42,36.42,36.42,103.0,SUPN
2023-05-09 10:37:00,36.45,36.45,36.45,36.45,355.0,SUPN
2023-05-09 10:35:00,36.4,36.4,36.4,36.4,130.0,SUPN
2023-05-09 10:34:00,36.4,36.425,36.4,36.425,788.0,SUPN
2023-05-09 10:32:00,36.35,36.35,36.35,36.35,766.0,SUPN
2023-05-09 10:27:00,36.37,36.37,36.34,36.34,482.0,SUPN
2023-05-09 10:22:00,36.32,36.345,36.32,36.345,871.0,SUPN
2023-05-09 10:20:00,36.27,36.27,36.27,36.27,100.0,SUPN
2023-05-09 10:19:00,36.29,36.29,36.27,36.28,1288.0,SUPN
2023-05-09 10:14:00,36.23,36.23,36.23,36.23,261.0,SUPN
2023-05-09 10:13:00,36.27,36.27,36.27,36.27,324.0,SUPN
2023-05-09 10:12:00,36.31,36.31,36.31,36.31,278.0,SUPN
2023-05-09 10:10:00,36.39,36.39,36.39,36.39,127.0,SUPN
2023-05-09 10:06:00,36.52,36.52,36.48,36.48,377.0,SUPN
2023-05-09 10:05:00,36.47,36.48,36.44,36.44,1204.0,SUPN
2023-05-09 10:04:00,36.48,36.5,36.48,36.5,408.0,SUPN
2023-05-09 10:03:00,36.53,36.53,36.53,36.53,202.0,SUPN
2023-05-09 10:02:00,36.545,36.545,36.545,36.545,177.0,SUPN
2023-05-09 10:01:00,36.66,36.66,36.56,36.56,1062.0,SUPN
2023-05-09 09:56:00,36.64,36.64,36.64,36.64,200.0,SUPN
2023-05-09 09:53:00,36.62,36.62,36.62,36.62,284.0,SUPN
2023-05-09 09:51:00,36.62,36.63,36.61,36.62,1015.0,SUPN
2023-05-09 09:50:00,36.51,36.61,36.5,36.55,975.0,SUPN
2023-05-09 09:44:00,36.72,36.72,36.63,36.63,961.0,SUPN
2023-05-09 09:34:00,36.54,36.54,36.54,36.54,105.0,SUPN
2023-05-09 09:31:00,36.69,36.69,36.69,36.69,2345.0,SUPN
2023-05-08 16:01:00,36.79,36.79,36.79,36.79,2209.0,SUPN
2023-05-08 16:00:00,36.76,36.82,36.76,36.79,10765.0,SUPN
2023-05-08 15:59:00,36.7475,36.76,36.73,36.76,5729.0,SUPN
2023-05-08 15:58:00,36.74,36.76,36.74,36.745,5891.0,SUPN
2023-05-08 15:57:00,36.8,36.8,36.75,36.75,2386.0,SUPN
2023-05-08 15:56:00,36.74,36.77,36.74,36.77,3183.0,SUPN
2023-05-08 15:55:00,36.76,36.76,36.73,36.74,5109.0,SUPN
2023-05-08 15:54:00,36.77,36.77,36.73,36.74,3173.0,SUPN
2023-05-08 15:53:00,36.75,36.77,36.745,36.75,4284.0,SUPN
2023-05-08 15:52:00,36.775,36.775,36.745,36.75,1613.0,SUPN
2023-05-08 15:51:00,36.79,36.79,36.775,36.775,1079.0,SUPN
2023-05-08 15:50:00,36.81,36.81,36.78,36.78,981.0,SUPN
2023-05-08 15:49:00,36.78,36.78,36.78,36.78,764.0,SUPN
2023-05-08 15:48:00,36.79,36.8,36.77,36.77,2385.0,SUPN
2023-05-08 15:47:00,36.77,36.79,36.77,36.77,1296.0,SUPN
2023-05-08 15:46:00,36.76,36.77,36.73,36.77,2248.0,SUPN
2023-05-08 15:45:00,36.73,36.75,36.73,36.745,1643.0,SUPN
2023-05-08 15:44:00,36.75,36.75,36.75,36.75,422.0,SUPN
2023-05-08 15:43:00,36.77,36.77,36.74,36.75,2206.0,SUPN
2023-05-08 15:42:00,36.75,36.75,36.75,36.75,807.0,SUPN
2023-05-08 15:41:00,36.75,36.78,36.75,36.77,1443.0,SUPN
2023-05-08 15:40:00,36.74,36.74,36.74,36.74,288.0,SUPN
2023-05-08 15:39:00,36.77,36.77,36.73,36.745,2089.0,SUPN
2023-05-08 15:38:00,36.75,36.77,36.74,36.77,2086.0,SUPN
2023-05-08 15:37:00,36.78,36.78,36.745,36.755,2329.0,SUPN
2023-05-08 15:36:00,36.79,36.79,36.79,36.79,738.0,SUPN
2023-05-08 15:34:00,36.81,36.81,36.79,36.79,1877.0,SUPN
2023-05-08 15:33:00,36.82,36.835,36.82,36.82,1157.0,SUPN
2023-05-08 15:32:00,36.78,36.81,36.77,36.81,3191.0,SUPN
2023-05-08 15:31:00,36.73,36.765,36.71,36.765,2653.0,SUPN
2023-05-08 15:30:00,36.67,36.73,36.67,36.73,1769.0,SUPN
2023-05-08 15:26:00,36.64,36.64,36.64,36.64,430.0,SUPN
2023-05-08 15:25:00,36.64,36.64,36.64,36.64,441.0,SUPN
2023-05-08 15:24:00,36.66,36.66,36.66,36.66,259.0,SUPN
2023-05-08 15:23:00,36.61,36.62,36.61,36.62,1920.0,SUPN
2023-05-08 15:22:00,36.63,36.63,36.62,36.62,1380.0,SUPN
2023-05-08 15:21:00,36.61,36.61,36.61,36.61,296.0,SUPN
2023-05-08 15:20:00,36.61,36.61,36.61,36.61,155.0,SUPN
2023-05-08 15:19:00,36.62,36.62,36.62,36.62,244.0,SUPN
2023-05-08 15:18:00,36.62,36.62,36.62,36.62,124.0,SUPN
2023-05-08 15:17:00,36.62,36.62,36.61,36.61,1192.0,SUPN
2023-05-08 15:16:00,36.64,36.64,36.63,36.63,450.0,SUPN
2023-05-08 15:15:00,36.62,36.62,36.62,36.62,350.0,SUPN
2023-05-08 15:13:00,36.6,36.62,36.6,36.62,922.0,SUPN
2023-05-08 15:12:00,36.6,36.6,36.6,36.6,761.0,SUPN
2023-05-08 15:11:00,36.61,36.62,36.61,36.62,628.0,SUPN
2023-05-08 15:10:00,36.62,36.62,36.62,36.62,427.0,SUPN
2023-05-08 15:09:00,36.5975,36.5975,36.5975,36.5975,148.0,SUPN
2023-05-08 15:07:00,36.61,36.61,36.61,36.61,134.0,SUPN
2023-05-08 15:06:00,36.61,36.61,36.61,36.61,268.0,SUPN
2023-05-08 15:05:00,36.6212,36.6212,36.61,36.62,1136.0,SUPN
2023-05-08 15:02:00,36.62,36.64,36.62,36.64,1064.0,SUPN
2023-05-08 15:01:00,36.64,36.64,36.64,36.64,169.0,SUPN
2023-05-08 15:00:00,36.61,36.62,36.61,36.62,989.0,SUPN
2023-05-08 14:59:00,36.61,36.61,36.6,36.6,867.0,SUPN
2023-05-08 14:58:00,36.62,36.62,36.62,36.62,177.0,SUPN
2023-05-08 14:56:00,36.64,36.65,36.625,36.625,1131.0,SUPN
2023-05-08 14:55:00,36.63,36.65,36.63,36.65,622.0,SUPN
2023-05-08 14:53:00,36.62,36.62,36.62,36.62,185.0,SUPN
2023-05-08 14:51:00,36.59,36.59,36.59,36.59,282.0,SUPN
2023-05-08 14:50:00,36.57,36.57,36.57,36.57,1322.0,SUPN
2023-05-08 14:48:00,36.55,36.58,36.55,36.58,549.0,SUPN
2023-05-08 14:46:00,36.555,36.555,36.555,36.555,130.0,SUPN
2023-05-08 14:42:00,36.53,36.56,36.52,36.56,1129.0,SUPN
2023-05-08 14:39:00,36.53,36.53,36.53,36.53,731.0,SUPN
2023-05-08 14:38:00,36.53,36.54,36.53,36.54,786.0,SUPN
2023-05-08 14:37:00,36.52,36.53,36.52,36.53,366.0,SUPN
2023-05-08 14:36:00,36.52,36.52,36.52,36.52,1079.0,SUPN
2023-05-08 14:35:00,36.535,36.535,36.535,36.535,304.0,SUPN
2023-05-08 14:34:00,36.54,36.54,36.53,36.54,1526.0,SUPN
2023-05-08 14:28:00,36.55,36.56,36.55,36.55,1079.0,SUPN
2023-05-08 14:27:00,36.54,36.54,36.54,36.54,130.0,SUPN
2023-05-08 14:25:00,36.54,36.54,36.54,36.54,160.0,SUPN
2023-05-08 14:23:00,36.53,36.53,36.52,36.52,1149.0,SUPN
2023-05-08 14:22:00,36.51,36.53,36.51,36.53,636.0,SUPN
2023-05-08 14:20:00,36.48,36.48,36.48,36.48,110.0,SUPN
2023-05-08 14:19:00,36.4701,36.4701,36.4701,36.4701,351.0,SUPN
2023-05-08 14:18:00,36.4892,36.4892,36.4892,36.4892,166.0,SUPN
2023-05-08 14:15:00,36.49,36.49,36.49,36.49,465.0,SUPN
2023-05-08 14:14:00,36.47,36.48,36.47,36.48,449.0,SUPN
2023-05-08 14:11:00,36.42,36.42,36.42,36.42,115.0,SUPN
2023-05-08 14:10:00,36.42,36.42,36.42,36.42,196.0,SUPN
2023-05-08 14:09:00,36.39,36.4,36.39,36.4,411.0,SUPN
2023-05-08 14:08:00,36.45,36.45,36.425,36.425,491.0,SUPN
2023-05-08 14:05:00,36.56,36.56,36.55,36.55,408.0,SUPN
2023-05-08 14:04:00,36.56,36.56,36.56,36.56,139.0,SUPN
2023-05-08 14:03:00,36.6,36.6,36.54,36.54,1646.0,SUPN
2023-05-08 14:01:00,36.61,36.61,36.61,36.61,433.0,SUPN
2023-05-08 14:00:00,36.54,36.61,36.54,36.58,1596.0,SUPN
2023-05-08 13:55:00,36.54,36.54,36.52,36.52,877.0,SUPN
2023-05-08 13:53:00,36.53,36.53,36.53,36.53,444.0,SUPN
2023-05-08 13:51:00,36.51,36.51,36.495,36.495,1110.0,SUPN
2023-05-08 13:49:00,36.53,36.53,36.53,36.53,110.0,SUPN
2023-05-08 13:48:00,36.51,36.51,36.51,36.51,466.0,SUPN
2023-05-08 13:47:00,36.5,36.5,36.5,36.5,139.0,SUPN
2023-05-08 13:45:00,36.48,36.51,36.48,36.51,647.0,SUPN
2023-05-08 13:43:00,36.48,36.48,36.44,36.44,653.0,SUPN
2023-05-08 13:40:00,36.47,36.47,36.47,36.47,167.0,SUPN
2023-05-08 13:36:00,36.4508,36.4508,36.4508,36.4508,182.0,SUPN
2023-05-08 13:35:00,36.46,36.46,36.43,36.43,1469.0,SUPN
2023-05-08 13:34:00,36.47,36.47,36.47,36.47,664.0,SUPN
2023-05-08 13:33:00,36.44,36.44,36.44,36.44,705.0,SUPN
2023-05-08 13:32:00,36.43,36.43,36.43,36.43,401.0,SUPN
2023-05-08 13:30:00,36.43,36.43,36.43,36.43,160.0,SUPN
2023-05-08 13:29:00,36.41,36.41,36.41,36.41,242.0,SUPN
2023-05-08 13:26:00,36.41,36.41,36.41,36.41,331.0,SUPN
2023-05-08 13:25:00,36.415,36.42,36.39,36.39,2067.0,SUPN
2023-05-08 13:24:00,36.43,36.43,36.43,36.43,100.0,SUPN
2023-05-08 13:23:00,36.42,36.42,36.42,36.42,440.0,SUPN
2023-05-08 13:22:00,36.41,36.41,36.41,36.41,375.0,SUPN
2023-05-08 13:18:00,36.355,36.41,36.34,36.38,4028.0,SUPN
2023-05-08 13:17:00,36.36,36.36,36.35,36.35,682.0,SUPN
2023-05-08 13:16:00,36.37,36.38,36.37,36.37,2159.0,SUPN
2023-05-08 13:15:00,36.37,36.38,36.37,36.37,933.0,SUPN
2023-05-08 13:13:00,36.35,36.36,36.35,36.36,613.0,SUPN
2023-05-08 13:10:00,36.36,36.36,36.36,36.36,737.0,SUPN
2023-05-08 13:07:00,36.345,36.355,36.34,36.355,1116.0,SUPN
2023-05-08 13:05:00,36.34,36.34,36.34,36.34,131.0,SUPN
2023-05-08 13:02:00,36.35,36.35,36.34,36.34,1130.0,SUPN
2023-05-08 13:01:00,36.345,36.345,36.345,36.345,416.0,SUPN
2023-05-08 13:00:00,36.26,36.31,36.26,36.31,1091.0,SUPN
2023-05-08 12:59:00,36.24,36.24,36.24,36.24,429.0,SUPN
2023-05-08 12:51:00,36.2,36.21,36.2,36.21,544.0,SUPN
2023-05-08 12:50:00,36.18,36.19,36.18,36.19,297.0,SUPN
2023-05-08 12:49:00,36.145,36.145,36.145,36.145,190.0,SUPN
2023-05-08 12:48:00,36.17,36.17,36.15,36.17,966.0,SUPN
2023-05-08 12:46:00,36.19,36.19,36.19,36.19,452.0,SUPN
2023-05-08 12:42:00,36.1989,36.1989,36.1989,36.1989,1373.0,SUPN
2023-05-08 12:40:00,36.21,36.21,36.21,36.21,1061.0,SUPN
2023-05-08 12:39:00,36.16,36.17,36.16,36.17,703.0,SUPN
2023-05-08 12:37:00,36.16,36.17,36.16,36.17,891.0,SUPN
2023-05-08 12:35:00,36.145,36.145,36.145,36.145,140.0,SUPN
2023-05-08 12:34:00,36.14,36.14,36.14,36.14,971.0,SUPN
2023-05-08 12:32:00,36.18,36.18,36.16,36.16,615.0,SUPN
2023-05-08 12:28:00,36.195,36.195,36.195,36.195,114.0,SUPN
2023-05-08 12:27:00,36.21,36.21,36.2,36.2,595.0,SUPN
2023-05-08 12:25:00,36.22,36.22,36.22,36.22,108.0,SUPN
2023-05-08 12:24:00,36.12,36.19,36.12,36.19,1618.0,SUPN
2023-05-08 12:22:00,36.07,36.13,36.065,36.105,3072.0,SUPN
2023-05-08 12:18:00,36.07,36.07,36.07,36.07,100.0,SUPN
2023-05-08 12:17:00,36.085,36.085,36.085,36.085,200.0,SUPN
2023-05-08 12:16:00,36.11,36.11,36.05,36.08,1766.0,SUPN
2023-05-08 12:14:00,36.14,36.14,36.14,36.14,608.0,SUPN
2023-05-08 12:13:00,36.1699,36.1699,36.1699,36.1699,352.0,SUPN
2023-05-08 12:10:00,36.16,36.16,36.15,36.15,633.0,SUPN
2023-05-08 12:07:00,36.16,36.17,36.16,36.17,449.0,SUPN
2023-05-08 12:06:00,36.18,36.18,36.16,36.16,480.0,SUPN
2023-05-08 12:03:00,36.2,36.2,36.2,36.2,308.0,SUPN
2023-05-08 12:02:00,36.18,36.185,36.16,36.185,996.0,SUPN
2023-05-08 12:01:00,36.205,36.205,36.205,36.205,110.0,SUPN
2023-05-08 11:58:00,36.195,36.195,36.18,36.19,1119.0,SUPN
2023-05-08 11:56:00,36.2,36.2,36.2,36.2,239.0,SUPN
2023-05-08 11:55:00,36.215,36.25,36.19,36.25,1458.0,SUPN
2023-05-08 11:52:00,36.205,36.205,36.205,36.205,311.0,SUPN
2023-05-08 11:50:00,36.17,36.31,36.17,36.23,5272.0,SUPN
2023-05-08 11:49:00,36.125,36.125,36.125,36.125,417.0,SUPN
2023-05-08 11:48:00,36.18,36.18,36.14,36.14,1230.0,SUPN
2023-05-08 11:46:00,36.135,36.135,36.135,36.135,110.0,SUPN
2023-05-08 11:45:00,36.11,36.13,36.11,36.13,974.0,SUPN
2023-05-08 11:44:00,36.07,36.07,36.07,36.07,320.0,SUPN
2023-05-08 11:42:00,36.045,36.045,36.045,36.045,305.0,SUPN
2023-05-08 11:41:00,36.0,36.0161,35.98,36.0161,1128.0,SUPN
2023-05-08 11:40:00,36.01,36.01,36.0012,36.0012,348.0,SUPN
2023-05-08 11:39:00,36.07,36.12,36.02,36.035,2709.0,SUPN
2023-05-08 11:36:00,36.09,36.09,36.09,36.09,193.0,SUPN
2023-05-08 11:35:00,36.118,36.118,36.118,36.118,151.0,SUPN
2023-05-08 11:34:00,36.105,36.105,36.105,36.105,167.0,SUPN
2023-05-08 11:33:00,36.04,36.04,36.04,36.04,484.0,SUPN
2023-05-08 11:32:00,36.1,36.1,36.06,36.06,912.0,SUPN
2023-05-08 11:30:00,36.16,36.16,36.13,36.13,576.0,SUPN
2023-05-08 11:28:00,36.17,36.17,36.17,36.17,344.0,SUPN
2023-05-08 11:27:00,36.1,36.14,36.1,36.14,1444.0,SUPN
2023-05-08 11:23:00,36.17,36.17,36.115,36.115,1564.0,SUPN
2023-05-08 11:21:00,36.19,36.19,36.19,36.19,105.0,SUPN
2023-05-08 11:15:00,36.245,36.245,36.17,36.17,2140.0,SUPN
2023-05-08 11:11:00,36.21,36.21,36.195,36.21,1086.0,SUPN
2023-05-08 11:08:00,36.2,36.2,36.19,36.19,841.0,SUPN
2023-05-08 11:07:00,36.21,36.22,36.2,36.22,1528.0,SUPN
2023-05-08 11:06:00,36.27,36.27,36.27,36.27,130.0,SUPN
2023-05-08 11:02:00,36.22,36.22,36.22,36.22,380.0,SUPN
2023-05-08 11:00:00,36.19,36.19,36.185,36.185,427.0,SUPN
2023-05-08 10:59:00,36.17,36.2,36.17,36.2,668.0,SUPN
2023-05-08 10:58:00,36.155,36.155,36.155,36.155,202.0,SUPN
2023-05-08 10:57:00,36.185,36.2,36.18,36.18,869.0,SUPN
2023-05-08 10:55:00,36.17,36.17,36.17,36.17,455.0,SUPN
2023-05-08 10:54:00,36.14,36.15,36.14,36.15,857.0,SUPN
2023-05-08 10:53:00,36.14,36.14,36.14,36.14,577.0,SUPN
2023-05-08 10:52:00,36.14,36.14,36.14,36.14,119.0,SUPN
2023-05-08 10:50:00,36.15,36.15,36.14,36.145,858.0,SUPN
2023-05-08 10:48:00,36.14,36.16,36.14,36.16,1606.0,SUPN
2023-05-08 10:45:00,36.16,36.16,36.14,36.14,1517.0,SUPN
2023-05-08 10:42:00,36.2,36.2,36.14,36.16,1760.0,SUPN
2023-05-08 10:40:00,36.21,36.21,36.17,36.17,882.0,SUPN
2023-05-08 10:37:00,36.21,36.21,36.21,36.21,312.0,SUPN
2023-05-08 10:36:00,36.22,36.25,36.22,36.25,1041.0,SUPN
2023-05-08 10:35:00,36.23,36.27,36.23,36.26,1629.0,SUPN
2023-05-08 10:34:00,36.21,36.21,36.21,36.21,750.0,SUPN
2023-05-08 10:32:00,36.25,36.25,36.25,36.25,203.0,SUPN
2023-05-08 10:27:00,36.2316,36.2316,36.2316,36.2316,422.0,SUPN
2023-05-08 10:26:00,36.29,36.29,36.265,36.265,1313.0,SUPN
2023-05-08 10:25:00,36.325,36.325,36.325,36.325,295.0,SUPN
2023-05-08 10:22:00,36.325,36.325,36.325,36.325,141.0,SUPN
2023-05-08 10:21:00,36.325,36.325,36.325,36.325,100.0,SUPN
2023-05-08 10:16:00,36.3,36.34,36.28,36.315,2292.0,SUPN
2023-05-08 10:15:00,36.31,36.31,36.31,36.31,460.0,SUPN
2023-05-08 10:14:00,36.32,36.32,36.32,36.32,132.0,SUPN
2023-05-08 10:13:00,36.32,36.365,36.32,36.36,749.0,SUPN
2023-05-08 10:12:00,36.35,36.35,36.35,36.35,211.0,SUPN
2023-05-08 10:11:00,36.42,36.42,36.33,36.35,1475.0,SUPN
2023-05-08 10:09:00,36.4,36.4,36.4,36.4,100.0,SUPN
2023-05-08 10:06:00,36.4,36.4,36.4,36.4,223.0,SUPN
2023-05-08 10:05:00,36.405,36.405,36.405,36.405,135.0,SUPN
2023-05-08 10:02:00,36.42,36.42,36.33,36.33,1601.0,SUPN
2023-05-08 10:01:00,36.3201,36.3201,36.3201,36.3201,2543.0,SUPN
2023-05-08 09:59:00,36.42,36.42,36.42,36.42,101.0,SUPN
2023-05-08 09:58:00,36.49,36.49,36.37,36.45,2648.0,SUPN
2023-05-08 09:56:00,36.42,36.42,36.42,36.42,141.0,SUPN
2023-05-08 09:55:00,36.44,36.465,36.43,36.465,1022.0,SUPN
2023-05-08 09:54:00,36.41,36.45,36.37,36.45,835.0,SUPN
2023-05-08 09:50:00,36.52,36.52,36.52,36.52,202.0,SUPN
2023-05-08 09:48:00,36.44,36.605,36.37,36.465,2104.0,SUPN
2023-05-08 09:47:00,36.815,36.815,36.815,36.815,101.0,SUPN
2023-05-08 09:46:00,36.645,36.645,36.645,36.645,335.0,SUPN
2023-05-08 09:45:00,36.89,36.89,36.89,36.89,112.0,SUPN
2023-05-08 09:43:00,36.92,36.92,36.92,36.92,106.0,SUPN
2023-05-08 09:39:00,36.96,36.96,36.96,36.96,106.0,SUPN
2023-05-08 09:37:00,36.665,36.665,36.665,36.665,103.0,SUPN
2023-05-08 09:36:00,36.685,36.685,36.685,36.685,102.0,SUPN
2023-05-08 09:34:00,36.7,36.84,36.69,36.69,2202.0,SUPN
2023-05-08 09:33:00,36.62,36.69,36.61,36.61,991.0,SUPN
2023-05-08 09:31:00,36.67,36.67,36.67,36.67,1683.0,SUPN
2023-05-05 16:01:00,36.71,36.71,36.71,36.71,5767.0,SUPN
2023-05-05 16:00:00,36.711,36.73,36.69,36.72,11858.0,SUPN
2023-05-05 15:59:00,36.68,36.72,36.67,36.7185,10451.0,SUPN
2023-05-05 15:58:00,36.69,36.7,36.681,36.685,4981.0,SUPN
2023-05-05 15:57:00,36.72,36.725,36.68,36.685,3517.0,SUPN
2023-05-05 15:56:00,36.75,36.77,36.7,36.7,2848.0,SUPN
2023-05-05 15:55:00,36.75,36.75,36.73,36.75,2704.0,SUPN
2023-05-05 15:54:00,36.69,36.72,36.68,36.72,2244.0,SUPN
2023-05-05 15:53:00,36.69,36.7,36.671,36.69,1500.0,SUPN
2023-05-05 15:52:00,36.73,36.73,36.71,36.71,2881.0,SUPN
2023-05-05 15:51:00,36.724,36.74,36.72,36.74,1123.0,SUPN
2023-05-05 15:50:00,36.72,36.75,36.72,36.75,1300.0,SUPN
2023-05-05 15:49:00,36.69,36.72,36.69,36.711,2063.0,SUPN
2023-05-05 15:48:00,36.71,36.71,36.69,36.69,788.0,SUPN
2023-05-05 15:47:00,36.73,36.73,36.71,36.71,1108.0,SUPN
2023-05-05 15:46:00,36.72,36.72,36.715,36.715,1236.0,SUPN
2023-05-05 15:45:00,36.75,36.77,36.75,36.77,1106.0,SUPN
2023-05-05 15:44:00,36.74,36.78,36.735,36.75,2265.0,SUPN
2023-05-05 15:39:00,36.71,36.71,36.71,36.71,531.0,SUPN
2023-05-05 15:37:00,36.73,36.74,36.71,36.72,1939.0,SUPN
2023-05-05 15:36:00,36.74,36.74,36.735,36.735,804.0,SUPN
2023-05-05 15:35:00,36.76,36.76,36.741,36.741,885.0,SUPN
2023-05-05 15:34:00,36.76,36.76,36.76,36.76,148.0,SUPN
2023-05-05 15:32:00,36.76,36.76,36.76,36.76,479.0,SUPN
2023-05-05 15:31:00,36.73,36.73,36.73,36.73,1107.0,SUPN
2023-05-05 15:30:00,36.75,36.755,36.73,36.755,1227.0,SUPN
2023-05-05 15:29:00,36.74,36.74,36.74,36.74,445.0,SUPN
2023-05-05 15:25:00,36.7,36.7,36.69,36.69,502.0,SUPN
2023-05-05 15:23:00,36.69,36.7,36.69,36.7,429.0,SUPN
2023-05-05 15:22:00,36.67,36.69,36.67,36.69,545.0,SUPN
2023-05-05 15:21:00,36.64,36.64,36.64,36.64,575.0,SUPN
2023-05-05 15:19:00,36.67,36.67,36.67,36.67,395.0,SUPN
2023-05-05 15:18:00,36.69,36.695,36.69,36.695,735.0,SUPN
2023-05-05 15:17:00,36.69,36.69,36.69,36.69,621.0,SUPN
2023-05-05 15:16:00,36.68,36.68,36.68,36.68,510.0,SUPN
2023-05-05 15:14:00,36.7099,36.7099,36.7099,36.7099,217.0,SUPN
2023-05-05 15:13:00,36.68,36.69,36.68,36.69,587.0,SUPN
2023-05-05 15:12:00,36.71,36.71,36.68,36.68,632.0,SUPN
2023-05-05 15:11:00,36.736,36.736,36.736,36.736,175.0,SUPN
2023-05-05 15:03:00,36.735,36.74,36.71,36.71,620.0,SUPN
2023-05-05 15:01:00,36.69,36.69,36.69,36.69,378.0,SUPN
2023-05-05 14:59:00,36.74,36.74,36.7,36.73,1714.0,SUPN
2023-05-05 14:58:00,36.74,36.775,36.74,36.775,1796.0,SUPN
2023-05-05 14:57:00,36.74,36.74,36.73,36.74,699.0,SUPN
2023-05-05 14:56:00,36.72,36.72,36.72,36.72,288.0,SUPN
2023-05-05 14:52:00,36.74,36.74,36.74,36.74,188.0,SUPN
2023-05-05 14:50:00,36.72,36.72,36.7,36.7,769.0,SUPN
2023-05-05 14:49:00,36.7,36.705,36.68,36.69,1361.0,SUPN
2023-05-05 14:48:00,36.675,36.7,36.675,36.7,342.0,SUPN
2023-05-05 14:47:00,36.7,36.7,36.7,36.7,130.0,SUPN
2023-05-05 14:45:00,36.6529,36.6529,36.6529,36.6529,189.0,SUPN
2023-05-05 14:42:00,36.61,36.65,36.6,36.65,1443.0,SUPN
2023-05-05 14:40:00,36.56,36.56,36.56,36.56,778.0,SUPN
2023-05-05 14:39:00,36.58,36.58,36.58,36.58,264.0,SUPN
2023-05-05 14:36:00,36.56,36.575,36.56,36.575,381.0,SUPN
2023-05-05 14:35:00,36.57,36.57,36.57,36.57,359.0,SUPN
2023-05-05 14:31:00,36.54,36.54,36.54,36.54,234.0,SUPN
2023-05-05 14:29:00,36.53,36.53,36.53,36.53,285.0,SUPN
2023-05-05 14:28:00,36.5,36.5,36.5,36.5,538.0,SUPN
2023-05-05 14:27:00,36.49,36.49,36.49,36.49,454.0,SUPN
2023-05-05 14:26:00,36.5,36.5,36.5,36.5,358.0,SUPN
2023-05-05 14:22:00,36.41,36.435,36.41,36.435,836.0,SUPN
2023-05-05 14:21:00,36.41,36.41,36.41,36.41,152.0,SUPN
2023-05-05 14:19:00,36.4,36.405,36.4,36.405,763.0,SUPN
2023-05-05 14:18:00,36.44,36.44,36.42,36.42,1191.0,SUPN
2023-05-05 14:17:00,36.455,36.47,36.455,36.47,430.0,SUPN
2023-05-05 14:12:00,36.45,36.45,36.44,36.44,750.0,SUPN
2023-05-05 14:10:00,36.46,36.46,36.46,36.46,289.0,SUPN
2023-05-05 14:08:00,36.45,36.465,36.45,36.465,820.0,SUPN
2023-05-05 14:07:00,36.42,36.43,36.42,36.43,315.0,SUPN
2023-05-05 14:03:00,36.41,36.41,36.41,36.41,208.0,SUPN
2023-05-05 14:02:00,36.38,36.38,36.38,36.38,864.0,SUPN
2023-05-05 13:56:00,36.37,36.37,36.37,36.37,512.0,SUPN
2023-05-05 13:53:00,36.39,36.39,36.39,36.39,532.0,SUPN
2023-05-05 13:52:00,36.405,36.405,36.405,36.405,123.0,SUPN
2023-05-05 13:49:00,36.4,36.4,36.4,36.4,284.0,SUPN
2023-05-05 13:46:00,36.42,36.42,36.41,36.42,574.0,SUPN
2023-05-05 13:43:00,36.44,36.44,36.43,36.43,912.0,SUPN
2023-05-05 13:38:00,36.44,36.44,36.44,36.44,527.0,SUPN
2023-05-05 13:34:00,36.39,36.39,36.39,36.39,449.0,SUPN
2023-05-05 13:32:00,36.4,36.41,36.39,36.41,1033.0,SUPN
2023-05-05 13:31:00,36.39,36.39,36.39,36.39,636.0,SUPN
2023-05-05 13:24:00,36.38,36.38,36.38,36.38,163.0,SUPN
2023-05-05 13:23:00,36.37,36.37,36.37,36.37,340.0,SUPN
2023-05-05 13:21:00,36.35,36.35,36.35,36.35,626.0,SUPN
2023-05-05 13:19:00,36.34,36.34,36.32,36.32,727.0,SUPN
2023-05-05 13:15:00,36.4,36.4,36.4,36.4,292.0,SUPN
2023-05-05 13:14:00,36.39,36.39,36.38,36.38,1371.0,SUPN
2023-05-05 13:12:00,36.44,36.44,36.44,36.44,123.0,SUPN
2023-05-05 13:08:00,36.425,36.425,36.4,36.4,493.0,SUPN
2023-05-05 13:07:00,36.42,36.439,36.39,36.439,2305.0,SUPN
2023-05-05 13:06:00,36.47,36.47,36.44,36.44,980.0,SUPN
2023-05-05 13:03:00,36.49,36.49,36.49,36.49,144.0,SUPN
2023-05-05 13:02:00,36.49,36.49,36.49,36.49,159.0,SUPN
2023-05-05 12:58:00,36.48,36.48,36.48,36.48,358.0,SUPN
2023-05-05 12:56:00,36.48,36.48,36.48,36.48,212.0,SUPN
2023-05-05 12:54:00,36.48,36.48,36.48,36.48,315.0,SUPN
2023-05-05 12:53:00,36.46,36.47,36.46,36.47,701.0,SUPN
2023-05-05 12:47:00,36.45,36.45,36.44,36.44,609.0,SUPN
2023-05-05 12:45:00,36.44,36.48,36.44,36.465,607.0,SUPN
2023-05-05 12:44:00,36.46,36.46,36.46,36.46,646.0,SUPN
2023-05-05 12:39:00,36.47,36.47,36.47,36.47,431.0,SUPN
2023-05-05 12:38:00,36.51,36.51,36.455,36.455,1248.0,SUPN
2023-05-05 12:35:00,36.46,36.47,36.46,36.46,1352.0,SUPN
2023-05-05 12:32:00,36.46,36.46,36.46,36.46,379.0,SUPN
2023-05-05 12:31:00,36.44,36.44,36.44,36.44,437.0,SUPN
2023-05-05 12:28:00,36.44,36.47,36.44,36.47,634.0,SUPN
2023-05-05 12:27:00,36.47,36.47,36.47,36.47,209.0,SUPN
2023-05-05 12:26:00,36.43,36.46,36.43,36.46,1934.0,SUPN
2023-05-05 12:25:00,36.46,36.46,36.44,36.44,896.0,SUPN
2023-05-05 12:23:00,36.44,36.455,36.44,36.455,1005.0,SUPN
2023-05-05 12:22:00,36.41,36.42,36.4,36.42,691.0,SUPN
2023-05-05 12:18:00,36.44,36.44,36.44,36.44,481.0,SUPN
2023-05-05 12:16:00,36.46,36.46,36.44,36.455,828.0,SUPN
2023-05-05 12:15:00,36.52,36.52,36.52,36.52,269.0,SUPN
2023-05-05 12:12:00,36.46,36.47,36.46,36.47,646.0,SUPN
2023-05-05 12:09:00,36.43,36.43,36.43,36.43,442.0,SUPN
2023-05-05 12:08:00,36.44,36.44,36.44,36.44,829.0,SUPN
2023-05-05 12:06:00,36.46,36.46,36.46,36.46,322.0,SUPN
2023-05-05 12:05:00,36.51,36.51,36.51,36.51,377.0,SUPN
2023-05-05 12:04:00,36.5,36.5,36.5,36.5,562.0,SUPN
2023-05-05 12:03:00,36.475,36.475,36.475,36.475,442.0,SUPN
2023-05-05 12:01:00,36.485,36.485,36.485,36.485,121.0,SUPN
2023-05-05 11:58:00,36.45,36.45,36.45,36.45,227.0,SUPN
2023-05-05 11:56:00,36.47,36.47,36.46,36.46,698.0,SUPN
2023-05-05 11:55:00,36.485,36.485,36.485,36.485,229.0,SUPN
2023-05-05 11:54:00,36.4659,36.47,36.4659,36.47,595.0,SUPN
2023-05-05 11:47:00,36.39,36.41,36.39,36.41,1854.0,SUPN
2023-05-05 11:45:00,36.3682,36.3682,36.3682,36.3682,795.0,SUPN
2023-05-05 11:44:00,36.4,36.4,36.36,36.36,710.0,SUPN
2023-05-05 11:42:00,36.39,36.39,36.39,36.39,381.0,SUPN
2023-05-05 11:40:00,36.41,36.42,36.4,36.4,1619.0,SUPN
2023-05-05 11:39:00,36.41,36.42,36.41,36.42,517.0,SUPN
2023-05-05 11:31:00,36.42,36.42,36.42,36.42,288.0,SUPN
2023-05-05 11:29:00,36.43,36.46,36.43,36.46,606.0,SUPN
2023-05-05 11:28:00,36.42,36.43,36.42,36.42,956.0,SUPN
2023-05-05 11:24:00,36.4,36.42,36.4,36.41,568.0,SUPN
2023-05-05 11:23:00,36.37,36.38,36.37,36.38,1052.0,SUPN
2023-05-05 11:22:00,36.38,36.38,36.38,36.38,277.0,SUPN
2023-05-05 11:21:00,36.39,36.39,36.38,36.38,617.0,SUPN
2023-05-05 11:20:00,36.4,36.4,36.4,36.4,333.0,SUPN
2023-05-05 11:19:00,36.44,36.44,36.4,36.4,863.0,SUPN
2023-05-05 11:15:00,36.43,36.45,36.43,36.45,552.0,SUPN
2023-05-05 11:14:00,36.43,36.44,36.43,36.44,603.0,SUPN
2023-05-05 11:13:00,36.43,36.43,36.43,36.43,655.0,SUPN
2023-05-05 11:12:00,36.42,36.42,36.42,36.42,387.0,SUPN
2023-05-05 11:10:00,36.42,36.42,36.38,36.4,1384.0,SUPN
2023-05-05 11:08:00,36.45,36.46,36.45,36.46,614.0,SUPN
2023-05-05 11:07:00,36.41,36.41,36.41,36.41,304.0,SUPN
2023-05-05 11:06:00,36.44,36.44,36.42,36.42,1364.0,SUPN
2023-05-05 11:01:00,36.39,36.42,36.39,36.41,1142.0,SUPN
2023-05-05 11:00:00,36.42,36.42,36.36,36.36,954.0,SUPN
2023-05-05 10:59:00,36.42,36.42,36.42,36.42,294.0,SUPN
2023-05-05 10:58:00,36.48,36.48,36.48,36.48,862.0,SUPN
2023-05-05 10:57:00,36.48,36.48,36.47,36.47,717.0,SUPN
2023-05-05 10:54:00,36.51,36.51,36.48,36.48,1533.0,SUPN
2023-05-05 10:53:00,36.53,36.53,36.525,36.525,929.0,SUPN
2023-05-05 10:50:00,36.53,36.545,36.51,36.51,825.0,SUPN
2023-05-05 10:49:00,36.535,36.535,36.535,36.535,285.0,SUPN
2023-05-05 10:48:00,36.55,36.55,36.55,36.55,579.0,SUPN
2023-05-05 10:47:00,36.55,36.55,36.53,36.53,1193.0,SUPN
2023-05-05 10:46:00,36.55,36.55,36.55,36.55,224.0,SUPN
2023-05-05 10:45:00,36.57,36.57,36.57,36.57,111.0,SUPN
2023-05-05 10:43:00,36.56,36.56,36.56,36.56,119.0,SUPN
2023-05-05 10:42:00,36.5905,36.5905,36.59,36.59,482.0,SUPN
2023-05-05 10:41:00,36.6,36.6,36.6,36.6,431.0,SUPN
2023-05-05 10:40:00,36.62,36.62,36.6,36.6,798.0,SUPN
2023-05-05 10:36:00,36.59,36.635,36.59,36.635,1868.0,SUPN
2023-05-05 10:31:00,36.58,36.58,36.58,36.58,786.0,SUPN
2023-05-05 10:27:00,36.56,36.56,36.56,36.56,132.0,SUPN
2023-05-05 10:24:00,36.59,36.6,36.59,36.6,997.0,SUPN
2023-05-05 10:19:00,36.55,36.575,36.54,36.575,1707.0,SUPN
2023-05-05 10:16:00,36.51,36.51,36.5,36.5,854.0,SUPN
2023-05-05 10:12:00,36.72,36.72,36.72,36.72,195.0,SUPN
2023-05-05 10:09:00,36.645,36.645,36.645,36.645,270.0,SUPN
2023-05-05 10:05:00,36.565,36.7,36.565,36.7,1401.0,SUPN
2023-05-05 10:04:00,36.64,36.64,36.62,36.62,425.0,SUPN
2023-05-05 10:02:00,36.66,36.66,36.66,36.66,309.0,SUPN
2023-05-05 10:01:00,36.73,36.73,36.73,36.73,114.0,SUPN
2023-05-05 10:00:00,36.95,36.95,36.75,36.75,8216.0,SUPN
2023-05-05 09:57:00,36.91,36.97,36.91,36.945,2152.0,SUPN
2023-05-05 09:56:00,36.92,36.94,36.92,36.93,849.0,SUPN
2023-05-05 09:54:00,36.8575,36.92,36.8575,36.92,787.0,SUPN
2023-05-05 09:53:00,36.93,36.93,36.93,36.93,100.0,SUPN
2023-05-05 09:50:00,36.94,36.94,36.94,36.94,146.0,SUPN
2023-05-05 09:47:00,36.96,36.96,36.96,36.96,101.0,SUPN
2023-05-05 09:44:00,36.86,37.08,36.86,37.075,1535.0,SUPN
2023-05-05 09:43:00,36.84,36.84,36.84,36.84,129.0,SUPN
2023-05-05 09:40:00,36.69,36.69,36.69,36.69,414.0,SUPN
2023-05-05 09:35:00,36.0901,36.0901,36.0901,36.0901,867.0,SUPN
2023-05-05 09:31:00,36.8,36.8,36.47,36.47,1809.0,SUPN
2023-05-04 16:01:00,36.47,36.47,36.47,36.47,1343.0,SUPN
2023-05-04 16:00:00,36.45,36.5,36.43,36.47,16563.0,SUPN
2023-05-04 15:59:00,36.46,36.47,36.44,36.47,7476.0,SUPN
2023-05-04 15:58:00,36.39,36.46,36.38,36.46,7548.0,SUPN
2023-05-04 15:57:00,36.395,36.395,36.335,36.385,7161.0,SUPN
2023-05-04 15:56:00,36.35,36.395,36.31,36.395,2934.0,SUPN
2023-05-04 15:55:00,36.421,36.45,36.36,36.38,7535.0,SUPN
2023-05-04 15:54:00,36.48,36.5,36.44,36.44,4477.0,SUPN
2023-05-04 15:53:00,36.48,36.48,36.461,36.461,1607.0,SUPN
2023-05-04 15:52:00,36.46,36.46,36.46,36.46,981.0,SUPN
2023-05-04 15:51:00,36.55,36.55,36.5,36.5,1568.0,SUPN
2023-05-04 15:50:00,36.54,36.57,36.54,36.55,1258.0,SUPN
2023-05-04 15:49:00,36.465,36.62,36.465,36.575,7163.0,SUPN
2023-05-04 15:48:00,36.46,36.465,36.43,36.465,945.0,SUPN
2023-05-04 15:47:00,36.42,36.43,36.42,36.43,309.0,SUPN
2023-05-04 15:46:00,36.41,36.43,36.4,36.401,1649.0,SUPN
2023-05-04 15:45:00,36.41,36.435,36.41,36.435,913.0,SUPN
2023-05-04 15:44:00,36.44,36.44,36.44,36.44,306.0,SUPN
2023-05-04 15:43:00,36.52,36.54,36.43,36.43,2836.0,SUPN
2023-05-04 15:42:00,36.55,36.56,36.53,36.53,2132.0,SUPN
2023-05-04 15:41:00,36.52,36.53,36.505,36.525,886.0,SUPN
2023-05-04 15:40:00,36.51,36.51,36.481,36.51,634.0,SUPN
2023-05-04 15:39:00,36.505,36.505,36.505,36.505,240.0,SUPN
2023-05-04 15:38:00,36.495,36.515,36.495,36.515,439.0,SUPN
2023-05-04 15:37:00,36.49,36.49,36.47,36.48,1713.0,SUPN
2023-05-04 15:36:00,36.455,36.46,36.455,36.46,1081.0,SUPN
2023-05-04 15:35:00,36.47,36.47,36.451,36.451,1101.0,SUPN
2023-05-04 15:34:00,36.465,36.47,36.465,36.47,439.0,SUPN
2023-05-04 15:33:00,36.45,36.45,36.45,36.45,238.0,SUPN
2023-05-04 15:32:00,36.465,36.465,36.45,36.45,466.0,SUPN
2023-05-04 15:31:00,36.46,36.46,36.46,36.46,550.0,SUPN
2023-05-04 15:30:00,36.461,36.461,36.461,36.461,445.0,SUPN
2023-05-04 15:28:00,36.46,36.46,36.43,36.43,1132.0,SUPN
2023-05-04 15:27:00,36.464,36.464,36.43,36.43,1718.0,SUPN
2023-05-04 15:26:00,36.455,36.455,36.4548,36.455,4897.0,SUPN
2023-05-04 15:25:00,36.45,36.45,36.45,36.45,129.0,SUPN
2023-05-04 15:24:00,36.38,36.42,36.38,36.385,1318.0,SUPN
2023-05-04 15:23:00,36.36,36.37,36.355,36.37,1457.0,SUPN
2023-05-04 15:22:00,36.37,36.38,36.37,36.38,392.0,SUPN
2023-05-04 15:21:00,36.355,36.38,36.355,36.375,3666.0,SUPN
2023-05-04 15:20:00,36.355,36.355,36.355,36.355,258.0,SUPN
2023-05-04 15:19:00,36.36,36.38,36.35,36.36,3607.0,SUPN
2023-05-04 15:17:00,36.36,36.365,36.33,36.355,7213.0,SUPN
2023-05-04 15:16:00,36.34,36.34,36.34,36.34,415.0,SUPN
2023-05-04 15:15:00,36.34,36.34,36.32,36.32,1331.0,SUPN
2023-05-04 15:14:00,36.34,36.34,36.34,36.34,475.0,SUPN
2023-05-04 15:13:00,36.4,36.4,36.37,36.37,1169.0,SUPN
2023-05-04 15:12:00,36.4,36.42,36.4,36.42,476.0,SUPN
2023-05-04 15:11:00,36.44,36.44,36.43,36.43,737.0,SUPN
2023-05-04 15:09:00,36.44,36.44,36.44,36.44,371.0,SUPN
2023-05-04 15:08:00,36.49,36.51,36.46,36.48,3322.0,SUPN
2023-05-04 15:06:00,36.49,36.49,36.49,36.49,174.0,SUPN
2023-05-04 15:05:00,36.49,36.49,36.49,36.49,833.0,SUPN
2023-05-04 15:04:00,36.46,36.465,36.46,36.465,926.0,SUPN
2023-05-04 15:03:00,36.425,36.425,36.425,36.425,211.0,SUPN
2023-05-04 15:02:00,36.4367,36.4367,36.425,36.425,751.0,SUPN
2023-05-04 15:01:00,36.43,36.43,36.43,36.43,133.0,SUPN
2023-05-04 15:00:00,36.42,36.42,36.42,36.42,296.0,SUPN
2023-05-04 14:59:00,36.42,36.42,36.42,36.42,450.0,SUPN
2023-05-04 14:58:00,36.44,36.44,36.4,36.4,982.0,SUPN
2023-05-04 14:56:00,36.38,36.4,36.38,36.4,1790.0,SUPN
2023-05-04 14:55:00,36.38,36.38,36.38,36.38,491.0,SUPN
2023-05-04 14:54:00,36.38,36.38,36.36,36.36,366.0,SUPN
2023-05-04 14:53:00,36.35,36.35,36.35,36.35,1085.0,SUPN
2023-05-04 14:52:00,36.375,36.375,36.375,36.375,257.0,SUPN
2023-05-04 14:50:00,36.4,36.4,36.39,36.39,472.0,SUPN
2023-05-04 14:49:00,36.42,36.42,36.42,36.42,805.0,SUPN
2023-05-04 14:48:00,36.43,36.43,36.43,36.43,563.0,SUPN
2023-05-04 14:47:00,36.43,36.43,36.43,36.43,182.0,SUPN
2023-05-04 14:46:00,36.36,36.4501,36.36,36.44,2450.0,SUPN
2023-05-04 14:44:00,36.33,36.3411,36.33,36.335,508.0,SUPN
2023-05-04 14:43:00,36.31,36.33,36.31,36.31,1289.0,SUPN
2023-05-04 14:42:00,36.34,36.34,36.34,36.34,139.0,SUPN
2023-05-04 14:41:00,36.37,36.37,36.34,36.34,975.0,SUPN
2023-05-04 14:40:00,36.37,36.37,36.37,36.37,434.0,SUPN
2023-05-04 14:39:00,36.43,36.43,36.35,36.36,3431.0,SUPN
2023-05-04 14:38:00,36.45,36.45,36.45,36.45,281.0,SUPN
2023-05-04 14:37:00,36.39,36.455,36.375,36.455,2203.0,SUPN
2023-05-04 14:36:00,36.4,36.415,36.4,36.4,1061.0,SUPN
2023-05-04 14:34:00,36.44,36.44,36.41,36.42,1710.0,SUPN
2023-05-04 14:33:00,36.4,36.43,36.4,36.43,1208.0,SUPN
2023-05-04 14:32:00,36.425,36.425,36.425,36.425,160.0,SUPN
2023-05-04 14:30:00,36.425,36.425,36.425,36.425,610.0,SUPN
2023-05-04 14:29:00,36.425,36.425,36.425,36.425,453.0,SUPN
2023-05-04 14:27:00,36.425,36.425,36.425,36.425,227.0,SUPN
2023-05-04 14:25:00,36.42,36.435,36.42,36.435,401.0,SUPN
2023-05-04 14:24:00,36.33,36.39,36.33,36.39,705.0,SUPN
2023-05-04 14:23:00,36.37,36.37,36.32,36.34,2393.0,SUPN
2023-05-04 14:22:00,36.34,36.39,36.34,36.39,439.0,SUPN
2023-05-04 14:21:00,36.34,36.34,36.31,36.31,202.0,SUPN
2023-05-04 14:20:00,36.31,36.31,36.31,36.31,427.0,SUPN
2023-05-04 14:19:00,36.31,36.315,36.28,36.315,638.0,SUPN
2023-05-04 14:17:00,36.21,36.3,36.21,36.27,1949.0,SUPN
2023-05-04 14:16:00,36.21,36.21,36.21,36.21,124.0,SUPN
2023-05-04 14:15:00,36.21,36.21,36.21,36.21,102.0,SUPN
2023-05-04 14:13:00,36.21,36.23,36.19,36.19,2414.0,SUPN
2023-05-04 14:12:00,36.23,36.23,36.23,36.23,193.0,SUPN
2023-05-04 14:09:00,36.225,36.225,36.225,36.225,432.0,SUPN
2023-05-04 14:08:00,36.26,36.26,36.26,36.26,102.0,SUPN
2023-05-04 14:07:00,36.235,36.235,36.19,36.19,506.0,SUPN
2023-05-04 14:06:00,36.235,36.235,36.235,36.235,153.0,SUPN
2023-05-04 14:05:00,36.235,36.235,36.235,36.235,143.0,SUPN
2023-05-04 14:04:00,36.2,36.235,36.2,36.235,467.0,SUPN
2023-05-04 14:02:00,36.235,36.235,36.235,36.235,170.0,SUPN
2023-05-04 14:01:00,36.21,36.23,36.21,36.23,507.0,SUPN
2023-05-04 14:00:00,36.18,36.18,36.18,36.18,105.0,SUPN
2023-05-04 13:59:00,36.18,36.18,36.18,36.18,193.0,SUPN
2023-05-04 13:58:00,36.165,36.175,36.15,36.175,1076.0,SUPN
2023-05-04 13:57:00,36.12,36.151,36.12,36.145,999.0,SUPN
2023-05-04 13:56:00,36.12,36.125,36.12,36.12,409.0,SUPN
2023-05-04 13:55:00,36.125,36.125,36.125,36.125,198.0,SUPN
2023-05-04 13:51:00,36.115,36.115,36.115,36.115,102.0,SUPN
2023-05-04 13:49:00,36.1,36.12,36.1,36.1,1023.0,SUPN
2023-05-04 13:48:00,36.085,36.085,36.075,36.075,527.0,SUPN
2023-05-04 13:47:00,36.1,36.1,36.08,36.08,495.0,SUPN
2023-05-04 13:46:00,36.09,36.09,36.08,36.08,809.0,SUPN
2023-05-04 13:42:00,36.13,36.13,36.13,36.13,214.0,SUPN
2023-05-04 13:41:00,36.14,36.14,36.095,36.095,369.0,SUPN
2023-05-04 13:38:00,36.14,36.14,36.14,36.14,158.0,SUPN
2023-05-04 13:37:00,36.14,36.14,36.14,36.14,215.0,SUPN
2023-05-04 13:36:00,36.14,36.14,36.14,36.14,110.0,SUPN
2023-05-04 13:35:00,36.14,36.14,36.14,36.14,202.0,SUPN
2023-05-04 13:33:00,36.075,36.075,36.075,36.075,330.0,SUPN
2023-05-04 13:32:00,36.07,36.07,36.07,36.07,139.0,SUPN
2023-05-04 13:30:00,36.08,36.08,36.075,36.075,218.0,SUPN
2023-05-04 13:29:00,36.08,36.08,36.08,36.08,320.0,SUPN
2023-05-04 13:28:00,36.065,36.08,36.065,36.08,302.0,SUPN
2023-05-04 13:27:00,36.155,36.18,36.11,36.13,1362.0,SUPN
2023-05-04 13:25:00,36.035,36.27,36.035,36.16,11735.0,SUPN
2023-05-04 13:24:00,36.035,36.035,36.035,36.035,719.0,SUPN
2023-05-04 13:19:00,35.95,35.96,35.95,35.96,416.0,SUPN
2023-05-04 13:18:00,35.915,35.915,35.915,35.915,947.0,SUPN
2023-05-04 13:17:00,35.92,35.925,35.92,35.925,301.0,SUPN
2023-05-04 13:11:00,35.96,35.96,35.96,35.96,798.0,SUPN
2023-05-04 13:10:00,35.92,35.95,35.92,35.95,1001.0,SUPN
2023-05-04 13:08:00,35.96,35.96,35.915,35.915,1274.0,SUPN
2023-05-04 13:07:00,35.97,35.97,35.97,35.97,171.0,SUPN
2023-05-04 13:00:00,35.92,35.95,35.92,35.95,808.0,SUPN
2023-05-04 12:58:00,35.85,35.89,35.83,35.87,1413.0,SUPN
2023-05-04 12:57:00,35.825,35.825,35.825,35.825,567.0,SUPN
2023-05-04 12:55:00,35.82,35.82,35.81,35.81,2062.0,SUPN
2023-05-04 12:54:00,35.87,35.87,35.87,35.87,372.0,SUPN
2023-05-04 12:53:00,35.9,35.9,35.9,35.9,456.0,SUPN
2023-05-04 12:52:00,35.94,35.94,35.91,35.91,986.0,SUPN
2023-05-04 12:51:00,35.985,35.985,35.985,35.985,169.0,SUPN
2023-05-04 12:49:00,35.985,35.985,35.985,35.985,120.0,SUPN
2023-05-04 12:47:00,35.985,35.985,35.95,35.95,330.0,SUPN
2023-05-04 12:45:00,35.985,35.985,35.985,35.985,167.0,SUPN
2023-05-04 12:44:00,36.01,36.01,36.005,36.005,514.0,SUPN
2023-05-04 12:39:00,36.0,36.0,36.0,36.0,303.0,SUPN
2023-05-04 12:36:00,35.995,35.995,35.985,35.985,394.0,SUPN
2023-05-04 12:34:00,36.04,36.04,36.04,36.04,268.0,SUPN
2023-05-04 12:33:00,36.085,36.085,36.05,36.05,604.0,SUPN
2023-05-04 12:32:00,36.09,36.09,36.08,36.08,906.0,SUPN
2023-05-04 12:31:00,36.1,36.1,36.1,36.1,289.0,SUPN
2023-05-04 12:30:00,36.12,36.12,36.12,36.12,277.0,SUPN
2023-05-04 12:27:00,36.12,36.12,36.12,36.12,362.0,SUPN
2023-05-04 12:24:00,36.075,36.13,36.075,36.13,823.0,SUPN
2023-05-04 12:23:00,36.08,36.08,36.06,36.06,947.0,SUPN
2023-05-04 12:18:00,36.02,36.04,36.02,36.04,417.0,SUPN
2023-05-04 12:17:00,36.06,36.06,36.02,36.02,1458.0,SUPN
2023-05-04 12:16:00,36.0,36.02,36.0,36.02,723.0,SUPN
2023-05-04 12:15:00,35.965,35.965,35.965,35.965,157.0,SUPN
2023-05-04 12:14:00,35.965,35.965,35.965,35.965,213.0,SUPN
2023-05-04 12:12:00,35.935,35.935,35.89,35.92,748.0,SUPN
2023-05-04 12:11:00,35.95,35.95,35.95,35.95,301.0,SUPN
2023-05-04 12:09:00,36.05,36.05,36.0,36.0,1423.0,SUPN
2023-05-04 12:07:00,36.07,36.07,36.07,36.07,271.0,SUPN
2023-05-04 12:05:00,36.095,36.095,36.095,36.095,132.0,SUPN
2023-05-04 12:00:00,36.08,36.09,36.08,36.09,751.0,SUPN
2023-05-04 11:57:00,36.045,36.045,36.045,36.045,991.0,SUPN
2023-05-04 11:56:00,36.085,36.085,36.085,36.085,108.0,SUPN
2023-05-04 11:55:00,36.07,36.07,36.07,36.07,110.0,SUPN
2023-05-04 11:54:00,36.065,36.065,36.04,36.05,1130.0,SUPN
2023-05-04 11:53:00,36.05,36.05,36.05,36.05,292.0,SUPN
2023-05-04 11:52:00,36.075,36.075,36.075,36.075,407.0,SUPN
2023-05-04 11:50:00,36.0717,36.0717,36.06,36.06,995.0,SUPN
2023-05-04 11:49:00,36.07,36.07,36.07,36.07,208.0,SUPN
2023-05-04 11:48:00,36.09,36.09,36.09,36.09,117.0,SUPN
2023-05-04 11:47:00,36.12,36.12,36.08,36.08,367.0,SUPN
2023-05-04 11:43:00,36.14,36.14,36.14,36.14,405.0,SUPN
2023-05-04 11:42:00,36.18,36.18,36.17,36.17,477.0,SUPN
2023-05-04 11:41:00,36.19,36.19,36.19,36.19,611.0,SUPN
2023-05-04 11:39:00,36.14,36.14,36.14,36.14,134.0,SUPN
2023-05-04 11:38:00,36.165,36.165,36.165,36.165,235.0,SUPN
2023-05-04 11:37:00,36.15,36.15,36.15,36.15,223.0,SUPN
2023-05-04 11:36:00,36.16,36.16,36.16,36.16,303.0,SUPN
2023-05-04 11:35:00,36.125,36.125,36.12,36.12,331.0,SUPN
2023-05-04 11:34:00,36.11,36.115,36.11,36.115,601.0,SUPN
2023-05-04 11:33:00,36.15,36.15,36.09,36.09,975.0,SUPN
2023-05-04 11:31:00,36.16,36.16,36.16,36.16,592.0,SUPN
2023-05-04 11:30:00,36.19,36.19,36.19,36.19,275.0,SUPN
2023-05-04 11:29:00,36.22,36.22,36.16,36.185,1306.0,SUPN
2023-05-04 11:27:00,36.26,36.26,36.26,36.26,130.0,SUPN
2023-05-04 11:25:00,36.26,36.26,36.26,36.26,148.0,SUPN
2023-05-04 11:23:00,36.28,36.28,36.28,36.28,226.0,SUPN
2023-05-04 11:22:00,36.26,36.26,36.23,36.23,303.0,SUPN
2023-05-04 11:21:00,36.25,36.301,36.25,36.301,675.0,SUPN
2023-05-04 11:19:00,36.32,36.32,36.29,36.29,724.0,SUPN
2023-05-04 11:14:00,36.39,36.39,36.39,36.39,125.0,SUPN
2023-05-04 11:13:00,36.39,36.39,36.39,36.39,231.0,SUPN
2023-05-04 11:12:00,36.43,36.43,36.39,36.39,409.0,SUPN
2023-05-04 11:10:00,36.34,36.39,36.34,36.39,781.0,SUPN
2023-05-04 11:09:00,36.34,36.34,36.34,36.34,417.0,SUPN
2023-05-04 11:07:00,36.33,36.33,36.33,36.33,118.0,SUPN
2023-05-04 11:06:00,36.35,36.35,36.35,36.35,244.0,SUPN
2023-05-04 11:05:00,36.29,36.29,36.29,36.29,136.0,SUPN
2023-05-04 11:04:00,36.3,36.3,36.3,36.3,172.0,SUPN
2023-05-04 11:03:00,36.33,36.33,36.33,36.33,120.0,SUPN
2023-05-04 11:02:00,36.32,36.32,36.32,36.32,285.0,SUPN
2023-05-04 11:01:00,36.32,36.32,36.32,36.32,208.0,SUPN
2023-05-04 10:58:00,36.36,36.41,36.36,36.41,781.0,SUPN
2023-05-04 10:57:00,36.41,36.41,36.39,36.39,840.0,SUPN
2023-05-04 10:56:00,36.41,36.41,36.41,36.41,106.0,SUPN
2023-05-04 10:53:00,36.26,36.36,36.26,36.36,1251.0,SUPN
2023-05-04 10:51:00,36.29,36.3,36.285,36.285,879.0,SUPN
2023-05-04 10:50:00,36.32,36.32,36.31,36.31,646.0,SUPN
2023-05-04 10:49:00,36.39,36.39,36.39,36.39,509.0,SUPN
2023-05-04 10:47:00,36.33,36.37,36.33,36.37,1146.0,SUPN
2023-05-04 10:46:00,36.265,36.265,36.265,36.265,147.0,SUPN
2023-05-04 10:44:00,36.3,36.3,36.235,36.285,1374.0,SUPN
2023-05-04 10:43:00,36.3,36.3,36.3,36.3,541.0,SUPN
2023-05-04 10:42:00,36.33,36.33,36.33,36.33,258.0,SUPN
2023-05-04 10:39:00,36.32,36.32,36.315,36.315,497.0,SUPN
2023-05-04 10:38:00,36.29,36.3,36.29,36.3,597.0,SUPN
2023-05-04 10:37:00,36.25,36.28,36.25,36.255,856.0,SUPN
2023-05-04 10:36:00,36.25,36.25,36.25,36.25,221.0,SUPN
2023-05-04 10:34:00,36.2,36.26,36.2,36.26,481.0,SUPN
2023-05-04 10:33:00,36.2,36.2,36.2,36.2,234.0,SUPN
2023-05-04 10:32:00,36.19,36.19,36.19,36.19,688.0,SUPN
2023-05-04 10:31:00,36.2289,36.2289,36.19,36.19,319.0,SUPN
2023-05-04 10:30:00,36.2166,36.2166,36.185,36.185,605.0,SUPN
2023-05-04 10:29:00,36.175,36.175,36.175,36.175,131.0,SUPN
2023-05-04 10:27:00,36.23,36.23,36.175,36.175,1269.0,SUPN
2023-05-04 10:26:00,36.19,36.27,36.19,36.27,623.0,SUPN
2023-05-04 10:25:00,36.205,36.205,36.16,36.16,208.0,SUPN
2023-05-04 10:24:00,36.2,36.2,36.15,36.15,256.0,SUPN
2023-05-04 10:23:00,36.11,36.1989,36.11,36.1989,1984.0,SUPN
2023-05-04 10:22:00,36.11,36.1741,36.11,36.1741,349.0,SUPN
2023-05-04 10:21:00,36.12,36.21,36.12,36.21,930.0,SUPN
2023-05-04 10:19:00,36.21,36.21,36.115,36.115,946.0,SUPN
2023-05-04 10:18:00,36.215,36.215,36.215,36.215,124.0,SUPN
2023-05-04 10:17:00,36.38,36.38,36.38,36.38,336.0,SUPN
2023-05-04 10:16:00,36.385,36.39,36.385,36.39,202.0,SUPN
2023-05-04 10:14:00,36.39,36.39,36.38,36.38,376.0,SUPN
2023-05-04 10:13:00,36.43,36.435,36.38,36.435,1598.0,SUPN
2023-05-04 10:12:00,36.44,36.47,36.43,36.43,652.0,SUPN
2023-05-04 10:11:00,36.515,36.515,36.515,36.515,139.0,SUPN
2023-05-04 10:09:00,36.55,36.55,36.53,36.53,776.0,SUPN
2023-05-04 10:04:00,36.56,36.7499,36.56,36.7499,232.0,SUPN
2023-05-04 10:02:00,36.64,36.64,36.64,36.64,356.0,SUPN
2023-05-04 10:01:00,36.635,36.635,36.635,36.635,333.0,SUPN
2023-05-04 09:57:00,36.57,36.57,36.57,36.57,663.0,SUPN
2023-05-04 09:56:00,36.58,36.635,36.57,36.62,770.0,SUPN
2023-05-04 09:55:00,36.625,36.625,36.625,36.625,297.0,SUPN
2023-05-04 09:54:00,36.57,36.57,36.5,36.5,486.0,SUPN
2023-05-04 09:50:00,36.605,36.605,36.605,36.605,100.0,SUPN
2023-05-04 09:49:00,36.605,36.605,36.605,36.605,138.0,SUPN
2023-05-04 09:47:00,36.55,36.55,36.49,36.49,274.0,SUPN
2023-05-04 09:46:00,36.55,36.55,36.55,36.55,146.0,SUPN
2023-05-04 09:42:00,36.61,36.61,36.61,36.61,771.0,SUPN
2023-05-04 09:41:00,36.555,36.555,36.475,36.475,248.0,SUPN
2023-05-04 09:39:00,36.69,36.69,36.49,36.57,1531.0,SUPN
2023-05-04 09:37:00,36.73,36.73,36.69,36.69,335.0,SUPN
2023-05-04 09:33:00,36.91,36.91,36.91,36.91,110.0,SUPN
2023-05-04 09:31:00,37.0,37.0,36.99,36.99,1701.0,SUPN
2023-05-04 07:03:00,37.22,37.22,37.22,37.22,100.0,SUPN
