date,1. open,2. high,3. low,4. close,5. volume,Ticker
2023-03-09 16:00:00,4.115,4.12,4.11,4.12,20215.0,TEF
2023-03-09 15:59:00,4.12,4.12,4.11,4.115,48918.0,TEF
2023-03-09 15:58:00,4.12,4.12,4.115,4.12,9402.0,TEF
2023-03-09 15:57:00,4.12,4.12,4.115,4.12,5502.0,TEF
2023-03-09 15:56:00,4.12,4.12,4.1199,4.12,3683.0,TEF
2023-03-09 15:55:00,4.12,4.12,4.12,4.12,2303.0,TEF
2023-03-09 15:54:00,4.12,4.12,4.12,4.12,2101.0,TEF
2023-03-09 15:53:00,4.12,4.12,4.12,4.12,13004.0,TEF
2023-03-09 15:52:00,4.12,4.12,4.12,4.12,2407.0,TEF
2023-03-09 15:51:00,4.12,4.12,4.115,4.12,4483.0,TEF
2023-03-09 15:50:00,4.115,4.12,4.115,4.12,3338.0,TEF
2023-03-09 15:49:00,4.115,4.12,4.115,4.12,2900.0,TEF
2023-03-09 15:48:00,4.115,4.115,4.115,4.115,1700.0,TEF
2023-03-09 15:47:00,4.12,4.125,4.115,4.115,36681.0,TEF
2023-03-09 15:46:00,4.13,4.13,4.12,4.125,10939.0,TEF
2023-03-09 15:45:00,4.125,4.13,4.125,4.13,1778.0,TEF
2023-03-09 15:44:00,4.125,4.13,4.125,4.13,2101.0,TEF
2023-03-09 15:43:00,4.13,4.13,4.125,4.13,5176.0,TEF
2023-03-09 15:42:00,4.13,4.13,4.125,4.13,3397.0,TEF
2023-03-09 15:41:00,4.12,4.13,4.12,4.125,1654.0,TEF
2023-03-09 15:40:00,4.13,4.13,4.125,4.125,3426.0,TEF
2023-03-09 15:39:00,4.125,4.125,4.125,4.125,2300.0,TEF
2023-03-09 15:38:00,4.125,4.125,4.12,4.125,4844.0,TEF
2023-03-09 15:37:00,4.13,4.13,4.125,4.125,2642.0,TEF
2023-03-09 15:36:00,4.125,4.13,4.125,4.13,3262.0,TEF
2023-03-09 15:35:00,4.125,4.125,4.125,4.125,2100.0,TEF
2023-03-09 15:34:00,4.125,4.1275,4.12,4.125,11030.0,TEF
2023-03-09 15:33:00,4.12,4.125,4.12,4.125,4800.0,TEF
2023-03-09 15:32:00,4.12,4.12,4.119,4.12,3200.0,TEF
2023-03-09 15:31:00,4.12,4.12,4.115,4.12,3148.0,TEF
2023-03-09 15:30:00,4.12,4.12,4.12,4.12,2033.0,TEF
2023-03-09 15:29:00,4.12,4.12,4.115,4.12,1995.0,TEF
2023-03-09 15:28:00,4.12,4.12,4.12,4.12,2101.0,TEF
2023-03-09 15:27:00,4.12,4.12,4.1158,4.1169,3972.0,TEF
2023-03-09 15:26:00,4.12,4.12,4.11,4.119,18179.0,TEF
2023-03-09 15:25:00,4.119,4.12,4.11,4.12,13108.0,TEF
2023-03-09 15:24:00,4.12,4.12,4.115,4.12,2225.0,TEF
2023-03-09 15:23:00,4.115,4.12,4.115,4.12,4376.0,TEF
2023-03-09 15:22:00,4.12,4.12,4.115,4.115,2001.0,TEF
2023-03-09 15:21:00,4.12,4.12,4.12,4.12,3503.0,TEF
2023-03-09 15:20:00,4.12,4.12,4.12,4.12,1900.0,TEF
2023-03-09 15:19:00,4.12,4.12,4.12,4.12,1302.0,TEF
2023-03-09 15:18:00,4.1159,4.12,4.1159,4.12,2512.0,TEF
2023-03-09 15:17:00,4.12,4.12,4.12,4.12,1400.0,TEF
2023-03-09 15:16:00,4.115,4.12,4.115,4.12,1800.0,TEF
2023-03-09 15:15:00,4.12,4.12,4.12,4.12,2000.0,TEF
2023-03-09 15:14:00,4.115,4.12,4.115,4.12,2906.0,TEF
2023-03-09 15:13:00,4.12,4.12,4.1161,4.12,2103.0,TEF
2023-03-09 15:12:00,4.1193,4.12,4.1193,4.12,1597.0,TEF
2023-03-09 15:11:00,4.1183,4.12,4.115,4.115,2173.0,TEF
2023-03-09 15:09:00,4.115,4.12,4.115,4.115,2101.0,TEF
2023-03-09 15:08:00,4.115,4.12,4.115,4.12,5225.0,TEF
2023-03-09 15:07:00,4.12,4.12,4.115,4.115,9100.0,TEF
2023-03-09 15:06:00,4.12,4.12,4.12,4.12,2670.0,TEF
2023-03-09 15:05:00,4.12,4.12,4.12,4.12,6481.0,TEF
2023-03-09 15:04:00,4.125,4.13,4.1241,4.125,2899.0,TEF
2023-03-09 15:03:00,4.125,4.13,4.125,4.13,3900.0,TEF
2023-03-09 15:02:00,4.12,4.125,4.12,4.125,2700.0,TEF
2023-03-09 15:01:00,4.125,4.125,4.12,4.12,1700.0,TEF
2023-03-09 15:00:00,4.125,4.125,4.12,4.12,1125.0,TEF
2023-03-09 14:59:00,4.12,4.1299,4.12,4.125,8546.0,TEF
2023-03-09 14:58:00,4.125,4.125,4.125,4.125,2771.0,TEF
2023-03-09 14:57:00,4.13,4.13,4.125,4.129,2100.0,TEF
2023-03-09 14:56:00,4.13,4.13,4.125,4.13,500.0,TEF
2023-03-09 14:55:00,4.13,4.13,4.1299,4.13,1035.0,TEF
2023-03-09 14:54:00,4.13,4.13,4.1285,4.13,2850.0,TEF
2023-03-09 14:53:00,4.13,4.13,4.13,4.13,1427.0,TEF
2023-03-09 14:52:00,4.13,4.13,4.13,4.13,1135.0,TEF
2023-03-09 14:51:00,4.13,4.13,4.1297,4.13,1210.0,TEF
2023-03-09 14:50:00,4.13,4.13,4.13,4.13,2202.0,TEF
2023-03-09 14:49:00,4.13,4.13,4.13,4.13,1245.0,TEF
2023-03-09 14:48:00,4.13,4.13,4.13,4.13,900.0,TEF
2023-03-09 14:47:00,4.13,4.13,4.1283,4.13,1200.0,TEF
2023-03-09 14:46:00,4.13,4.13,4.13,4.13,1000.0,TEF
2023-03-09 14:45:00,4.13,4.13,4.13,4.13,1000.0,TEF
2023-03-09 14:44:00,4.13,4.13,4.12,4.125,4021.0,TEF
2023-03-09 14:43:00,4.13,4.13,4.1232,4.13,1000.0,TEF
2023-03-09 14:42:00,4.13,4.13,4.13,4.13,100.0,TEF
2023-03-09 14:41:00,4.13,4.13,4.13,4.13,1100.0,TEF
2023-03-09 14:40:00,4.13,4.13,4.13,4.13,1100.0,TEF
2023-03-09 14:39:00,4.13,4.13,4.13,4.13,1100.0,TEF
2023-03-09 14:38:00,4.1299,4.1299,4.125,4.125,310.0,TEF
2023-03-09 14:37:00,4.13,4.13,4.13,4.13,156.0,TEF
2023-03-09 14:36:00,4.129,4.13,4.129,4.13,2100.0,TEF
2023-03-09 14:34:00,4.13,4.13,4.13,4.13,100.0,TEF
2023-03-09 14:33:00,4.125,4.125,4.125,4.125,201.0,TEF
2023-03-09 14:32:00,4.13,4.13,4.125,4.125,2439.0,TEF
2023-03-09 14:31:00,4.135,4.135,4.13,4.13,5384.0,TEF
2023-03-09 14:30:00,4.135,4.14,4.13,4.13,1490.0,TEF
2023-03-09 14:28:00,4.14,4.14,4.135,4.135,200.0,TEF
2023-03-09 14:27:00,4.14,4.14,4.135,4.14,29314.0,TEF
2023-03-09 14:26:00,4.14,4.14,4.14,4.14,100.0,TEF
2023-03-09 14:25:00,4.135,4.14,4.1309,4.14,8674.0,TEF
2023-03-09 14:24:00,4.139,4.139,4.139,4.139,101.0,TEF
2023-03-09 14:23:00,4.1314,4.14,4.1314,4.14,7200.0,TEF
2023-03-09 14:22:00,4.14,4.14,4.14,4.14,289.0,TEF
2023-03-09 14:20:00,4.14,4.14,4.14,4.14,100.0,TEF
2023-03-09 14:18:00,4.14,4.14,4.14,4.14,200.0,TEF
2023-03-09 14:17:00,4.139,4.139,4.139,4.139,263.0,TEF
2023-03-09 14:15:00,4.135,4.14,4.1316,4.1384,4253.0,TEF
2023-03-09 14:14:00,4.135,4.135,4.1301,4.1301,600.0,TEF
2023-03-09 14:13:00,4.135,4.14,4.135,4.14,702.0,TEF
2023-03-09 14:12:00,4.14,4.14,4.135,4.135,403.0,TEF
2023-03-09 14:10:00,4.139,4.139,4.139,4.139,100.0,TEF
2023-03-09 14:09:00,4.14,4.14,4.14,4.14,100.0,TEF
2023-03-09 14:08:00,4.135,4.135,4.135,4.135,1221.0,TEF
2023-03-09 14:07:00,4.13,4.14,4.13,4.14,17827.0,TEF
2023-03-09 14:06:00,4.135,4.135,4.135,4.135,17269.0,TEF
2023-03-09 14:05:00,4.1336,4.135,4.1336,4.135,501.0,TEF
2023-03-09 14:04:00,4.13,4.135,4.13,4.135,582.0,TEF
2023-03-09 14:03:00,4.135,4.135,4.13,4.135,3555.0,TEF
2023-03-09 14:02:00,4.1357,4.1357,4.135,4.135,611.0,TEF
2023-03-09 14:01:00,4.1301,4.1301,4.13,4.13,1101.0,TEF
2023-03-09 14:00:00,4.14,4.14,4.14,4.14,189.0,TEF
2023-03-09 13:58:00,4.14,4.14,4.135,4.135,300.0,TEF
2023-03-09 13:57:00,4.135,4.135,4.135,4.135,131.0,TEF
2023-03-09 13:56:00,4.136,4.136,4.136,4.136,100.0,TEF
2023-03-09 13:54:00,4.14,4.14,4.14,4.14,336.0,TEF
2023-03-09 13:53:00,4.135,4.135,4.135,4.135,701.0,TEF
2023-03-09 13:52:00,4.135,4.135,4.135,4.135,800.0,TEF
2023-03-09 13:51:00,4.135,4.135,4.135,4.135,202.0,TEF
2023-03-09 13:50:00,4.135,4.135,4.135,4.135,254.0,TEF
2023-03-09 13:49:00,4.135,4.135,4.135,4.135,1400.0,TEF
2023-03-09 13:48:00,4.135,4.135,4.135,4.135,900.0,TEF
2023-03-09 13:47:00,4.135,4.135,4.135,4.135,702.0,TEF
2023-03-09 13:46:00,4.135,4.135,4.135,4.135,101.0,TEF
2023-03-09 13:45:00,4.14,4.14,4.14,4.14,100.0,TEF
2023-03-09 13:44:00,4.135,4.135,4.135,4.135,394.0,TEF
2023-03-09 13:42:00,4.14,4.14,4.135,4.135,302.0,TEF
2023-03-09 13:41:00,4.135,4.135,4.135,4.135,100.0,TEF
2023-03-09 13:38:00,4.135,4.135,4.135,4.135,250.0,TEF
2023-03-09 13:37:00,4.135,4.135,4.135,4.135,100.0,TEF
2023-03-09 13:36:00,4.135,4.135,4.135,4.135,100.0,TEF
2023-03-09 13:35:00,4.135,4.1375,4.135,4.1375,400.0,TEF
2023-03-09 13:34:00,4.1351,4.1351,4.135,4.135,417.0,TEF
2023-03-09 13:33:00,4.135,4.135,4.135,4.135,858.0,TEF
2023-03-09 13:32:00,4.135,4.135,4.135,4.135,201.0,TEF
2023-03-09 13:31:00,4.135,4.1355,4.135,4.1355,466.0,TEF
2023-03-09 13:30:00,4.135,4.135,4.135,4.135,117.0,TEF
2023-03-09 13:29:00,4.135,4.135,4.135,4.135,301.0,TEF
2023-03-09 13:27:00,4.135,4.14,4.135,4.14,200.0,TEF
2023-03-09 13:26:00,4.13,4.135,4.13,4.135,954.0,TEF
2023-03-09 13:25:00,4.135,4.135,4.135,4.135,201.0,TEF
2023-03-09 13:21:00,4.14,4.14,4.135,4.135,401.0,TEF
2023-03-09 13:20:00,4.135,4.14,4.135,4.135,1338.0,TEF
2023-03-09 13:19:00,4.135,4.1357,4.1348,4.135,826.0,TEF
2023-03-09 13:18:00,4.135,4.135,4.135,4.135,824.0,TEF
2023-03-09 13:17:00,4.135,4.135,4.135,4.135,800.0,TEF
2023-03-09 13:16:00,4.13,4.135,4.13,4.135,815.0,TEF
2023-03-09 13:15:00,4.135,4.135,4.135,4.135,221.0,TEF
2023-03-09 13:14:00,4.135,4.135,4.135,4.135,513.0,TEF
2023-03-09 13:13:00,4.135,4.135,4.135,4.135,300.0,TEF
2023-03-09 13:12:00,4.135,4.135,4.135,4.135,1001.0,TEF
2023-03-09 13:11:00,4.135,4.135,4.135,4.135,6800.0,TEF
2023-03-09 13:09:00,4.1301,4.135,4.1301,4.135,2139.0,TEF
2023-03-09 13:04:00,4.14,4.14,4.14,4.14,363.0,TEF
2023-03-09 13:02:00,4.135,4.135,4.135,4.135,200.0,TEF
2023-03-09 13:01:00,4.135,4.135,4.135,4.135,701.0,TEF
2023-03-09 13:00:00,4.14,4.14,4.14,4.14,10697.0,TEF
2023-03-09 12:59:00,4.135,4.15,4.135,4.14,154702.0,TEF
2023-03-09 12:58:00,4.135,4.135,4.135,4.135,230.0,TEF
2023-03-09 12:57:00,4.1301,4.1301,4.1301,4.1301,373.0,TEF
2023-03-09 12:56:00,4.14,4.14,4.13,4.13,900.0,TEF
2023-03-09 12:54:00,4.13,4.13,4.13,4.13,100.0,TEF
2023-03-09 12:53:00,4.13,4.13,4.13,4.13,200.0,TEF
2023-03-09 12:52:00,4.13,4.13,4.13,4.13,300.0,TEF
2023-03-09 12:51:00,4.13,4.1321,4.13,4.13,402.0,TEF
2023-03-09 12:50:00,4.13,4.1375,4.13,4.13,1100.0,TEF
2023-03-09 12:47:00,4.135,4.135,4.135,4.135,200.0,TEF
2023-03-09 12:46:00,4.135,4.135,4.135,4.135,101.0,TEF
2023-03-09 12:45:00,4.135,4.135,4.13,4.13,2802.0,TEF
2023-03-09 12:43:00,4.14,4.14,4.135,4.135,600.0,TEF
2023-03-09 12:42:00,4.135,4.135,4.135,4.135,1000.0,TEF
2023-03-09 12:40:00,4.135,4.135,4.135,4.135,100.0,TEF
2023-03-09 12:39:00,4.135,4.135,4.135,4.135,901.0,TEF
2023-03-09 12:38:00,4.135,4.1375,4.13,4.1375,5585.0,TEF
2023-03-09 12:36:00,4.14,4.14,4.14,4.14,382.0,TEF
2023-03-09 12:35:00,4.14,4.14,4.1384,4.1399,692.0,TEF
2023-03-09 12:34:00,4.14,4.14,4.14,4.14,100.0,TEF
2023-03-09 12:30:00,4.135,4.135,4.135,4.135,156.0,TEF
2023-03-09 12:29:00,4.13,4.14,4.13,4.135,38361.0,TEF
2023-03-09 12:28:00,4.13,4.13,4.13,4.13,525.0,TEF
2023-03-09 12:27:00,4.13,4.13,4.125,4.125,581.0,TEF
2023-03-09 12:25:00,4.13,4.13,4.13,4.13,100.0,TEF
2023-03-09 12:23:00,4.13,4.13,4.13,4.13,308.0,TEF
2023-03-09 12:22:00,4.1253,4.1253,4.1253,4.1253,400.0,TEF
2023-03-09 12:21:00,4.125,4.13,4.125,4.13,1120.0,TEF
2023-03-09 12:19:00,4.125,4.13,4.125,4.13,500.0,TEF
2023-03-09 12:18:00,4.125,4.13,4.1241,4.13,1007.0,TEF
2023-03-09 12:17:00,4.13,4.13,4.13,4.13,500.0,TEF
2023-03-09 12:16:00,4.125,4.128,4.125,4.128,1973.0,TEF
2023-03-09 12:15:00,4.125,4.125,4.125,4.125,1200.0,TEF
2023-03-09 12:14:00,4.1221,4.1221,4.1221,4.1221,358.0,TEF
2023-03-09 12:12:00,4.1253,4.1253,4.1253,4.1253,346.0,TEF
2023-03-09 12:11:00,4.125,4.125,4.125,4.125,100.0,TEF
2023-03-09 12:03:00,4.13,4.135,4.13,4.13,5995.0,TEF
2023-03-09 12:02:00,4.135,4.135,4.135,4.135,601.0,TEF
2023-03-09 12:01:00,4.135,4.135,4.135,4.135,300.0,TEF
2023-03-09 12:00:00,4.135,4.135,4.135,4.135,221.0,TEF
2023-03-09 11:58:00,4.14,4.14,4.14,4.14,200.0,TEF
2023-03-09 11:56:00,4.14,4.14,4.14,4.14,100.0,TEF
2023-03-09 11:55:00,4.135,4.135,4.135,4.135,642.0,TEF
2023-03-09 11:54:00,4.1399,4.1399,4.1399,4.1399,307.0,TEF
2023-03-09 11:52:00,4.14,4.14,4.14,4.14,100.0,TEF
2023-03-09 11:50:00,4.14,4.14,4.14,4.14,200.0,TEF
2023-03-09 11:48:00,4.135,4.135,4.135,4.135,107.0,TEF
2023-03-09 11:47:00,4.14,4.14,4.14,4.14,207.0,TEF
2023-03-09 11:45:00,4.1344,4.1344,4.1344,4.1344,1293.0,TEF
2023-03-09 11:43:00,4.135,4.14,4.1301,4.14,2272.0,TEF
2023-03-09 11:42:00,4.1348,4.1348,4.1348,4.1348,396.0,TEF
2023-03-09 11:41:00,4.135,4.135,4.135,4.135,301.0,TEF
2023-03-09 11:40:00,4.135,4.135,4.135,4.135,300.0,TEF
2023-03-09 11:39:00,4.135,4.135,4.1323,4.135,4798.0,TEF
2023-03-09 11:38:00,4.135,4.14,4.135,4.14,1301.0,TEF
2023-03-09 11:37:00,4.135,4.14,4.135,4.135,800.0,TEF
2023-03-09 11:36:00,4.135,4.135,4.135,4.135,300.0,TEF
2023-03-09 11:35:00,4.135,4.135,4.135,4.135,502.0,TEF
2023-03-09 11:34:00,4.135,4.135,4.135,4.135,300.0,TEF
2023-03-09 11:33:00,4.135,4.135,4.135,4.135,4702.0,TEF
2023-03-09 11:32:00,4.135,4.135,4.135,4.135,300.0,TEF
2023-03-09 11:31:00,4.14,4.14,4.14,4.14,600.0,TEF
2023-03-09 11:30:00,4.14,4.14,4.14,4.14,300.0,TEF
2023-03-09 11:29:00,4.1366,4.14,4.135,4.14,1170.0,TEF
2023-03-09 11:28:00,4.14,4.14,4.14,4.14,821.0,TEF
2023-03-09 11:26:00,4.14,4.14,4.14,4.14,100.0,TEF
2023-03-09 11:25:00,4.1352,4.1352,4.1352,4.1352,500.0,TEF
2023-03-09 11:24:00,4.14,4.14,4.14,4.14,500.0,TEF
2023-03-09 11:23:00,4.14,4.14,4.1369,4.1369,238.0,TEF
2023-03-09 11:22:00,4.14,4.14,4.14,4.14,500.0,TEF
2023-03-09 11:21:00,4.14,4.14,4.14,4.14,501.0,TEF
2023-03-09 11:20:00,4.14,4.14,4.135,4.135,1210.0,TEF
2023-03-09 11:19:00,4.14,4.14,4.14,4.14,1370.0,TEF
2023-03-09 11:18:00,4.14,4.14,4.14,4.14,441.0,TEF
2023-03-09 11:17:00,4.14,4.14,4.14,4.14,1435.0,TEF
2023-03-09 11:16:00,4.14,4.14,4.135,4.135,3047.0,TEF
2023-03-09 11:15:00,4.135,4.14,4.135,4.14,501.0,TEF
2023-03-09 11:14:00,4.135,4.135,4.135,4.135,2400.0,TEF
2023-03-09 11:12:00,4.135,4.135,4.135,4.135,404.0,TEF
2023-03-09 11:11:00,4.135,4.135,4.135,4.135,759.0,TEF
2023-03-09 11:10:00,4.14,4.14,4.14,4.14,331.0,TEF
2023-03-09 11:09:00,4.135,4.135,4.135,4.135,1701.0,TEF
2023-03-09 11:08:00,4.135,4.135,4.1315,4.135,3979.0,TEF
2023-03-09 11:07:00,4.135,4.135,4.135,4.135,1007.0,TEF
2023-03-09 11:06:00,4.135,4.135,4.135,4.135,600.0,TEF
2023-03-09 11:05:00,4.13,4.135,4.13,4.135,1328.0,TEF
2023-03-09 11:02:00,4.135,4.135,4.135,4.135,100.0,TEF
2023-03-09 11:01:00,4.14,4.14,4.1399,4.1399,1424.0,TEF
2023-03-09 11:00:00,4.135,4.14,4.135,4.135,1301.0,TEF
2023-03-09 10:59:00,4.135,4.135,4.135,4.135,484.0,TEF
2023-03-09 10:58:00,4.135,4.135,4.135,4.135,112.0,TEF
2023-03-09 10:56:00,4.145,4.145,4.14,4.14,20004.0,TEF
2023-03-09 10:55:00,4.145,4.15,4.145,4.145,600.0,TEF
2023-03-09 10:53:00,4.1475,4.1475,4.1475,4.1475,101.0,TEF
2023-03-09 10:52:00,4.145,4.15,4.1442,4.1442,749.0,TEF
2023-03-09 10:49:00,4.145,4.145,4.145,4.145,1870.0,TEF
2023-03-09 10:48:00,4.145,4.145,4.145,4.145,999.0,TEF
2023-03-09 10:47:00,4.145,4.145,4.145,4.145,600.0,TEF
2023-03-09 10:46:00,4.145,4.1475,4.145,4.1475,1800.0,TEF
2023-03-09 10:45:00,4.145,4.145,4.145,4.145,501.0,TEF
2023-03-09 10:44:00,4.1401,4.145,4.1401,4.145,600.0,TEF
2023-03-09 10:43:00,4.15,4.15,4.145,4.145,401.0,TEF
2023-03-09 10:42:00,4.15,4.15,4.15,4.15,1202.0,TEF
2023-03-09 10:41:00,4.145,4.145,4.145,4.145,200.0,TEF
2023-03-09 10:40:00,4.145,4.145,4.145,4.145,200.0,TEF
2023-03-09 10:39:00,4.15,4.15,4.15,4.15,200.0,TEF
2023-03-09 10:38:00,4.145,4.145,4.145,4.145,100.0,TEF
2023-03-09 10:37:00,4.145,4.145,4.145,4.145,201.0,TEF
2023-03-09 10:36:00,4.145,4.145,4.145,4.145,210.0,TEF
2023-03-09 10:35:00,4.15,4.15,4.15,4.15,2300.0,TEF
2023-03-09 10:34:00,4.145,4.145,4.1401,4.145,11500.0,TEF
2023-03-09 10:33:00,4.15,4.15,4.145,4.15,1400.0,TEF
2023-03-09 10:31:00,4.145,4.145,4.145,4.145,402.0,TEF
2023-03-09 10:30:00,4.145,4.15,4.1443,4.15,2033.0,TEF
2023-03-09 10:29:00,4.145,4.145,4.145,4.145,500.0,TEF
2023-03-09 10:28:00,4.1449,4.145,4.14,4.145,879.0,TEF
2023-03-09 10:27:00,4.1435,4.145,4.1435,4.145,567.0,TEF
2023-03-09 10:26:00,4.145,4.145,4.145,4.145,101.0,TEF
2023-03-09 10:25:00,4.15,4.15,4.145,4.145,504.0,TEF
2023-03-09 10:24:00,4.145,4.145,4.145,4.145,501.0,TEF
2023-03-09 10:23:00,4.145,4.145,4.145,4.145,400.0,TEF
2023-03-09 10:22:00,4.145,4.15,4.141,4.145,8066.0,TEF
2023-03-09 10:21:00,4.145,4.145,4.145,4.145,702.0,TEF
2023-03-09 10:20:00,4.145,4.145,4.145,4.145,400.0,TEF
2023-03-09 10:18:00,4.145,4.1499,4.14,4.14,1804.0,TEF
2023-03-09 10:17:00,4.145,4.15,4.145,4.15,1000.0,TEF
2023-03-09 10:15:00,4.15,4.15,4.145,4.15,400.0,TEF
2023-03-09 10:14:00,4.1462,4.1462,4.1462,4.1462,1100.0,TEF
2023-03-09 10:13:00,4.145,4.145,4.145,4.145,721.0,TEF
2023-03-09 10:12:00,4.145,4.15,4.145,4.15,1601.0,TEF
2023-03-09 10:11:00,4.1415,4.15,4.1415,4.15,2304.0,TEF
2023-03-09 10:09:00,4.145,4.145,4.145,4.145,363.0,TEF
2023-03-09 10:08:00,4.145,4.145,4.145,4.145,702.0,TEF
2023-03-09 10:06:00,4.14,4.14,4.14,4.14,3550.0,TEF
2023-03-09 10:05:00,4.14,4.14,4.14,4.14,501.0,TEF
2023-03-09 10:03:00,4.14,4.14,4.14,4.14,100.0,TEF
2023-03-09 10:02:00,4.14,4.14,4.14,4.14,502.0,TEF
2023-03-09 10:00:00,4.135,4.1352,4.135,4.1352,553.0,TEF
2023-03-09 09:59:00,4.14,4.14,4.14,4.14,301.0,TEF
2023-03-09 09:58:00,4.135,4.135,4.135,4.135,101.0,TEF
2023-03-09 09:57:00,4.135,4.135,4.135,4.135,1700.0,TEF
2023-03-09 09:56:00,4.14,4.14,4.14,4.14,106.0,TEF
2023-03-09 09:55:00,4.14,4.14,4.14,4.14,1300.0,TEF
2023-03-09 09:54:00,4.14,4.14,4.1363,4.14,5308.0,TEF
2023-03-09 09:53:00,4.145,4.145,4.14,4.14,3503.0,TEF
2023-03-09 09:52:00,4.145,4.145,4.145,4.145,210.0,TEF
2023-03-09 09:51:00,4.145,4.145,4.145,4.145,104.0,TEF
2023-03-09 09:50:00,4.15,4.15,4.15,4.15,525.0,TEF
2023-03-09 09:46:00,4.14,4.145,4.14,4.14,3068.0,TEF
2023-03-09 09:45:00,4.14,4.14,4.14,4.14,1926.0,TEF
2023-03-09 09:44:00,4.14,4.14,4.13,4.13,331.0,TEF
2023-03-09 09:43:00,4.135,4.135,4.135,4.135,149.0,TEF
2023-03-09 09:42:00,4.135,4.135,4.135,4.135,4200.0,TEF
2023-03-09 09:41:00,4.135,4.135,4.135,4.135,208.0,TEF
2023-03-09 09:40:00,4.135,4.135,4.13,4.13,2140.0,TEF
2023-03-09 09:39:00,4.135,4.135,4.13,4.13,1400.0,TEF
2023-03-09 09:38:00,4.135,4.135,4.135,4.135,1939.0,TEF
2023-03-09 09:37:00,4.13,4.135,4.13,4.135,534.0,TEF
2023-03-09 09:36:00,4.135,4.135,4.135,4.135,2703.0,TEF
2023-03-09 09:35:00,4.135,4.135,4.135,4.135,4504.0,TEF
2023-03-09 09:31:00,4.12,4.12,4.12,4.12,2258.0,TEF
2023-03-09 08:13:00,4.12,4.12,4.12,4.12,100.0,TEF
2023-03-09 06:23:00,4.12,4.12,4.12,4.12,242.0,TEF
2023-03-09 06:11:00,4.13,4.13,4.13,4.13,400.0,TEF
2023-03-09 05:52:00,4.13,4.13,4.13,4.13,242.0,TEF
2023-03-09 05:07:00,4.12,4.12,4.12,4.12,400.0,TEF
2023-03-09 04:31:00,4.13,4.13,4.12,4.12,387.0,TEF
2023-03-09 04:14:00,4.14,4.14,4.13,4.13,963.0,TEF
2023-03-09 04:04:00,4.14,4.14,4.14,4.14,723.0,TEF
2023-03-08 16:00:00,4.13,4.13,4.125,4.13,6732.0,TEF
2023-03-08 15:59:00,4.125,4.13,4.125,4.125,3250.0,TEF
2023-03-08 15:58:00,4.125,4.13,4.125,4.125,9797.0,TEF
2023-03-08 15:57:00,4.12,4.13,4.12,4.13,316.0,TEF
2023-03-08 15:56:00,4.13,4.13,4.13,4.13,1480.0,TEF
2023-03-08 15:55:00,4.13,4.13,4.125,4.13,3230.0,TEF
2023-03-08 15:54:00,4.13,4.13,4.125,4.13,1730.0,TEF
2023-03-08 15:53:00,4.13,4.13,4.125,4.129,2613.0,TEF
2023-03-08 15:52:00,4.13,4.13,4.13,4.13,320.0,TEF
2023-03-08 15:51:00,4.13,4.13,4.13,4.13,631.0,TEF
2023-03-08 15:50:00,4.13,4.13,4.13,4.13,630.0,TEF
2023-03-08 15:49:00,4.13,4.13,4.13,4.13,1720.0,TEF
2023-03-08 15:48:00,4.13,4.13,4.13,4.13,551.0,TEF
2023-03-08 15:47:00,4.13,4.13,4.125,4.13,4455.0,TEF
2023-03-08 15:46:00,4.13,4.13,4.125,4.13,6520.0,TEF
2023-03-08 15:45:00,4.13,4.13,4.12,4.13,522.0,TEF
2023-03-08 15:44:00,4.125,4.13,4.125,4.125,1920.0,TEF
2023-03-08 15:43:00,4.13,4.13,4.125,4.13,1720.0,TEF
2023-03-08 15:42:00,4.13,4.13,4.125,4.125,2233.0,TEF
2023-03-08 15:41:00,4.13,4.13,4.1201,4.13,6123.0,TEF
2023-03-08 15:40:00,4.13,4.13,4.13,4.13,115.0,TEF
2023-03-08 15:39:00,4.13,4.13,4.1201,4.13,4546.0,TEF
2023-03-08 15:38:00,4.13,4.13,4.13,4.13,201.0,TEF
2023-03-08 15:37:00,4.13,4.13,4.13,4.13,100.0,TEF
2023-03-08 15:36:00,4.125,4.13,4.12,4.13,3048.0,TEF
2023-03-08 15:35:00,4.125,4.13,4.125,4.13,2465.0,TEF
2023-03-08 15:34:00,4.12,4.125,4.1196,4.125,37305.0,TEF
2023-03-08 15:33:00,4.12,4.12,4.115,4.12,1920.0,TEF
2023-03-08 15:32:00,4.115,4.12,4.115,4.12,12673.0,TEF
2023-03-08 15:31:00,4.1177,4.12,4.115,4.115,701.0,TEF
2023-03-08 15:30:00,4.12,4.12,4.12,4.12,937.0,TEF
2023-03-08 15:29:00,4.115,4.115,4.115,4.115,913.0,TEF
2023-03-08 15:28:00,4.1146,4.1146,4.1146,4.1146,158.0,TEF
2023-03-08 15:27:00,4.115,4.1175,4.115,4.115,880.0,TEF
2023-03-08 15:26:00,4.1175,4.1175,4.1175,4.1175,219.0,TEF
2023-03-08 15:25:00,4.115,4.115,4.115,4.115,2390.0,TEF
2023-03-08 15:24:00,4.115,4.12,4.1116,4.1116,1320.0,TEF
2023-03-08 15:21:00,4.12,4.12,4.12,4.12,230.0,TEF
2023-03-08 15:20:00,4.1175,4.1175,4.1175,4.1175,142.0,TEF
2023-03-08 15:19:00,4.12,4.12,4.12,4.12,120.0,TEF
2023-03-08 15:17:00,4.12,4.12,4.12,4.12,130.0,TEF
2023-03-08 15:16:00,4.12,4.12,4.12,4.12,121.0,TEF
2023-03-08 15:15:00,4.12,4.12,4.12,4.12,120.0,TEF
2023-03-08 15:14:00,4.1123,4.1123,4.1123,4.1123,162.0,TEF
2023-03-08 15:13:00,4.1118,4.12,4.1118,4.12,660.0,TEF
2023-03-08 15:11:00,4.1186,4.12,4.115,4.115,2893.0,TEF
2023-03-08 15:09:00,4.1139,4.12,4.1139,4.1159,1392.0,TEF
2023-03-08 15:06:00,4.12,4.12,4.12,4.12,110.0,TEF
2023-03-08 15:04:00,4.12,4.12,4.12,4.12,100.0,TEF
2023-03-08 15:02:00,4.115,4.12,4.115,4.115,1259.0,TEF
2023-03-08 14:59:00,4.115,4.12,4.115,4.12,920.0,TEF
2023-03-08 14:57:00,4.12,4.12,4.115,4.115,449.0,TEF
2023-03-08 14:56:00,4.11,4.115,4.11,4.115,888.0,TEF
2023-03-08 14:55:00,4.12,4.12,4.115,4.115,757.0,TEF
2023-03-08 14:53:00,4.112,4.112,4.112,4.112,184.0,TEF
2023-03-08 14:52:00,4.115,4.115,4.115,4.115,3269.0,TEF
2023-03-08 14:51:00,4.12,4.12,4.12,4.12,246.0,TEF
2023-03-08 14:49:00,4.12,4.12,4.12,4.12,100.0,TEF
2023-03-08 14:47:00,4.12,4.12,4.12,4.12,200.0,TEF
2023-03-08 14:46:00,4.1199,4.1199,4.1199,4.1199,1083.0,TEF
2023-03-08 14:45:00,4.115,4.115,4.115,4.115,880.0,TEF
2023-03-08 14:43:00,4.12,4.12,4.115,4.115,533.0,TEF
2023-03-08 14:42:00,4.12,4.12,4.12,4.12,222.0,TEF
2023-03-08 14:41:00,4.1123,4.1123,4.1123,4.1123,434.0,TEF
2023-03-08 14:40:00,4.1198,4.1198,4.115,4.115,458.0,TEF
2023-03-08 14:39:00,4.12,4.12,4.12,4.12,111.0,TEF
2023-03-08 14:38:00,4.115,4.115,4.115,4.115,390.0,TEF
2023-03-08 14:37:00,4.12,4.12,4.12,4.12,290.0,TEF
2023-03-08 14:36:00,4.12,4.12,4.12,4.12,133.0,TEF
2023-03-08 14:34:00,4.12,4.12,4.115,4.115,260.0,TEF
2023-03-08 14:33:00,4.115,4.115,4.115,4.115,575.0,TEF
2023-03-08 14:31:00,4.12,4.12,4.12,4.12,100.0,TEF
2023-03-08 14:30:00,4.12,4.12,4.1101,4.12,1344.0,TEF
2023-03-08 14:29:00,4.12,4.12,4.115,4.115,1635.0,TEF
2023-03-08 14:28:00,4.115,4.12,4.115,4.12,200.0,TEF
2023-03-08 14:27:00,4.115,4.116,4.115,4.116,660.0,TEF
2023-03-08 14:26:00,4.115,4.115,4.115,4.115,1650.0,TEF
2023-03-08 14:25:00,4.115,4.115,4.1133,4.1133,600.0,TEF
2023-03-08 14:24:00,4.1135,4.1135,4.1135,4.1135,879.0,TEF
2023-03-08 14:23:00,4.1175,4.1175,4.1175,4.1175,100.0,TEF
2023-03-08 14:21:00,4.11,4.115,4.11,4.115,5277.0,TEF
2023-03-08 14:20:00,4.1177,4.1177,4.11,4.11,4569.0,TEF
2023-03-08 14:19:00,4.1101,4.1101,4.1101,4.1101,2561.0,TEF
2023-03-08 14:18:00,4.115,4.1175,4.115,4.115,601.0,TEF
2023-03-08 14:17:00,4.115,4.115,4.11,4.11,3148.0,TEF
2023-03-08 14:16:00,4.115,4.115,4.11,4.11,1221.0,TEF
2023-03-08 14:15:00,4.12,4.12,4.115,4.115,1710.0,TEF
2023-03-08 14:14:00,4.1101,4.1101,4.1101,4.1101,1500.0,TEF
2023-03-08 14:13:00,4.12,4.12,4.115,4.115,25688.0,TEF
2023-03-08 14:12:00,4.12,4.12,4.115,4.12,2850.0,TEF
2023-03-08 14:11:00,4.1199,4.1199,4.1199,4.1199,574.0,TEF
2023-03-08 14:10:00,4.12,4.12,4.12,4.12,160.0,TEF
2023-03-08 14:09:00,4.118,4.12,4.118,4.12,525.0,TEF
2023-03-08 14:08:00,4.115,4.115,4.1138,4.1138,1170.0,TEF
2023-03-08 14:07:00,4.1119,4.12,4.1119,4.1154,3775.0,TEF
2023-03-08 14:04:00,4.12,4.12,4.12,4.12,103.0,TEF
2023-03-08 14:01:00,4.115,4.115,4.115,4.115,309.0,TEF
2023-03-08 14:00:00,4.1118,4.1118,4.1118,4.1118,400.0,TEF
2023-03-08 13:59:00,4.115,4.1186,4.115,4.115,2020.0,TEF
2023-03-08 13:58:00,4.11,4.1175,4.11,4.1175,1248.0,TEF
2023-03-08 13:57:00,4.115,4.115,4.115,4.115,1550.0,TEF
2023-03-08 13:55:00,4.12,4.12,4.115,4.12,521.0,TEF
2023-03-08 13:54:00,4.115,4.115,4.115,4.115,400.0,TEF
2023-03-08 13:53:00,4.115,4.1184,4.115,4.115,2750.0,TEF
2023-03-08 13:52:00,4.12,4.12,4.12,4.12,144.0,TEF
2023-03-08 13:49:00,4.11,4.1175,4.11,4.115,1404.0,TEF
2023-03-08 13:48:00,4.12,4.12,4.12,4.12,122.0,TEF
2023-03-08 13:47:00,4.1199,4.12,4.115,4.115,910.0,TEF
2023-03-08 13:46:00,4.12,4.12,4.12,4.12,100.0,TEF
2023-03-08 13:42:00,4.115,4.1175,4.115,4.1175,1000.0,TEF
2023-03-08 13:41:00,4.12,4.12,4.12,4.12,140.0,TEF
2023-03-08 13:40:00,4.115,4.115,4.115,4.115,200.0,TEF
2023-03-08 13:39:00,4.12,4.12,4.12,4.12,112.0,TEF
2023-03-08 13:36:00,4.12,4.12,4.12,4.12,101.0,TEF
2023-03-08 13:35:00,4.1144,4.1144,4.1144,4.1144,1038.0,TEF
2023-03-08 13:33:00,4.12,4.12,4.12,4.12,100.0,TEF
2023-03-08 13:32:00,4.115,4.115,4.115,4.115,898.0,TEF
2023-03-08 13:31:00,4.115,4.115,4.1145,4.115,3287.0,TEF
2023-03-08 13:30:00,4.12,4.12,4.12,4.12,110.0,TEF
2023-03-08 13:26:00,4.12,4.12,4.115,4.115,400.0,TEF
2023-03-08 13:25:00,4.115,4.115,4.115,4.115,120.0,TEF
2023-03-08 13:24:00,4.115,4.12,4.115,4.115,4173.0,TEF
2023-03-08 13:23:00,4.115,4.12,4.115,4.12,4922.0,TEF
2023-03-08 13:22:00,4.115,4.12,4.115,4.12,22112.0,TEF
2023-03-08 13:19:00,4.11,4.11,4.11,4.11,110.0,TEF
2023-03-08 13:18:00,4.115,4.115,4.115,4.115,410.0,TEF
2023-03-08 13:17:00,4.1199,4.1199,4.115,4.115,214.0,TEF
2023-03-08 13:16:00,4.115,4.115,4.11,4.115,2850.0,TEF
2023-03-08 13:15:00,4.115,4.115,4.115,4.115,310.0,TEF
2023-03-08 13:14:00,4.115,4.115,4.115,4.115,420.0,TEF
2023-03-08 13:13:00,4.115,4.1158,4.115,4.1158,2529.0,TEF
2023-03-08 13:12:00,4.115,4.115,4.11,4.115,1330.0,TEF
2023-03-08 13:10:00,4.115,4.115,4.115,4.115,100.0,TEF
2023-03-08 13:09:00,4.11,4.115,4.11,4.115,14300.0,TEF
2023-03-08 13:07:00,4.105,4.105,4.105,4.105,100.0,TEF
2023-03-08 13:06:00,4.105,4.105,4.105,4.105,120.0,TEF
2023-03-08 13:05:00,4.105,4.105,4.105,4.105,100.0,TEF
2023-03-08 13:04:00,4.11,4.11,4.105,4.105,2326.0,TEF
2023-03-08 13:03:00,4.115,4.115,4.11,4.11,2393.0,TEF
2023-03-08 13:02:00,4.115,4.115,4.115,4.115,301.0,TEF
2023-03-08 13:01:00,4.115,4.115,4.115,4.115,300.0,TEF
2023-03-08 13:00:00,4.115,4.115,4.115,4.115,166.0,TEF
2023-03-08 12:59:00,4.115,4.115,4.115,4.115,631.0,TEF
2023-03-08 12:57:00,4.115,4.115,4.115,4.115,100.0,TEF
2023-03-08 12:56:00,4.11,4.115,4.11,4.115,700.0,TEF
2023-03-08 12:55:00,4.115,4.115,4.115,4.115,100.0,TEF
2023-03-08 12:54:00,4.115,4.115,4.115,4.115,200.0,TEF
2023-03-08 12:53:00,4.115,4.115,4.115,4.115,100.0,TEF
2023-03-08 12:52:00,4.115,4.115,4.115,4.115,130.0,TEF
2023-03-08 12:51:00,4.115,4.115,4.115,4.115,100.0,TEF
2023-03-08 12:50:00,4.115,4.115,4.115,4.115,503.0,TEF
2023-03-08 12:49:00,4.115,4.115,4.115,4.115,900.0,TEF
2023-03-08 12:47:00,4.115,4.115,4.115,4.115,100.0,TEF
2023-03-08 12:46:00,4.1177,4.1177,4.115,4.115,269.0,TEF
2023-03-08 12:45:00,4.115,4.115,4.115,4.115,200.0,TEF
2023-03-08 12:44:00,4.115,4.115,4.115,4.115,100.0,TEF
2023-03-08 12:43:00,4.115,4.115,4.115,4.115,100.0,TEF
2023-03-08 12:39:00,4.115,4.115,4.115,4.115,610.0,TEF
2023-03-08 12:38:00,4.115,4.1186,4.115,4.115,7665.0,TEF
2023-03-08 12:37:00,4.115,4.115,4.115,4.115,400.0,TEF
2023-03-08 12:36:00,4.115,4.115,4.115,4.115,328.0,TEF
2023-03-08 12:33:00,4.11,4.11,4.11,4.11,100.0,TEF
2023-03-08 12:32:00,4.115,4.115,4.11,4.11,2700.0,TEF
2023-03-08 12:31:00,4.115,4.115,4.115,4.115,1335.0,TEF
2023-03-08 12:30:00,4.115,4.115,4.115,4.115,1554.0,TEF
2023-03-08 12:29:00,4.115,4.115,4.115,4.115,1000.0,TEF
2023-03-08 12:28:00,4.115,4.115,4.115,4.115,2354.0,TEF
2023-03-08 12:27:00,4.115,4.115,4.111,4.115,853.0,TEF
2023-03-08 12:26:00,4.115,4.115,4.115,4.115,801.0,TEF
2023-03-08 12:25:00,4.115,4.118,4.11,4.11,6792.0,TEF
2023-03-08 12:23:00,4.115,4.115,4.115,4.115,100.0,TEF
2023-03-08 12:22:00,4.115,4.115,4.115,4.115,570.0,TEF
2023-03-08 12:21:00,4.115,4.115,4.115,4.115,312.0,TEF
2023-03-08 12:20:00,4.115,4.115,4.115,4.115,425.0,TEF
2023-03-08 12:19:00,4.115,4.115,4.115,4.115,300.0,TEF
2023-03-08 12:17:00,4.115,4.115,4.11,4.115,1400.0,TEF
2023-03-08 12:16:00,4.115,4.115,4.115,4.115,683.0,TEF
2023-03-08 12:15:00,4.115,4.115,4.115,4.115,410.0,TEF
2023-03-08 12:14:00,4.11,4.11,4.11,4.11,320.0,TEF
2023-03-08 12:13:00,4.115,4.115,4.115,4.115,116.0,TEF
2023-03-08 12:12:00,4.115,4.115,4.115,4.115,177.0,TEF
2023-03-08 12:11:00,4.115,4.115,4.115,4.115,467.0,TEF
2023-03-08 12:09:00,4.115,4.115,4.115,4.115,287.0,TEF
2023-03-08 12:08:00,4.115,4.115,4.11,4.11,524.0,TEF
2023-03-08 12:05:00,4.115,4.115,4.115,4.115,127.0,TEF
2023-03-08 12:04:00,4.115,4.115,4.115,4.115,100.0,TEF
2023-03-08 12:02:00,4.12,4.12,4.12,4.12,100.0,TEF
2023-03-08 12:01:00,4.115,4.12,4.115,4.12,200.0,TEF
2023-03-08 12:00:00,4.115,4.12,4.115,4.115,1827.0,TEF
2023-03-08 11:57:00,4.12,4.12,4.12,4.12,300.0,TEF
2023-03-08 11:56:00,4.115,4.115,4.115,4.115,889.0,TEF
2023-03-08 11:55:00,4.1101,4.1101,4.1101,4.1101,307.0,TEF
2023-03-08 11:53:00,4.115,4.12,4.1118,4.1118,2439.0,TEF
2023-03-08 11:52:00,4.12,4.12,4.12,4.12,101.0,TEF
2023-03-08 11:51:00,4.11,4.11,4.11,4.11,208.0,TEF
2023-03-08 11:49:00,4.115,4.115,4.115,4.115,300.0,TEF
2023-03-08 11:47:00,4.1172,4.1172,4.1172,4.1172,508.0,TEF
2023-03-08 11:45:00,4.12,4.12,4.115,4.115,1975.0,TEF
2023-03-08 11:44:00,4.1199,4.1199,4.1199,4.1199,234.0,TEF
2023-03-08 11:43:00,4.11,4.11,4.11,4.11,1000.0,TEF
2023-03-08 11:42:00,4.115,4.115,4.115,4.115,780.0,TEF
2023-03-08 11:37:00,4.115,4.115,4.115,4.115,179.0,TEF
2023-03-08 11:36:00,4.12,4.12,4.115,4.115,1306.0,TEF
2023-03-08 11:35:00,4.12,4.12,4.1173,4.1173,3399.0,TEF
2023-03-08 11:33:00,4.12,4.12,4.12,4.12,1373.0,TEF
2023-03-08 11:31:00,4.13,4.13,4.12,4.12,19413.0,TEF
2023-03-08 11:28:00,4.1346,4.1346,4.13,4.13,1087.0,TEF
2023-03-08 11:27:00,4.1312,4.1312,4.13,4.13,2356.0,TEF
2023-03-08 11:26:00,4.13,4.135,4.13,4.13,5636.0,TEF
2023-03-08 11:25:00,4.135,4.135,4.135,4.135,100.0,TEF
2023-03-08 11:24:00,4.135,4.135,4.135,4.135,636.0,TEF
2023-03-08 11:21:00,4.135,4.14,4.13,4.135,1300.0,TEF
2023-03-08 11:20:00,4.1342,4.1399,4.1342,4.1399,551.0,TEF
2023-03-08 11:19:00,4.13,4.14,4.13,4.14,40618.0,TEF
2023-03-08 11:18:00,4.13,4.13,4.12,4.13,12832.0,TEF
2023-03-08 11:17:00,4.13,4.13,4.13,4.13,308.0,TEF
2023-03-08 11:16:00,4.1268,4.1268,4.125,4.125,658.0,TEF
2023-03-08 11:15:00,4.13,4.13,4.13,4.13,1123.0,TEF
2023-03-08 11:14:00,4.13,4.13,4.13,4.13,292.0,TEF
2023-03-08 11:12:00,4.125,4.125,4.1222,4.125,3419.0,TEF
2023-03-08 11:11:00,4.13,4.13,4.125,4.125,2275.0,TEF
2023-03-08 11:10:00,4.125,4.13,4.125,4.13,649.0,TEF
2023-03-08 11:08:00,4.1259,4.1259,4.1259,4.1259,592.0,TEF
2023-03-08 11:07:00,4.125,4.125,4.125,4.125,446.0,TEF
2023-03-08 11:06:00,4.125,4.13,4.125,4.13,630.0,TEF
2023-03-08 11:04:00,4.125,4.13,4.125,4.13,1691.0,TEF
2023-03-08 11:03:00,4.125,4.125,4.125,4.125,600.0,TEF
2023-03-08 11:01:00,4.125,4.125,4.125,4.125,2020.0,TEF
2023-03-08 11:00:00,4.13,4.13,4.1207,4.1207,1106.0,TEF
2023-03-08 10:58:00,4.12,4.12,4.12,4.12,216.0,TEF
2023-03-08 10:57:00,4.125,4.125,4.12,4.12,310.0,TEF
2023-03-08 10:56:00,4.1245,4.125,4.1245,4.125,600.0,TEF
2023-03-08 10:54:00,4.125,4.125,4.125,4.125,506.0,TEF
2023-03-08 10:53:00,4.12,4.12,4.12,4.12,706.0,TEF
2023-03-08 10:52:00,4.13,4.13,4.13,4.13,406.0,TEF
2023-03-08 10:51:00,4.13,4.13,4.13,4.13,141.0,TEF
2023-03-08 10:50:00,4.13,4.13,4.13,4.13,484.0,TEF
2023-03-08 10:48:00,4.135,4.135,4.13,4.13,675.0,TEF
2023-03-08 10:45:00,4.135,4.1392,4.135,4.1392,634.0,TEF
2023-03-08 10:44:00,4.135,4.135,4.13,4.13,624.0,TEF
2023-03-08 10:43:00,4.135,4.135,4.135,4.135,450.0,TEF
2023-03-08 10:42:00,4.1323,4.1335,4.1323,4.1335,1008.0,TEF
2023-03-08 10:41:00,4.135,4.135,4.135,4.135,733.0,TEF
2023-03-08 10:40:00,4.135,4.135,4.135,4.135,350.0,TEF
2023-03-08 10:39:00,4.14,4.14,4.14,4.14,157.0,TEF
2023-03-08 10:38:00,4.14,4.145,4.14,4.14,6870.0,TEF
2023-03-08 10:37:00,4.1414,4.1414,4.1414,4.1414,156.0,TEF
2023-03-08 10:34:00,4.135,4.1455,4.135,4.1455,1728.0,TEF
2023-03-08 10:33:00,4.14,4.14,4.14,4.14,200.0,TEF
2023-03-08 10:32:00,4.14,4.14,4.14,4.14,432.0,TEF
2023-03-08 10:31:00,4.135,4.135,4.135,4.135,503.0,TEF
2023-03-08 10:30:00,4.13,4.13,4.13,4.13,245.0,TEF
2023-03-08 10:29:00,4.135,4.14,4.135,4.14,1780.0,TEF
2023-03-08 10:28:00,4.1399,4.1399,4.135,4.135,206.0,TEF
2023-03-08 10:27:00,4.135,4.135,4.135,4.135,100.0,TEF
2023-03-08 10:26:00,4.135,4.135,4.135,4.135,303.0,TEF
2023-03-08 10:25:00,4.13,4.135,4.13,4.135,18048.0,TEF
2023-03-08 10:23:00,4.125,4.125,4.125,4.125,508.0,TEF
2023-03-08 10:22:00,4.12,4.125,4.12,4.121,846.0,TEF
2023-03-08 10:21:00,4.12,4.12,4.12,4.12,143.0,TEF
2023-03-08 10:20:00,4.125,4.125,4.12,4.12,510.0,TEF
2023-03-08 10:19:00,4.1201,4.13,4.1201,4.125,4137.0,TEF
2023-03-08 10:18:00,4.13,4.13,4.13,4.13,151.0,TEF
2023-03-08 10:17:00,4.13,4.13,4.13,4.13,106.0,TEF
2023-03-08 10:16:00,4.135,4.135,4.125,4.13,25167.0,TEF
2023-03-08 10:15:00,4.135,4.135,4.135,4.135,1720.0,TEF
2023-03-08 10:14:00,4.135,4.135,4.135,4.135,800.0,TEF
2023-03-08 10:13:00,4.135,4.135,4.135,4.135,831.0,TEF
2023-03-08 10:12:00,4.13,4.135,4.13,4.135,2505.0,TEF
2023-03-08 10:11:00,4.1201,4.13,4.1201,4.13,801.0,TEF
2023-03-08 10:07:00,4.1249,4.125,4.1249,4.125,3017.0,TEF
2023-03-08 10:04:00,4.1256,4.1256,4.1256,4.1256,394.0,TEF
2023-03-08 10:03:00,4.1164,4.12,4.1164,4.12,914.0,TEF
2023-03-08 10:02:00,4.1185,4.12,4.1185,4.12,1373.0,TEF
2023-03-08 10:01:00,4.1291,4.1291,4.12,4.12,5013.0,TEF
2023-03-08 10:00:00,4.1301,4.1301,4.13,4.13,1329.0,TEF
2023-03-08 09:58:00,4.13,4.135,4.13,4.13,2279.0,TEF
2023-03-08 09:57:00,4.13,4.13,4.13,4.13,100.0,TEF
2023-03-08 09:56:00,4.13,4.135,4.13,4.135,308.0,TEF
2023-03-08 09:55:00,4.135,4.135,4.13,4.135,5227.0,TEF
2023-03-08 09:54:00,4.13,4.135,4.13,4.135,10167.0,TEF
2023-03-08 09:51:00,4.13,4.13,4.13,4.13,1094.0,TEF
2023-03-08 09:47:00,4.125,4.125,4.125,4.125,914.0,TEF
2023-03-08 09:46:00,4.11,4.125,4.11,4.12,5083.0,TEF
2023-03-08 09:45:00,4.115,4.12,4.115,4.12,400.0,TEF
2023-03-08 09:43:00,4.12,4.12,4.1101,4.115,3385.0,TEF
2023-03-08 09:42:00,4.115,4.115,4.115,4.115,103.0,TEF
2023-03-08 09:41:00,4.115,4.115,4.1118,4.1118,466.0,TEF
2023-03-08 09:40:00,4.115,4.115,4.115,4.115,589.0,TEF
2023-03-08 09:39:00,4.12,4.12,4.12,4.12,7044.0,TEF
2023-03-08 09:38:00,4.12,4.1284,4.12,4.1284,1480.0,TEF
2023-03-08 09:37:00,4.12,4.1288,4.12,4.1288,17428.0,TEF
2023-03-08 09:36:00,4.12,4.12,4.12,4.12,500.0,TEF
2023-03-08 09:33:00,4.125,4.125,4.125,4.125,1300.0,TEF
2023-03-08 09:32:00,4.12,4.12,4.12,4.12,5541.0,TEF
2023-03-08 09:31:00,4.11,4.115,4.11,4.112,2265.0,TEF
2023-03-08 09:30:00,4.11,4.11,4.11,4.11,500.0,TEF
2023-03-08 04:56:00,4.09,4.09,4.09,4.09,200.0,TEF
2023-03-08 04:09:00,4.09,4.09,4.09,4.09,1000.0,TEF
2023-03-08 04:08:00,4.09,4.09,4.09,4.09,200.0,TEF
2023-03-07 16:00:00,4.11,4.11,4.1,4.1,20751.0,TEF
2023-03-07 15:59:00,4.1083,4.1083,4.1083,4.1083,112.0,TEF
2023-03-07 15:58:00,4.105,4.11,4.105,4.11,862.0,TEF
2023-03-07 15:57:00,4.105,4.11,4.105,4.105,1400.0,TEF
2023-03-07 15:56:00,4.105,4.105,4.105,4.105,1100.0,TEF
2023-03-07 15:55:00,4.105,4.11,4.105,4.11,200.0,TEF
2023-03-07 15:54:00,4.105,4.11,4.105,4.11,600.0,TEF
2023-03-07 15:53:00,4.105,4.105,4.105,4.105,547.0,TEF
2023-03-07 15:52:00,4.11,4.11,4.11,4.11,479.0,TEF
2023-03-07 15:51:00,4.11,4.11,4.105,4.105,751.0,TEF
2023-03-07 15:50:00,4.105,4.105,4.105,4.105,5404.0,TEF
2023-03-07 15:49:00,4.105,4.11,4.105,4.11,1923.0,TEF
2023-03-07 15:48:00,4.105,4.11,4.105,4.105,5600.0,TEF
2023-03-07 15:47:00,4.105,4.105,4.105,4.105,854.0,TEF
2023-03-07 15:46:00,4.105,4.105,4.105,4.105,403.0,TEF
2023-03-07 15:43:00,4.105,4.105,4.105,4.105,766.0,TEF
2023-03-07 15:42:00,4.105,4.11,4.105,4.11,349.0,TEF
2023-03-07 15:41:00,4.105,4.105,4.105,4.105,600.0,TEF
2023-03-07 15:40:00,4.11,4.11,4.105,4.105,300.0,TEF
2023-03-07 15:39:00,4.1099,4.1099,4.1099,4.1099,100.0,TEF
2023-03-07 15:38:00,4.105,4.105,4.105,4.105,649.0,TEF
2023-03-07 15:37:00,4.11,4.11,4.105,4.105,1450.0,TEF
2023-03-07 15:35:00,4.1,4.11,4.1,4.105,3300.0,TEF
2023-03-07 15:34:00,4.1099,4.11,4.105,4.11,4688.0,TEF
2023-03-07 15:33:00,4.105,4.105,4.105,4.105,100.0,TEF
2023-03-07 15:29:00,4.105,4.105,4.105,4.105,400.0,TEF
2023-03-07 15:28:00,4.1,4.105,4.1,4.105,1665.0,TEF
2023-03-07 15:26:00,4.105,4.11,4.1,4.105,2599.0,TEF
2023-03-07 15:25:00,4.1,4.1,4.1,4.1,200.0,TEF
2023-03-07 15:24:00,4.1,4.11,4.1,4.11,4343.0,TEF
2023-03-07 15:23:00,4.1008,4.105,4.1,4.1,1500.0,TEF
2023-03-07 15:21:00,4.1,4.11,4.1,4.11,1779.0,TEF
2023-03-07 15:20:00,4.105,4.11,4.105,4.105,546.0,TEF
2023-03-07 15:19:00,4.11,4.11,4.105,4.105,1271.0,TEF
2023-03-07 15:18:00,4.105,4.1087,4.105,4.1087,975.0,TEF
2023-03-07 15:17:00,4.11,4.11,4.105,4.105,4641.0,TEF
2023-03-07 15:16:00,4.1085,4.11,4.1085,4.11,456.0,TEF
2023-03-07 15:15:00,4.1086,4.11,4.105,4.11,3202.0,TEF
2023-03-07 15:14:00,4.11,4.11,4.108,4.108,3077.0,TEF
2023-03-07 15:13:00,4.105,4.108,4.105,4.108,1518.0,TEF
2023-03-07 15:12:00,4.105,4.106,4.1,4.1054,2727.0,TEF
2023-03-07 15:11:00,4.11,4.11,4.105,4.105,1163.0,TEF
2023-03-07 15:10:00,4.105,4.105,4.105,4.105,200.0,TEF
2023-03-07 15:09:00,4.105,4.11,4.105,4.105,1200.0,TEF
2023-03-07 15:08:00,4.105,4.11,4.105,4.11,1100.0,TEF
2023-03-07 15:07:00,4.11,4.11,4.11,4.11,1336.0,TEF
2023-03-07 15:06:00,4.1,4.11,4.1,4.11,365.0,TEF
2023-03-07 15:05:00,4.1001,4.1084,4.1001,4.1081,952.0,TEF
2023-03-07 15:04:00,4.105,4.105,4.1,4.1,560.0,TEF
2023-03-07 15:03:00,4.1,4.1,4.1,4.1,624.0,TEF
2023-03-07 15:02:00,4.1,4.11,4.1,4.1,734.0,TEF
2023-03-07 15:01:00,4.1,4.1,4.1,4.1,634.0,TEF
2023-03-07 15:00:00,4.11,4.11,4.1,4.1,1184.0,TEF
2023-03-07 14:59:00,4.1,4.1,4.1,4.1,643.0,TEF
2023-03-07 14:58:00,4.11,4.11,4.1,4.105,2516.0,TEF
2023-03-07 14:57:00,4.105,4.11,4.105,4.11,1424.0,TEF
2023-03-07 14:52:00,4.11,4.11,4.11,4.11,124.0,TEF
2023-03-07 14:49:00,4.1013,4.11,4.1013,4.11,560.0,TEF
2023-03-07 14:47:00,4.105,4.11,4.105,4.11,658.0,TEF
2023-03-07 14:46:00,4.105,4.105,4.105,4.105,124.0,TEF
2023-03-07 14:45:00,4.105,4.105,4.105,4.105,224.0,TEF
2023-03-07 14:44:00,4.105,4.105,4.105,4.105,506.0,TEF
2023-03-07 14:43:00,4.1,4.1081,4.1,4.1081,258.0,TEF
2023-03-07 14:41:00,4.1076,4.11,4.1,4.11,1843.0,TEF
2023-03-07 14:40:00,4.105,4.105,4.1,4.105,424.0,TEF
2023-03-07 14:39:00,4.1,4.11,4.1,4.11,1755.0,TEF
2023-03-07 14:38:00,4.105,4.105,4.1,4.105,2924.0,TEF
2023-03-07 14:37:00,4.105,4.11,4.1,4.1,647.0,TEF
2023-03-07 14:36:00,4.11,4.11,4.1,4.1,1874.0,TEF
2023-03-07 14:35:00,4.1,4.11,4.1,4.11,2525.0,TEF
2023-03-07 14:34:00,4.105,4.11,4.105,4.11,1344.0,TEF
2023-03-07 14:33:00,4.109,4.109,4.109,4.109,1089.0,TEF
2023-03-07 14:31:00,4.11,4.11,4.11,4.11,479.0,TEF
2023-03-07 14:30:00,4.11,4.11,4.1087,4.1087,1238.0,TEF
2023-03-07 14:28:00,4.1038,4.1038,4.1038,4.1038,274.0,TEF
2023-03-07 14:26:00,4.11,4.11,4.11,4.11,224.0,TEF
2023-03-07 14:24:00,4.11,4.11,4.11,4.11,6074.0,TEF
2023-03-07 14:23:00,4.11,4.11,4.1033,4.1033,35941.0,TEF
2023-03-07 14:21:00,4.1,4.1,4.1,4.1,131.0,TEF
2023-03-07 14:19:00,4.1074,4.1074,4.1074,4.1074,385.0,TEF
2023-03-07 14:18:00,4.1,4.1,4.1,4.1,124.0,TEF
2023-03-07 14:17:00,4.105,4.105,4.105,4.105,324.0,TEF
2023-03-07 14:15:00,4.1032,4.105,4.1,4.105,1200.0,TEF
2023-03-07 14:14:00,4.11,4.11,4.11,4.11,1125.0,TEF
2023-03-07 14:13:00,4.11,4.11,4.105,4.11,3301.0,TEF
2023-03-07 14:12:00,4.105,4.11,4.105,4.105,4688.0,TEF
2023-03-07 14:11:00,4.105,4.11,4.105,4.105,2852.0,TEF
2023-03-07 14:09:00,4.11,4.11,4.1001,4.105,996.0,TEF
2023-03-07 14:04:00,4.11,4.11,4.105,4.105,1118.0,TEF
2023-03-07 13:58:00,4.106,4.1077,4.1,4.1,1200.0,TEF
2023-03-07 13:56:00,4.105,4.105,4.105,4.105,200.0,TEF
2023-03-07 13:55:00,4.105,4.105,4.105,4.105,100.0,TEF
2023-03-07 13:54:00,4.11,4.11,4.1,4.1,15090.0,TEF
2023-03-07 13:53:00,4.11,4.11,4.11,4.11,100.0,TEF
2023-03-07 13:51:00,4.11,4.11,4.11,4.11,3100.0,TEF
2023-03-07 13:50:00,4.11,4.11,4.11,4.11,823.0,TEF
2023-03-07 13:47:00,4.115,4.115,4.115,4.115,400.0,TEF
2023-03-07 13:46:00,4.115,4.115,4.115,4.115,629.0,TEF
2023-03-07 13:43:00,4.115,4.115,4.115,4.115,1300.0,TEF
2023-03-07 13:42:00,4.11,4.11,4.11,4.11,100.0,TEF
2023-03-07 13:41:00,4.115,4.115,4.115,4.115,1508.0,TEF
2023-03-07 13:40:00,4.115,4.115,4.115,4.115,142.0,TEF
2023-03-07 13:39:00,4.1129,4.1129,4.1129,4.1129,252.0,TEF
2023-03-07 13:36:00,4.115,4.1182,4.115,4.1182,2970.0,TEF
2023-03-07 13:34:00,4.117,4.117,4.117,4.117,106.0,TEF
2023-03-07 13:32:00,4.115,4.115,4.115,4.115,209.0,TEF
2023-03-07 13:31:00,4.11,4.115,4.11,4.115,300.0,TEF
2023-03-07 13:30:00,4.115,4.115,4.115,4.115,120.0,TEF
2023-03-07 13:28:00,4.12,4.12,4.115,4.115,1606.0,TEF
2023-03-07 13:24:00,4.115,4.115,4.115,4.115,609.0,TEF
2023-03-07 13:23:00,4.12,4.12,4.115,4.115,3420.0,TEF
2023-03-07 13:22:00,4.125,4.125,4.125,4.125,3058.0,TEF
2023-03-07 13:21:00,4.1272,4.1272,4.12,4.12,5124.0,TEF
2023-03-07 13:20:00,4.12,4.12,4.12,4.12,553.0,TEF
2023-03-07 13:18:00,4.125,4.125,4.125,4.125,1248.0,TEF
2023-03-07 13:15:00,4.12,4.12,4.12,4.12,214.0,TEF
2023-03-07 13:14:00,4.125,4.125,4.12,4.12,2051.0,TEF
2023-03-07 13:13:00,4.1283,4.1283,4.1283,4.1283,1987.0,TEF
2023-03-07 13:12:00,4.125,4.1286,4.125,4.1286,4768.0,TEF
2023-03-07 13:11:00,4.125,4.125,4.125,4.125,400.0,TEF
2023-03-07 13:05:00,4.125,4.125,4.125,4.125,1320.0,TEF
2023-03-07 13:04:00,4.125,4.125,4.125,4.125,145.0,TEF
2023-03-07 13:02:00,4.1258,4.1258,4.1258,4.1258,474.0,TEF
2023-03-07 13:01:00,4.125,4.125,4.125,4.125,901.0,TEF
2023-03-07 13:00:00,4.125,4.125,4.125,4.125,241.0,TEF
2023-03-07 12:56:00,4.1263,4.1263,4.1224,4.1224,2430.0,TEF
2023-03-07 12:55:00,4.125,4.125,4.125,4.125,300.0,TEF
2023-03-07 12:54:00,4.12,4.125,4.12,4.125,209.0,TEF
2023-03-07 12:51:00,4.1201,4.125,4.1201,4.125,608.0,TEF
2023-03-07 12:50:00,4.13,4.13,4.125,4.125,2360.0,TEF
2023-03-07 12:49:00,4.13,4.13,4.13,4.13,400.0,TEF
2023-03-07 12:47:00,4.13,4.13,4.13,4.13,801.0,TEF
2023-03-07 12:46:00,4.13,4.13,4.13,4.13,589.0,TEF
2023-03-07 12:45:00,4.13,4.13,4.13,4.13,638.0,TEF
2023-03-07 12:44:00,4.13,4.13,4.13,4.13,1600.0,TEF
2023-03-07 12:43:00,4.13,4.13,4.13,4.13,257.0,TEF
2023-03-07 12:42:00,4.13,4.13,4.13,4.13,3443.0,TEF
2023-03-07 12:41:00,4.13,4.135,4.13,4.135,542.0,TEF
2023-03-07 12:40:00,4.13,4.13,4.13,4.13,1900.0,TEF
2023-03-07 12:39:00,4.13,4.1375,4.13,4.13,4371.0,TEF
2023-03-07 12:38:00,4.1391,4.1391,4.1391,4.1391,1300.0,TEF
2023-03-07 12:35:00,4.135,4.135,4.135,4.135,800.0,TEF
2023-03-07 12:34:00,4.135,4.135,4.135,4.135,750.0,TEF
2023-03-07 12:33:00,4.14,4.14,4.135,4.135,579.0,TEF
2023-03-07 12:31:00,4.135,4.135,4.135,4.135,383.0,TEF
2023-03-07 12:30:00,4.135,4.135,4.13,4.13,5319.0,TEF
2023-03-07 12:29:00,4.13,4.135,4.13,4.135,224.0,TEF
2023-03-07 12:27:00,4.14,4.14,4.135,4.135,1000.0,TEF
2023-03-07 12:26:00,4.14,4.14,4.14,4.14,100.0,TEF
2023-03-07 12:25:00,4.1317,4.1317,4.1317,4.1317,359.0,TEF
2023-03-07 12:22:00,4.14,4.14,4.135,4.135,3498.0,TEF
2023-03-07 12:21:00,4.13,4.14,4.13,4.14,7748.0,TEF
2023-03-07 12:20:00,4.13,4.13,4.128,4.13,5297.0,TEF
2023-03-07 12:18:00,4.125,4.125,4.125,4.125,408.0,TEF
2023-03-07 12:15:00,4.1283,4.13,4.1283,4.13,1951.0,TEF
2023-03-07 12:13:00,4.13,4.13,4.13,4.13,292.0,TEF
2023-03-07 12:12:00,4.13,4.13,4.125,4.125,540.0,TEF
2023-03-07 12:07:00,4.1284,4.1284,4.1284,4.1284,166.0,TEF
2023-03-07 12:04:00,4.125,4.125,4.125,4.125,297.0,TEF
2023-03-07 12:03:00,4.12,4.12,4.12,4.12,100.0,TEF
2023-03-07 12:00:00,4.12,4.12,4.12,4.12,187.0,TEF
2023-03-07 11:58:00,4.1249,4.1249,4.1249,4.1249,1030.0,TEF
2023-03-07 11:54:00,4.13,4.13,4.13,4.13,4882.0,TEF
2023-03-07 11:53:00,4.135,4.135,4.13,4.13,904.0,TEF
2023-03-07 11:52:00,4.13,4.135,4.13,4.135,3426.0,TEF
2023-03-07 11:49:00,4.13,4.13,4.13,4.13,1047.0,TEF
2023-03-07 11:48:00,4.13,4.13,4.13,4.13,143.0,TEF
2023-03-07 11:47:00,4.13,4.13,4.13,4.13,209.0,TEF
2023-03-07 11:46:00,4.13,4.13,4.13,4.13,698.0,TEF
2023-03-07 11:45:00,4.13,4.13,4.13,4.13,300.0,TEF
2023-03-07 11:44:00,4.1292,4.1292,4.125,4.125,2350.0,TEF
2023-03-07 11:43:00,4.1287,4.1287,4.1287,4.1287,472.0,TEF
2023-03-07 11:42:00,4.13,4.13,4.13,4.13,301.0,TEF
2023-03-07 11:37:00,4.13,4.13,4.125,4.125,200.0,TEF
2023-03-07 11:36:00,4.125,4.13,4.125,4.13,4200.0,TEF
2023-03-07 11:35:00,4.1262,4.13,4.125,4.13,4841.0,TEF
2023-03-07 11:34:00,4.12,4.1282,4.12,4.1282,666.0,TEF
2023-03-07 11:32:00,4.12,4.1278,4.12,4.1278,1566.0,TEF
2023-03-07 11:29:00,4.12,4.12,4.12,4.12,300.0,TEF
2023-03-07 11:28:00,4.13,4.13,4.13,4.13,2502.0,TEF
2023-03-07 11:27:00,4.1203,4.125,4.1203,4.125,7900.0,TEF
2023-03-07 11:24:00,4.13,4.13,4.13,4.13,228.0,TEF
2023-03-07 11:22:00,4.1287,4.13,4.1287,4.13,2652.0,TEF
2023-03-07 11:21:00,4.13,4.13,4.13,4.13,300.0,TEF
2023-03-07 11:20:00,4.13,4.13,4.13,4.13,147.0,TEF
2023-03-07 11:19:00,4.13,4.13,4.13,4.13,1017.0,TEF
2023-03-07 11:18:00,4.13,4.13,4.13,4.13,502.0,TEF
2023-03-07 11:17:00,4.135,4.135,4.13,4.135,5387.0,TEF
2023-03-07 11:16:00,4.13,4.1376,4.13,4.13,3705.0,TEF
2023-03-07 11:15:00,4.13,4.13,4.13,4.13,6246.0,TEF
2023-03-07 11:14:00,4.13,4.13,4.13,4.13,320.0,TEF
2023-03-07 11:13:00,4.13,4.13,4.13,4.13,1129.0,TEF
2023-03-07 11:11:00,4.13,4.13,4.13,4.13,3300.0,TEF
2023-03-07 11:10:00,4.13,4.1333,4.125,4.125,5024.0,TEF
2023-03-07 11:08:00,4.1378,4.1378,4.13,4.13,373.0,TEF
2023-03-07 11:07:00,4.13,4.13,4.13,4.13,529.0,TEF
2023-03-07 11:06:00,4.14,4.14,4.14,4.14,200.0,TEF
2023-03-07 11:04:00,4.13,4.13,4.125,4.13,12428.0,TEF
2023-03-07 11:03:00,4.125,4.1283,4.12,4.1283,2523.0,TEF
2023-03-07 11:02:00,4.125,4.1279,4.125,4.1279,1470.0,TEF
2023-03-07 11:01:00,4.12,4.125,4.12,4.125,4300.0,TEF
2023-03-07 11:00:00,4.125,4.125,4.12,4.12,7959.0,TEF
2023-03-07 10:59:00,4.1285,4.1285,4.125,4.125,532.0,TEF
2023-03-07 10:58:00,4.12,4.125,4.12,4.125,9001.0,TEF
2023-03-07 10:57:00,4.1201,4.1201,4.12,4.12,2939.0,TEF
2023-03-07 10:56:00,4.1287,4.1287,4.1287,4.1287,3878.0,TEF
2023-03-07 10:55:00,4.1247,4.1269,4.1247,4.1269,2680.0,TEF
2023-03-07 10:53:00,4.13,4.13,4.13,4.13,25557.0,TEF
2023-03-07 10:52:00,4.14,4.14,4.131,4.131,4246.0,TEF
2023-03-07 10:51:00,4.135,4.14,4.135,4.14,3378.0,TEF
2023-03-07 10:50:00,4.14,4.14,4.1314,4.1314,16735.0,TEF
2023-03-07 10:49:00,4.135,4.14,4.1317,4.135,11875.0,TEF
2023-03-07 10:48:00,4.135,4.14,4.1313,4.14,14747.0,TEF
2023-03-07 10:47:00,4.135,4.135,4.135,4.135,2614.0,TEF
2023-03-07 10:46:00,4.135,4.135,4.135,4.135,1900.0,TEF
2023-03-07 10:45:00,4.14,4.14,4.135,4.135,8402.0,TEF
2023-03-07 10:44:00,4.145,4.145,4.14,4.14,3494.0,TEF
2023-03-07 10:42:00,4.145,4.145,4.1401,4.145,1300.0,TEF
2023-03-07 10:41:00,4.145,4.145,4.145,4.145,381.0,TEF
2023-03-07 10:40:00,4.15,4.15,4.145,4.145,1430.0,TEF
2023-03-07 10:39:00,4.15,4.15,4.1418,4.1418,3838.0,TEF
2023-03-07 10:38:00,4.15,4.15,4.15,4.15,2770.0,TEF
2023-03-07 10:37:00,4.142,4.142,4.142,4.142,179.0,TEF
2023-03-07 10:34:00,4.15,4.15,4.15,4.15,2756.0,TEF
2023-03-07 10:33:00,4.15,4.15,4.145,4.145,1112.0,TEF
2023-03-07 10:32:00,4.145,4.15,4.145,4.15,11438.0,TEF
2023-03-07 10:31:00,4.145,4.145,4.145,4.145,200.0,TEF
2023-03-07 10:30:00,4.145,4.145,4.145,4.145,124.0,TEF
2023-03-07 10:28:00,4.15,4.15,4.15,4.15,400.0,TEF
2023-03-07 10:27:00,4.15,4.15,4.15,4.15,12268.0,TEF
2023-03-07 10:26:00,4.155,4.155,4.155,4.155,700.0,TEF
2023-03-07 10:25:00,4.155,4.155,4.155,4.155,500.0,TEF
2023-03-07 10:24:00,4.155,4.16,4.155,4.16,800.0,TEF
2023-03-07 10:23:00,4.15,4.15,4.15,4.15,14075.0,TEF
2023-03-07 10:22:00,4.145,4.15,4.145,4.145,307.0,TEF
2023-03-07 10:21:00,4.145,4.145,4.145,4.145,2009.0,TEF
2023-03-07 10:20:00,4.145,4.145,4.14,4.14,698.0,TEF
2023-03-07 10:19:00,4.145,4.145,4.145,4.145,408.0,TEF
2023-03-07 10:18:00,4.145,4.145,4.145,4.145,457.0,TEF
2023-03-07 10:17:00,4.14,4.14,4.14,4.14,721.0,TEF
2023-03-07 10:16:00,4.145,4.145,4.14,4.14,608.0,TEF
2023-03-07 10:14:00,4.1446,4.15,4.1446,4.15,556.0,TEF
2023-03-07 10:13:00,4.15,4.15,4.15,4.15,177.0,TEF
2023-03-07 10:12:00,4.14,4.14,4.14,4.14,1233.0,TEF
2023-03-07 10:11:00,4.1477,4.1477,4.1477,4.1477,200.0,TEF
2023-03-07 10:09:00,4.14,4.14,4.14,4.14,6936.0,TEF
2023-03-07 10:08:00,4.145,4.145,4.14,4.14,1211.0,TEF
2023-03-07 10:07:00,4.1409,4.1487,4.1409,4.145,6244.0,TEF
2023-03-07 10:06:00,4.146,4.146,4.146,4.146,850.0,TEF
2023-03-07 10:05:00,4.155,4.155,4.15,4.15,3635.0,TEF
2023-03-07 10:04:00,4.1511,4.155,4.1511,4.155,5100.0,TEF
2023-03-07 10:03:00,4.16,4.17,4.16,4.16,7224.0,TEF
2023-03-07 10:02:00,4.16,4.16,4.16,4.16,14105.0,TEF
2023-03-07 10:01:00,4.18,4.18,4.16,4.16,16397.0,TEF
2023-03-07 10:00:00,4.185,4.185,4.18,4.185,26234.0,TEF
2023-03-07 09:59:00,4.1801,4.185,4.18,4.18,16434.0,TEF
2023-03-07 09:58:00,4.185,4.185,4.185,4.185,1000.0,TEF
2023-03-07 09:57:00,4.185,4.185,4.185,4.185,1644.0,TEF
2023-03-07 09:56:00,4.185,4.185,4.185,4.185,407.0,TEF
2023-03-07 09:54:00,4.185,4.185,4.185,4.185,314.0,TEF
2023-03-07 09:53:00,4.185,4.185,4.185,4.185,555.0,TEF
2023-03-07 09:52:00,4.185,4.185,4.185,4.185,505.0,TEF
2023-03-07 09:51:00,4.185,4.185,4.185,4.185,323.0,TEF
2023-03-07 09:50:00,4.185,4.185,4.185,4.185,623.0,TEF
2023-03-07 09:48:00,4.18,4.18,4.18,4.18,100.0,TEF
2023-03-07 09:47:00,4.185,4.185,4.185,4.185,120.0,TEF
2023-03-07 09:45:00,4.18,4.18,4.18,4.18,616.0,TEF
2023-03-07 09:44:00,4.18,4.18,4.18,4.18,100.0,TEF
2023-03-07 09:43:00,4.185,4.185,4.18,4.18,410.0,TEF
2023-03-07 09:42:00,4.18,4.18,4.18,4.18,100.0,TEF
2023-03-07 09:41:00,4.19,4.19,4.185,4.185,1093.0,TEF
2023-03-07 09:40:00,4.19,4.19,4.19,4.19,100.0,TEF
2023-03-07 09:39:00,4.195,4.195,4.195,4.195,284.0,TEF
2023-03-07 09:38:00,4.195,4.1979,4.19,4.1979,1480.0,TEF
2023-03-07 09:34:00,4.1975,4.1975,4.1975,4.1975,300.0,TEF
2023-03-07 09:31:00,4.2,4.2,4.2,4.2,6523.0,TEF
2023-03-07 09:21:00,4.2,4.2,4.2,4.2,100.0,TEF
2023-03-07 08:18:00,4.2,4.2,4.2,4.2,100.0,TEF
2023-03-06 16:00:00,4.195,4.2,4.19,4.2,23804.0,TEF
2023-03-06 15:59:00,4.195,4.2,4.19,4.19,7098.0,TEF
2023-03-06 15:58:00,4.19,4.2,4.19,4.195,1250.0,TEF
2023-03-06 15:57:00,4.19,4.2,4.19,4.195,3150.0,TEF
2023-03-06 15:56:00,4.195,4.2,4.19,4.19,5750.0,TEF
2023-03-06 15:55:00,4.195,4.195,4.1916,4.195,3643.0,TEF
2023-03-06 15:54:00,4.2,4.2,4.19,4.195,15978.0,TEF
2023-03-06 15:53:00,4.195,4.195,4.195,4.195,333.0,TEF
2023-03-06 15:52:00,4.195,4.195,4.195,4.195,900.0,TEF
2023-03-06 15:51:00,4.195,4.2,4.195,4.2,4951.0,TEF
2023-03-06 15:50:00,4.195,4.195,4.195,4.195,334.0,TEF
2023-03-06 15:49:00,4.195,4.195,4.195,4.195,600.0,TEF
2023-03-06 15:48:00,4.195,4.195,4.191,4.195,3340.0,TEF
2023-03-06 15:47:00,4.195,4.195,4.1949,4.195,900.0,TEF
2023-03-06 15:46:00,4.195,4.195,4.19,4.195,16783.0,TEF
2023-03-06 15:45:00,4.195,4.195,4.195,4.195,301.0,TEF
2023-03-06 15:44:00,4.195,4.1984,4.195,4.195,661.0,TEF
2023-03-06 15:43:00,4.195,4.2,4.195,4.195,602.0,TEF
2023-03-06 15:42:00,4.195,4.195,4.195,4.195,6500.0,TEF
2023-03-06 15:41:00,4.195,4.195,4.195,4.195,2515.0,TEF
2023-03-06 15:40:00,4.195,4.2,4.195,4.195,14543.0,TEF
2023-03-06 15:39:00,4.195,4.2,4.195,4.195,2405.0,TEF
2023-03-06 15:37:00,4.1979,4.2,4.1979,4.2,378.0,TEF
2023-03-06 15:36:00,4.2,4.2,4.2,4.2,401.0,TEF
2023-03-06 15:35:00,4.195,4.195,4.195,4.195,341.0,TEF
2023-03-06 15:34:00,4.195,4.2,4.195,4.2,250.0,TEF
2023-03-06 15:33:00,4.195,4.195,4.195,4.195,200.0,TEF
2023-03-06 15:32:00,4.196,4.2,4.195,4.195,1271.0,TEF
2023-03-06 15:31:00,4.2,4.2,4.1921,4.1921,4102.0,TEF
2023-03-06 15:30:00,4.195,4.195,4.195,4.195,504.0,TEF
2023-03-06 15:29:00,4.1947,4.2,4.1947,4.2,1300.0,TEF
2023-03-06 15:28:00,4.195,4.195,4.195,4.195,4224.0,TEF
2023-03-06 15:27:00,4.2,4.2,4.2,4.2,100.0,TEF
2023-03-06 15:20:00,4.195,4.195,4.195,4.195,152.0,TEF
2023-03-06 15:18:00,4.2,4.2,4.195,4.195,200.0,TEF
2023-03-06 15:17:00,4.19,4.19,4.19,4.19,148.0,TEF
2023-03-06 15:15:00,4.1917,4.195,4.19,4.19,8284.0,TEF
2023-03-06 15:14:00,4.195,4.2,4.195,4.195,2462.0,TEF
2023-03-06 15:11:00,4.1964,4.1964,4.1964,4.1964,328.0,TEF
2023-03-06 15:09:00,4.195,4.195,4.195,4.195,204.0,TEF
2023-03-06 15:08:00,4.195,4.2,4.195,4.2,1779.0,TEF
2023-03-06 15:06:00,4.195,4.2,4.19,4.2,2506.0,TEF
2023-03-06 15:05:00,4.195,4.195,4.195,4.195,140.0,TEF
2023-03-06 15:04:00,4.2,4.2,4.2,4.2,100.0,TEF
2023-03-06 15:02:00,4.195,4.195,4.195,4.195,1000.0,TEF
2023-03-06 15:01:00,4.195,4.195,4.195,4.195,100.0,TEF
2023-03-06 15:00:00,4.2,4.2,4.2,4.2,155.0,TEF
2023-03-06 14:57:00,4.2,4.2,4.2,4.2,150.0,TEF
2023-03-06 14:56:00,4.195,4.2,4.195,4.2,3300.0,TEF
2023-03-06 14:55:00,4.2,4.2,4.1979,4.1979,345.0,TEF
2023-03-06 14:52:00,4.2,4.2,4.2,4.2,107.0,TEF
2023-03-06 14:51:00,4.19,4.19,4.19,4.19,514.0,TEF
2023-03-06 14:50:00,4.19,4.19,4.19,4.19,246.0,TEF
2023-03-06 14:48:00,4.195,4.195,4.195,4.195,100.0,TEF
2023-03-06 14:45:00,4.2,4.2,4.2,4.2,140.0,TEF
2023-03-06 14:44:00,4.195,4.195,4.195,4.195,564.0,TEF
2023-03-06 14:43:00,4.2,4.2,4.2,4.2,100.0,TEF
2023-03-06 14:41:00,4.195,4.195,4.195,4.195,1100.0,TEF
2023-03-06 14:40:00,4.2,4.2,4.19,4.195,5800.0,TEF
2023-03-06 14:37:00,4.2,4.2,4.2,4.2,100.0,TEF
2023-03-06 14:36:00,4.2,4.2,4.2,4.2,199.0,TEF
2023-03-06 14:35:00,4.195,4.195,4.195,4.195,125.0,TEF
2023-03-06 14:34:00,4.191,4.2,4.191,4.1999,8667.0,TEF
2023-03-06 14:31:00,4.1988,4.2,4.195,4.2,857.0,TEF
2023-03-06 14:30:00,4.195,4.195,4.195,4.195,110.0,TEF
2023-03-06 14:29:00,4.197,4.197,4.193,4.193,308.0,TEF
2023-03-06 14:28:00,4.2,4.2,4.2,4.2,100.0,TEF
2023-03-06 14:27:00,4.2,4.2,4.2,4.2,100.0,TEF
2023-03-06 14:22:00,4.2,4.2,4.2,4.2,100.0,TEF
2023-03-06 14:21:00,4.195,4.195,4.19,4.19,212.0,TEF
2023-03-06 14:20:00,4.2,4.2,4.2,4.2,100.0,TEF
2023-03-06 14:17:00,4.2,4.2,4.2,4.2,100.0,TEF
2023-03-06 14:14:00,4.195,4.2,4.195,4.195,400.0,TEF
2023-03-06 14:12:00,4.2,4.2,4.2,4.2,182.0,TEF
2023-03-06 14:11:00,4.195,4.2,4.195,4.195,531.0,TEF
2023-03-06 14:10:00,4.195,4.1975,4.195,4.195,1452.0,TEF
2023-03-06 14:08:00,4.2,4.2,4.2,4.2,204.0,TEF
2023-03-06 14:06:00,4.1986,4.1986,4.19,4.19,2350.0,TEF
2023-03-06 14:04:00,4.2,4.2,4.2,4.2,101.0,TEF
2023-03-06 14:02:00,4.2,4.2,4.2,4.2,100.0,TEF
2023-03-06 14:01:00,4.1956,4.1956,4.19,4.19,260.0,TEF
2023-03-06 14:00:00,4.1969,4.1978,4.1969,4.1978,433.0,TEF
2023-03-06 13:59:00,4.2,4.2,4.2,4.2,200.0,TEF
2023-03-06 13:57:00,4.2,4.2,4.19,4.2,1900.0,TEF
2023-03-06 13:56:00,4.2,4.2,4.2,4.2,100.0,TEF
2023-03-06 13:55:00,4.195,4.195,4.195,4.195,219.0,TEF
2023-03-06 13:54:00,4.2,4.2,4.2,4.2,101.0,TEF
2023-03-06 13:50:00,4.195,4.195,4.195,4.195,368.0,TEF
2023-03-06 13:43:00,4.195,4.195,4.195,4.195,600.0,TEF
2023-03-06 13:42:00,4.1993,4.2,4.1993,4.2,340.0,TEF
2023-03-06 13:41:00,4.195,4.195,4.195,4.195,700.0,TEF
2023-03-06 13:38:00,4.195,4.2,4.195,4.195,2982.0,TEF
2023-03-06 13:37:00,4.2,4.2,4.195,4.2,11065.0,TEF
2023-03-06 13:36:00,4.2015,4.2015,4.2,4.2,3659.0,TEF
2023-03-06 13:35:00,4.205,4.21,4.205,4.205,400.0,TEF
2023-03-06 13:34:00,4.205,4.205,4.205,4.205,100.0,TEF
2023-03-06 13:33:00,4.2099,4.2099,4.2099,4.2099,312.0,TEF
2023-03-06 13:32:00,4.21,4.21,4.205,4.205,601.0,TEF
2023-03-06 13:31:00,4.205,4.205,4.2,4.2,336.0,TEF
2023-03-06 13:30:00,4.205,4.205,4.2,4.2,1730.0,TEF
2023-03-06 13:29:00,4.21,4.21,4.205,4.205,1267.0,TEF
2023-03-06 13:28:00,4.205,4.205,4.205,4.205,126.0,TEF
2023-03-06 13:27:00,4.205,4.2082,4.205,4.205,4849.0,TEF
2023-03-06 13:26:00,4.205,4.21,4.205,4.21,303.0,TEF
2023-03-06 13:25:00,4.21,4.21,4.21,4.21,100.0,TEF
2023-03-06 13:23:00,4.2072,4.2072,4.2072,4.2072,1750.0,TEF
2023-03-06 13:22:00,4.21,4.21,4.205,4.205,200.0,TEF
2023-03-06 13:20:00,4.21,4.21,4.21,4.21,100.0,TEF
2023-03-06 13:19:00,4.21,4.21,4.21,4.21,100.0,TEF
2023-03-06 13:18:00,4.2011,4.2011,4.2011,4.2011,395.0,TEF
2023-03-06 13:17:00,4.2,4.2,4.2,4.2,200.0,TEF
2023-03-06 13:16:00,4.2,4.21,4.2,4.2043,793.0,TEF
2023-03-06 13:15:00,4.205,4.205,4.2,4.2,400.0,TEF
2023-03-06 13:13:00,4.205,4.205,4.2,4.2,19894.0,TEF
2023-03-06 13:12:00,4.205,4.205,4.2,4.2,200.0,TEF
2023-03-06 13:11:00,4.205,4.205,4.205,4.205,851.0,TEF
2023-03-06 13:10:00,4.2044,4.205,4.2,4.205,872.0,TEF
2023-03-06 13:09:00,4.2034,4.205,4.2034,4.205,997.0,TEF
2023-03-06 13:08:00,4.2,4.205,4.2,4.205,1300.0,TEF
2023-03-06 13:07:00,4.2046,4.2046,4.2046,4.2046,1013.0,TEF
2023-03-06 13:06:00,4.205,4.205,4.205,4.205,1102.0,TEF
2023-03-06 13:05:00,4.205,4.205,4.205,4.205,2000.0,TEF
2023-03-06 13:04:00,4.2062,4.2062,4.2062,4.2062,1000.0,TEF
2023-03-06 13:03:00,4.21,4.21,4.205,4.205,800.0,TEF
2023-03-06 13:02:00,4.205,4.205,4.205,4.205,2100.0,TEF
2023-03-06 13:01:00,4.205,4.21,4.2,4.205,1602.0,TEF
2023-03-06 13:00:00,4.205,4.205,4.205,4.205,621.0,TEF
2023-03-06 12:59:00,4.205,4.21,4.205,4.205,800.0,TEF
2023-03-06 12:58:00,4.205,4.205,4.205,4.205,100.0,TEF
2023-03-06 12:57:00,4.205,4.205,4.205,4.205,770.0,TEF
2023-03-06 12:56:00,4.205,4.205,4.2041,4.2041,500.0,TEF
2023-03-06 12:55:00,4.205,4.205,4.205,4.205,400.0,TEF
2023-03-06 12:54:00,4.2,4.205,4.2,4.205,700.0,TEF
2023-03-06 12:53:00,4.205,4.205,4.205,4.205,1000.0,TEF
2023-03-06 12:52:00,4.205,4.205,4.2001,4.205,914.0,TEF
2023-03-06 12:51:00,4.205,4.205,4.2,4.205,22389.0,TEF
2023-03-06 12:50:00,4.21,4.21,4.2,4.205,2100.0,TEF
2023-03-06 12:49:00,4.2024,4.2024,4.2024,4.2024,200.0,TEF
2023-03-06 12:48:00,4.205,4.205,4.2024,4.205,400.0,TEF
2023-03-06 12:47:00,4.21,4.21,4.21,4.21,100.0,TEF
2023-03-06 12:46:00,4.205,4.205,4.205,4.205,820.0,TEF
2023-03-06 12:44:00,4.205,4.205,4.205,4.205,100.0,TEF
2023-03-06 12:43:00,4.21,4.21,4.205,4.21,300.0,TEF
2023-03-06 12:41:00,4.21,4.21,4.205,4.205,201.0,TEF
2023-03-06 12:40:00,4.21,4.21,4.205,4.205,1400.0,TEF
2023-03-06 12:38:00,4.21,4.21,4.205,4.205,424.0,TEF
2023-03-06 12:36:00,4.205,4.205,4.205,4.205,2400.0,TEF
2023-03-06 12:35:00,4.205,4.205,4.205,4.205,524.0,TEF
2023-03-06 12:32:00,4.2024,4.2024,4.2024,4.2024,150.0,TEF
2023-03-06 12:31:00,4.205,4.205,4.205,4.205,100.0,TEF
2023-03-06 12:30:00,4.21,4.21,4.21,4.21,100.0,TEF
2023-03-06 12:29:00,4.2001,4.2001,4.2001,4.2001,2499.0,TEF
2023-03-06 12:28:00,4.21,4.21,4.21,4.21,1601.0,TEF
2023-03-06 12:27:00,4.21,4.21,4.205,4.205,1434.0,TEF
2023-03-06 12:26:00,4.21,4.21,4.205,4.21,3428.0,TEF
2023-03-06 12:25:00,4.2001,4.21,4.2001,4.21,521.0,TEF
2023-03-06 12:24:00,4.21,4.21,4.21,4.21,1158.0,TEF
2023-03-06 12:23:00,4.2075,4.21,4.2075,4.21,4858.0,TEF
2023-03-06 12:22:00,4.21,4.21,4.205,4.21,3348.0,TEF
2023-03-06 12:21:00,4.21,4.21,4.21,4.21,200.0,TEF
2023-03-06 12:20:00,4.21,4.21,4.21,4.21,3937.0,TEF
2023-03-06 12:18:00,4.21,4.21,4.2088,4.2088,2500.0,TEF
2023-03-06 12:17:00,4.209,4.21,4.209,4.21,2632.0,TEF
2023-03-06 12:16:00,4.21,4.21,4.2088,4.21,3537.0,TEF
2023-03-06 12:15:00,4.21,4.21,4.21,4.21,202.0,TEF
2023-03-06 12:14:00,4.209,4.21,4.209,4.21,1903.0,TEF
2023-03-06 12:12:00,4.21,4.21,4.21,4.21,101.0,TEF
2023-03-06 12:11:00,4.205,4.205,4.205,4.205,1197.0,TEF
2023-03-06 12:10:00,4.21,4.21,4.21,4.21,100.0,TEF
2023-03-06 12:08:00,4.21,4.21,4.21,4.21,100.0,TEF
2023-03-06 12:07:00,4.205,4.205,4.205,4.205,1200.0,TEF
2023-03-06 12:06:00,4.21,4.21,4.21,4.21,100.0,TEF
2023-03-06 12:04:00,4.21,4.21,4.205,4.21,4711.0,TEF
2023-03-06 12:03:00,4.21,4.21,4.21,4.21,100.0,TEF
2023-03-06 12:02:00,4.21,4.21,4.21,4.21,100.0,TEF
2023-03-06 12:01:00,4.21,4.21,4.205,4.205,1871.0,TEF
2023-03-06 12:00:00,4.21,4.21,4.21,4.21,300.0,TEF
2023-03-06 11:59:00,4.205,4.205,4.205,4.205,111.0,TEF
2023-03-06 11:58:00,4.21,4.21,4.21,4.21,1500.0,TEF
2023-03-06 11:57:00,4.21,4.21,4.21,4.21,100.0,TEF
2023-03-06 11:56:00,4.21,4.21,4.21,4.21,100.0,TEF
2023-03-06 11:54:00,4.21,4.21,4.21,4.21,100.0,TEF
2023-03-06 11:53:00,4.21,4.21,4.2044,4.21,1322.0,TEF
2023-03-06 11:52:00,4.2,4.2,4.2,4.2,668.0,TEF
2023-03-06 11:51:00,4.2,4.21,4.2,4.21,283.0,TEF
2023-03-06 11:49:00,4.2001,4.21,4.2,4.2,6968.0,TEF
2023-03-06 11:48:00,4.21,4.21,4.2086,4.21,613.0,TEF
2023-03-06 11:47:00,4.205,4.205,4.205,4.205,269.0,TEF
2023-03-06 11:46:00,4.21,4.21,4.21,4.21,103.0,TEF
2023-03-06 11:45:00,4.21,4.21,4.21,4.21,419.0,TEF
2023-03-06 11:44:00,4.21,4.21,4.21,4.21,303.0,TEF
2023-03-06 11:43:00,4.21,4.21,4.21,4.21,203.0,TEF
2023-03-06 11:41:00,4.205,4.2093,4.205,4.2093,2252.0,TEF
2023-03-06 11:40:00,4.21,4.21,4.21,4.21,115.0,TEF
2023-03-06 11:37:00,4.21,4.21,4.2062,4.21,303.0,TEF
2023-03-06 11:36:00,4.2091,4.21,4.2077,4.2077,3516.0,TEF
2023-03-06 11:35:00,4.21,4.21,4.21,4.21,200.0,TEF
2023-03-06 11:34:00,4.21,4.21,4.21,4.21,103.0,TEF
2023-03-06 11:33:00,4.21,4.21,4.21,4.21,104.0,TEF
2023-03-06 11:31:00,4.205,4.205,4.205,4.205,203.0,TEF
2023-03-06 11:30:00,4.21,4.21,4.21,4.21,303.0,TEF
2023-03-06 11:29:00,4.205,4.21,4.205,4.21,323.0,TEF
2023-03-06 11:28:00,4.21,4.21,4.205,4.21,903.0,TEF
2023-03-06 11:27:00,4.21,4.21,4.21,4.21,105.0,TEF
2023-03-06 11:26:00,4.21,4.21,4.205,4.205,1833.0,TEF
2023-03-06 11:25:00,4.205,4.21,4.205,4.21,251.0,TEF
2023-03-06 11:24:00,4.205,4.205,4.205,4.205,1103.0,TEF
2023-03-06 11:23:00,4.2037,4.21,4.2,4.2,4858.0,TEF
2023-03-06 11:22:00,4.205,4.205,4.205,4.205,703.0,TEF
2023-03-06 11:21:00,4.21,4.21,4.205,4.2087,6357.0,TEF
2023-03-06 11:20:00,4.205,4.205,4.205,4.205,303.0,TEF
2023-03-06 11:19:00,4.205,4.205,4.2,4.2,4533.0,TEF
2023-03-06 11:18:00,4.205,4.205,4.205,4.205,1203.0,TEF
2023-03-06 11:17:00,4.205,4.205,4.205,4.205,809.0,TEF
2023-03-06 11:16:00,4.205,4.205,4.205,4.205,400.0,TEF
2023-03-06 11:15:00,4.205,4.205,4.2024,4.205,850.0,TEF
2023-03-06 11:14:00,4.21,4.21,4.205,4.205,3665.0,TEF
2023-03-06 11:13:00,4.21,4.21,4.21,4.21,253.0,TEF
2023-03-06 11:12:00,4.21,4.215,4.21,4.215,1990.0,TEF
2023-03-06 11:11:00,4.21,4.21,4.21,4.21,245.0,TEF
2023-03-06 11:10:00,4.21,4.22,4.21,4.215,7584.0,TEF
2023-03-06 11:09:00,4.21,4.2175,4.21,4.2175,1100.0,TEF
2023-03-06 11:08:00,4.21,4.21,4.21,4.21,135.0,TEF
2023-03-06 11:07:00,4.21,4.215,4.21,4.215,462.0,TEF
2023-03-06 11:06:00,4.215,4.215,4.215,4.215,100.0,TEF
2023-03-06 11:04:00,4.21,4.22,4.21,4.21,320.0,TEF
2023-03-06 11:03:00,4.21,4.21,4.21,4.21,3300.0,TEF
2023-03-06 11:02:00,4.21,4.215,4.21,4.21,529.0,TEF
2023-03-06 11:01:00,4.21,4.21,4.21,4.21,100.0,TEF
2023-03-06 11:00:00,4.215,4.22,4.21,4.22,619.0,TEF
2023-03-06 10:59:00,4.215,4.215,4.21,4.21,3111.0,TEF
2023-03-06 10:58:00,4.215,4.22,4.215,4.22,563.0,TEF
2023-03-06 10:56:00,4.215,4.215,4.215,4.215,796.0,TEF
2023-03-06 10:54:00,4.21,4.215,4.21,4.215,10734.0,TEF
2023-03-06 10:53:00,4.205,4.21,4.205,4.21,5059.0,TEF
2023-03-06 10:52:00,4.205,4.21,4.205,4.205,1034.0,TEF
2023-03-06 10:51:00,4.205,4.2062,4.205,4.205,2025.0,TEF
2023-03-06 10:50:00,4.21,4.21,4.21,4.21,2400.0,TEF
2023-03-06 10:49:00,4.205,4.21,4.205,4.21,1333.0,TEF
2023-03-06 10:48:00,4.205,4.2054,4.205,4.205,2445.0,TEF
2023-03-06 10:47:00,4.205,4.21,4.205,4.21,208.0,TEF
2023-03-06 10:46:00,4.21,4.21,4.21,4.21,186.0,TEF
2023-03-06 10:45:00,4.205,4.21,4.205,4.21,500.0,TEF
2023-03-06 10:44:00,4.2,4.2,4.2,4.2,200.0,TEF
2023-03-06 10:43:00,4.21,4.21,4.21,4.21,142.0,TEF
2023-03-06 10:42:00,4.205,4.205,4.2,4.205,1985.0,TEF
2023-03-06 10:41:00,4.205,4.205,4.2,4.205,1915.0,TEF
2023-03-06 10:40:00,4.205,4.205,4.205,4.205,189.0,TEF
2023-03-06 10:38:00,4.2,4.205,4.2,4.2001,341.0,TEF
2023-03-06 10:37:00,4.205,4.205,4.2037,4.2037,1408.0,TEF
2023-03-06 10:36:00,4.2,4.2,4.2,4.2,603.0,TEF
2023-03-06 10:35:00,4.205,4.205,4.205,4.205,1606.0,TEF
2023-03-06 10:34:00,4.205,4.205,4.2,4.2,3723.0,TEF
2023-03-06 10:33:00,4.2,4.205,4.2,4.205,388.0,TEF
2023-03-06 10:32:00,4.2,4.2,4.2,4.2,700.0,TEF
2023-03-06 10:31:00,4.205,4.205,4.205,4.205,2412.0,TEF
2023-03-06 10:29:00,4.205,4.205,4.205,4.205,495.0,TEF
2023-03-06 10:28:00,4.205,4.205,4.205,4.205,595.0,TEF
2023-03-06 10:27:00,4.2,4.2,4.2,4.2,116.0,TEF
2023-03-06 10:26:00,4.205,4.205,4.205,4.205,200.0,TEF
2023-03-06 10:25:00,4.205,4.205,4.205,4.205,296.0,TEF
2023-03-06 10:24:00,4.205,4.205,4.2035,4.205,402.0,TEF
2023-03-06 10:23:00,4.2,4.2,4.2,4.2,261.0,TEF
2023-03-06 10:22:00,4.2,4.2,4.2,4.2,310.0,TEF
2023-03-06 10:21:00,4.205,4.205,4.205,4.205,1178.0,TEF
2023-03-06 10:19:00,4.205,4.205,4.205,4.205,586.0,TEF
2023-03-06 10:18:00,4.205,4.205,4.205,4.205,169.0,TEF
2023-03-06 10:15:00,4.205,4.2082,4.2,4.2082,39311.0,TEF
2023-03-06 10:13:00,4.21,4.21,4.21,4.21,258.0,TEF
2023-03-06 10:12:00,4.215,4.215,4.21,4.21,3171.0,TEF
2023-03-06 10:10:00,4.21,4.21,4.21,4.21,4547.0,TEF
2023-03-06 10:09:00,4.21,4.21,4.21,4.21,6465.0,TEF
2023-03-06 10:08:00,4.205,4.21,4.205,4.21,433.0,TEF
2023-03-06 10:04:00,4.2085,4.2085,4.2085,4.2085,252.0,TEF
2023-03-06 10:03:00,4.1999,4.2,4.195,4.2,7031.0,TEF
2023-03-06 10:02:00,4.2006,4.2006,4.195,4.195,13819.0,TEF
2023-03-06 10:01:00,4.2,4.2082,4.2,4.2,3421.0,TEF
2023-03-06 10:00:00,4.205,4.205,4.205,4.205,2027.0,TEF
2023-03-06 09:59:00,4.2077,4.2077,4.2077,4.2077,140.0,TEF
2023-03-06 09:58:00,4.205,4.205,4.205,4.205,1702.0,TEF
2023-03-06 09:57:00,4.205,4.21,4.205,4.205,1620.0,TEF
2023-03-06 09:56:00,4.205,4.205,4.2,4.2,1211.0,TEF
2023-03-06 09:54:00,4.205,4.21,4.205,4.21,1007.0,TEF
2023-03-06 09:52:00,4.2083,4.2083,4.2083,4.2083,190.0,TEF
2023-03-06 09:51:00,4.2,4.205,4.2,4.2012,8142.0,TEF
2023-03-06 09:50:00,4.2,4.2,4.2,4.2,713.0,TEF
2023-03-06 09:49:00,4.2,4.205,4.2,4.205,7134.0,TEF
2023-03-06 09:47:00,4.1999,4.2,4.1901,4.1901,4839.0,TEF
2023-03-06 09:46:00,4.2,4.2,4.1977,4.1977,12800.0,TEF
2023-03-06 09:45:00,4.2,4.2,4.1965,4.2,3216.0,TEF
2023-03-06 09:44:00,4.195,4.195,4.195,4.195,2420.0,TEF
2023-03-06 09:43:00,4.2,4.2,4.2,4.2,1220.0,TEF
2023-03-06 09:42:00,4.2,4.2,4.2,4.2,220.0,TEF
2023-03-06 09:41:00,4.2,4.2,4.199,4.199,3104.0,TEF
2023-03-06 09:40:00,4.195,4.2,4.195,4.2,6342.0,TEF
2023-03-06 09:37:00,4.19,4.1925,4.19,4.1925,854.0,TEF
2023-03-06 09:36:00,4.195,4.195,4.195,4.195,600.0,TEF
2023-03-06 09:35:00,4.19,4.195,4.19,4.195,29954.0,TEF
2023-03-06 09:34:00,4.19,4.19,4.18,4.19,31039.0,TEF
2023-03-06 09:31:00,4.19,4.19,4.1888,4.19,10860.0,TEF
2023-03-06 08:24:00,4.18,4.18,4.18,4.18,300.0,TEF
2023-03-06 07:05:00,4.17,4.17,4.17,4.17,5000.0,TEF
2023-03-06 05:58:00,4.19,4.19,4.19,4.19,200.0,TEF
2023-03-06 05:39:00,4.19,4.19,4.19,4.19,438.0,TEF
2023-03-06 05:34:00,4.19,4.19,4.19,4.19,205.0,TEF
2023-03-06 05:12:00,4.19,4.19,4.19,4.19,400.0,TEF
2023-03-03 16:00:00,4.145,4.16,4.1425,4.155,41676.0,TEF
2023-03-03 15:59:00,4.145,4.15,4.14,4.145,3579.0,TEF
2023-03-03 15:58:00,4.145,4.15,4.14,4.145,3175.0,TEF
2023-03-03 15:57:00,4.145,4.15,4.14,4.15,2633.0,TEF
2023-03-03 15:56:00,4.145,4.145,4.14,4.145,3876.0,TEF
2023-03-03 15:55:00,4.15,4.15,4.14,4.14,1735.0,TEF
2023-03-03 15:54:00,4.145,4.145,4.14,4.145,1620.0,TEF
2023-03-03 15:53:00,4.145,4.145,4.145,4.145,483.0,TEF
2023-03-03 15:52:00,4.14,4.145,4.14,4.145,2200.0,TEF
2023-03-03 15:51:00,4.145,4.15,4.145,4.15,1373.0,TEF
2023-03-03 15:50:00,4.145,4.15,4.14,4.145,2411.0,TEF
2023-03-03 15:49:00,4.15,4.15,4.14,4.145,1493.0,TEF
2023-03-03 15:48:00,4.145,4.145,4.14,4.145,1542.0,TEF
2023-03-03 15:47:00,4.145,4.15,4.14,4.145,1026.0,TEF
2023-03-03 15:46:00,4.14,4.145,4.14,4.145,986.0,TEF
2023-03-03 15:45:00,4.145,4.15,4.14,4.145,1263.0,TEF
2023-03-03 15:44:00,4.145,4.145,4.14,4.145,972.0,TEF
2023-03-03 15:43:00,4.145,4.15,4.145,4.145,605.0,TEF
2023-03-03 15:42:00,4.15,4.15,4.1401,4.1401,6346.0,TEF
2023-03-03 15:41:00,4.145,4.15,4.145,4.145,2804.0,TEF
2023-03-03 15:40:00,4.14,4.145,4.14,4.145,700.0,TEF
2023-03-03 15:39:00,4.15,4.15,4.14,4.14,340.0,TEF
2023-03-03 15:38:00,4.14,4.145,4.14,4.145,440.0,TEF
2023-03-03 15:37:00,4.145,4.1499,4.14,4.14,1114.0,TEF
2023-03-03 15:36:00,4.14,4.15,4.14,4.15,266.0,TEF
2023-03-03 15:35:00,4.14,4.15,4.14,4.15,600.0,TEF
2023-03-03 15:34:00,4.14,4.145,4.14,4.145,200.0,TEF
2023-03-03 15:33:00,4.14,4.15,4.14,4.145,1410.0,TEF
2023-03-03 15:32:00,4.15,4.15,4.14,4.14,300.0,TEF
2023-03-03 15:31:00,4.14,4.15,4.14,4.145,2420.0,TEF
2023-03-03 15:30:00,4.14,4.15,4.14,4.145,2272.0,TEF
2023-03-03 15:29:00,4.15,4.15,4.14,4.14,421.0,TEF
2023-03-03 15:28:00,4.145,4.145,4.14,4.145,300.0,TEF
2023-03-03 15:27:00,4.145,4.145,4.14,4.145,1130.0,TEF
2023-03-03 15:26:00,4.15,4.15,4.145,4.145,757.0,TEF
2023-03-03 15:25:00,4.14,4.15,4.14,4.15,1720.0,TEF
2023-03-03 15:24:00,4.14,4.145,4.14,4.145,400.0,TEF
2023-03-03 15:23:00,4.145,4.15,4.14,4.15,2994.0,TEF
2023-03-03 15:22:00,4.15,4.15,4.15,4.15,110.0,TEF
2023-03-03 15:21:00,4.15,4.15,4.1425,4.15,350.0,TEF
2023-03-03 15:20:00,4.15,4.15,4.1425,4.1425,220.0,TEF
2023-03-03 15:19:00,4.1425,4.15,4.1425,4.15,221.0,TEF
2023-03-03 15:18:00,4.15,4.15,4.1425,4.1425,201.0,TEF
2023-03-03 15:17:00,4.1425,4.1425,4.1425,4.1425,100.0,TEF
2023-03-03 15:16:00,4.145,4.15,4.145,4.15,767.0,TEF
2023-03-03 15:15:00,4.1425,4.1425,4.1425,4.1425,100.0,TEF
2023-03-03 15:14:00,4.15,4.15,4.1425,4.1425,405.0,TEF
2023-03-03 15:13:00,4.15,4.15,4.1425,4.15,1138.0,TEF
2023-03-03 15:12:00,4.145,4.15,4.14,4.15,2260.0,TEF
2023-03-03 15:11:00,4.15,4.15,4.1425,4.1425,300.0,TEF
2023-03-03 15:10:00,4.15,4.15,4.1425,4.1425,407.0,TEF
2023-03-03 15:09:00,4.145,4.15,4.1425,4.15,2300.0,TEF
2023-03-03 15:08:00,4.145,4.15,4.145,4.15,8267.0,TEF
2023-03-03 15:07:00,4.14,4.15,4.14,4.14,660.0,TEF
2023-03-03 15:06:00,4.145,4.145,4.145,4.145,106.0,TEF
2023-03-03 15:05:00,4.145,4.15,4.14,4.15,3120.0,TEF
2023-03-03 15:04:00,4.14,4.145,4.14,4.145,200.0,TEF
2023-03-03 15:03:00,4.145,4.145,4.145,4.145,101.0,TEF
2023-03-03 15:02:00,4.145,4.145,4.145,4.145,400.0,TEF
2023-03-03 15:01:00,4.145,4.145,4.14,4.1401,4620.0,TEF
2023-03-03 15:00:00,4.15,4.15,4.14,4.14,200.0,TEF
2023-03-03 14:59:00,4.145,4.145,4.14,4.145,716.0,TEF
2023-03-03 14:58:00,4.145,4.1499,4.14,4.14,1404.0,TEF
2023-03-03 14:56:00,4.14,4.145,4.14,4.145,5377.0,TEF
2023-03-03 14:55:00,4.145,4.145,4.145,4.145,106.0,TEF
2023-03-03 14:53:00,4.14,4.14,4.14,4.14,201.0,TEF
2023-03-03 14:52:00,4.14,4.145,4.14,4.14,18360.0,TEF
2023-03-03 14:51:00,4.14,4.14,4.14,4.14,301.0,TEF
2023-03-03 14:50:00,4.14,4.14,4.14,4.14,110.0,TEF
2023-03-03 14:49:00,4.14,4.14,4.1399,4.14,5400.0,TEF
2023-03-03 14:48:00,4.14,4.14,4.1325,4.14,737.0,TEF
2023-03-03 14:47:00,4.1394,4.1394,4.1394,4.1394,374.0,TEF
2023-03-03 14:46:00,4.14,4.14,4.14,4.14,107.0,TEF
2023-03-03 14:45:00,4.14,4.14,4.14,4.14,380.0,TEF
2023-03-03 14:44:00,4.14,4.14,4.14,4.14,300.0,TEF
2023-03-03 14:42:00,4.14,4.14,4.135,4.14,2026.0,TEF
2023-03-03 14:41:00,4.14,4.14,4.1325,4.1325,398.0,TEF
2023-03-03 14:40:00,4.14,4.14,4.14,4.14,334.0,TEF
2023-03-03 14:39:00,4.14,4.14,4.14,4.14,100.0,TEF
2023-03-03 14:38:00,4.14,4.14,4.1325,4.14,500.0,TEF
2023-03-03 14:37:00,4.14,4.14,4.14,4.14,700.0,TEF
2023-03-03 14:36:00,4.14,4.14,4.14,4.14,4269.0,TEF
2023-03-03 14:35:00,4.135,4.14,4.135,4.14,300.0,TEF
2023-03-03 14:34:00,4.14,4.14,4.1325,4.14,540.0,TEF
2023-03-03 14:33:00,4.14,4.14,4.14,4.14,203.0,TEF
2023-03-03 14:32:00,4.14,4.14,4.1325,4.14,843.0,TEF
2023-03-03 14:31:00,4.1325,4.14,4.1319,4.14,8228.0,TEF
2023-03-03 14:30:00,4.14,4.14,4.14,4.14,500.0,TEF
2023-03-03 14:29:00,4.1325,4.1325,4.1325,4.1325,110.0,TEF
2023-03-03 14:28:00,4.1325,4.14,4.1325,4.14,300.0,TEF
2023-03-03 14:27:00,4.14,4.14,4.14,4.14,197.0,TEF
2023-03-03 14:26:00,4.14,4.14,4.1325,4.1325,200.0,TEF
2023-03-03 14:25:00,4.14,4.14,4.14,4.14,200.0,TEF
2023-03-03 14:24:00,4.14,4.14,4.14,4.14,300.0,TEF
2023-03-03 14:23:00,4.14,4.14,4.14,4.14,1756.0,TEF
2023-03-03 14:22:00,4.1308,4.14,4.1308,4.135,8820.0,TEF
2023-03-03 14:21:00,4.1301,4.14,4.1301,4.14,5258.0,TEF
2023-03-03 14:20:00,4.1325,4.135,4.1325,4.135,248.0,TEF
2023-03-03 14:19:00,4.135,4.14,4.135,4.14,1273.0,TEF
2023-03-03 14:18:00,4.135,4.135,4.1325,4.1325,200.0,TEF
2023-03-03 14:17:00,4.1325,4.14,4.1325,4.14,326.0,TEF
2023-03-03 14:16:00,4.14,4.14,4.14,4.14,200.0,TEF
2023-03-03 14:15:00,4.14,4.14,4.1325,4.1325,300.0,TEF
2023-03-03 14:14:00,4.1325,4.14,4.13,4.14,1875.0,TEF
2023-03-03 14:13:00,4.1325,4.14,4.1325,4.14,300.0,TEF
2023-03-03 14:12:00,4.14,4.14,4.14,4.14,358.0,TEF
2023-03-03 14:11:00,4.14,4.14,4.1325,4.14,2727.0,TEF
2023-03-03 14:10:00,4.14,4.14,4.1325,4.14,5102.0,TEF
2023-03-03 14:09:00,4.1363,4.14,4.135,4.135,8009.0,TEF
2023-03-03 14:07:00,4.13,4.14,4.13,4.135,300.0,TEF
2023-03-03 14:06:00,4.14,4.14,4.14,4.14,120.0,TEF
2023-03-03 14:05:00,4.13,4.13,4.13,4.13,100.0,TEF
2023-03-03 14:04:00,4.14,4.14,4.13,4.13,360.0,TEF
2023-03-03 14:03:00,4.14,4.14,4.14,4.14,100.0,TEF
2023-03-03 14:02:00,4.135,4.135,4.13,4.13,210.0,TEF
2023-03-03 14:01:00,4.14,4.14,4.14,4.14,201.0,TEF
2023-03-03 13:59:00,4.13,4.14,4.13,4.135,300.0,TEF
2023-03-03 13:58:00,4.135,4.1381,4.135,4.1381,557.0,TEF
2023-03-03 13:57:00,4.13,4.14,4.13,4.135,1671.0,TEF
2023-03-03 13:55:00,4.1358,4.14,4.135,4.14,622.0,TEF
2023-03-03 13:54:00,4.13,4.14,4.13,4.14,1027.0,TEF
2023-03-03 13:53:00,4.135,4.135,4.135,4.135,859.0,TEF
2023-03-03 13:51:00,4.135,4.14,4.1325,4.14,503.0,TEF
2023-03-03 13:49:00,4.1399,4.1399,4.1381,4.1381,2456.0,TEF
2023-03-03 13:48:00,4.14,4.14,4.13,4.13,1078.0,TEF
2023-03-03 13:47:00,4.14,4.14,4.14,4.14,200.0,TEF
2023-03-03 13:46:00,4.135,4.135,4.13,4.135,1300.0,TEF
2023-03-03 13:45:00,4.13,4.13,4.13,4.13,108.0,TEF
2023-03-03 13:44:00,4.13,4.135,4.13,4.135,300.0,TEF
2023-03-03 13:42:00,4.13,4.13,4.13,4.13,100.0,TEF
2023-03-03 13:41:00,4.1377,4.1377,4.1377,4.1377,268.0,TEF
2023-03-03 13:40:00,4.1379,4.1379,4.13,4.135,627.0,TEF
2023-03-03 13:38:00,4.13,4.13,4.13,4.13,100.0,TEF
2023-03-03 13:37:00,4.13,4.13,4.13,4.13,163.0,TEF
2023-03-03 13:36:00,4.14,4.14,4.135,4.135,2193.0,TEF
2023-03-03 13:35:00,4.14,4.14,4.14,4.14,14269.0,TEF
2023-03-03 13:34:00,4.145,4.145,4.145,4.145,100.0,TEF
2023-03-03 13:33:00,4.14,4.14,4.14,4.14,2503.0,TEF
2023-03-03 13:32:00,4.14,4.15,4.14,4.15,200.0,TEF
2023-03-03 13:31:00,4.15,4.15,4.145,4.15,400.0,TEF
2023-03-03 13:29:00,4.145,4.145,4.145,4.145,1154.0,TEF
2023-03-03 13:28:00,4.145,4.15,4.14,4.145,600.0,TEF
2023-03-03 13:27:00,4.14,4.15,4.14,4.145,1235.0,TEF
2023-03-03 13:26:00,4.1415,4.1415,4.1415,4.1415,266.0,TEF
2023-03-03 13:24:00,4.15,4.15,4.14,4.14,200.0,TEF
2023-03-03 13:23:00,4.14,4.15,4.14,4.15,485.0,TEF
2023-03-03 13:21:00,4.14,4.145,4.14,4.145,300.0,TEF
2023-03-03 13:20:00,4.145,4.15,4.145,4.15,600.0,TEF
2023-03-03 13:19:00,4.145,4.145,4.145,4.145,600.0,TEF
2023-03-03 13:18:00,4.14,4.145,4.14,4.145,362.0,TEF
2023-03-03 13:17:00,4.145,4.145,4.14,4.14,3696.0,TEF
2023-03-03 13:16:00,4.15,4.15,4.145,4.145,1996.0,TEF
2023-03-03 13:15:00,4.1443,4.15,4.14,4.14,450.0,TEF
2023-03-03 13:14:00,4.15,4.15,4.15,4.15,265.0,TEF
2023-03-03 13:12:00,4.15,4.15,4.15,4.15,195.0,TEF
2023-03-03 13:11:00,4.145,4.15,4.145,4.15,224.0,TEF
2023-03-03 13:09:00,4.15,4.15,4.15,4.15,101.0,TEF
2023-03-03 13:08:00,4.1417,4.145,4.1417,4.145,1725.0,TEF
2023-03-03 13:07:00,4.15,4.15,4.15,4.15,101.0,TEF
2023-03-03 13:06:00,4.145,4.145,4.145,4.145,100.0,TEF
2023-03-03 13:04:00,4.145,4.145,4.145,4.145,300.0,TEF
2023-03-03 13:03:00,4.145,4.15,4.145,4.15,405.0,TEF
2023-03-03 12:59:00,4.14,4.145,4.14,4.145,10748.0,TEF
2023-03-03 12:58:00,4.14,4.14,4.14,4.14,200.0,TEF
2023-03-03 12:57:00,4.14,4.14,4.14,4.14,403.0,TEF
2023-03-03 12:56:00,4.14,4.14,4.13,4.13,6345.0,TEF
2023-03-03 12:55:00,4.14,4.14,4.14,4.14,23230.0,TEF
2023-03-03 12:54:00,4.14,4.14,4.135,4.14,4142.0,TEF
2023-03-03 12:53:00,4.14,4.14,4.135,4.135,400.0,TEF
2023-03-03 12:52:00,4.1315,4.1315,4.1315,4.1315,2362.0,TEF
2023-03-03 12:51:00,4.1354,4.14,4.131,4.135,704.0,TEF
2023-03-03 12:49:00,4.135,4.1354,4.134,4.1354,1000.0,TEF
2023-03-03 12:48:00,4.14,4.14,4.135,4.135,2462.0,TEF
2023-03-03 12:47:00,4.1347,4.135,4.1347,4.135,229.0,TEF
2023-03-03 12:46:00,4.135,4.135,4.135,4.135,100.0,TEF
2023-03-03 12:44:00,4.14,4.14,4.135,4.135,300.0,TEF
2023-03-03 12:43:00,4.135,4.135,4.135,4.135,100.0,TEF
2023-03-03 12:41:00,4.14,4.14,4.14,4.14,101.0,TEF
2023-03-03 12:40:00,4.13,4.14,4.13,4.14,221.0,TEF
2023-03-03 12:39:00,4.135,4.135,4.135,4.135,200.0,TEF
2023-03-03 12:38:00,4.1315,4.135,4.1315,4.135,3101.0,TEF
2023-03-03 12:37:00,4.135,4.135,4.135,4.135,100.0,TEF
2023-03-03 12:36:00,4.1329,4.135,4.1329,4.135,3187.0,TEF
2023-03-03 12:34:00,4.14,4.14,4.1385,4.1385,699.0,TEF
2023-03-03 12:33:00,4.14,4.14,4.14,4.14,101.0,TEF
2023-03-03 12:32:00,4.14,4.14,4.14,4.14,301.0,TEF
2023-03-03 12:31:00,4.1399,4.1399,4.1399,4.1399,147.0,TEF
2023-03-03 12:30:00,4.1372,4.14,4.1372,4.14,522.0,TEF
2023-03-03 12:28:00,4.14,4.14,4.135,4.135,1882.0,TEF
2023-03-03 12:27:00,4.14,4.14,4.135,4.1399,2231.0,TEF
2023-03-03 12:26:00,4.135,4.14,4.135,4.1385,3090.0,TEF
2023-03-03 12:25:00,4.135,4.14,4.135,4.14,300.0,TEF
2023-03-03 12:24:00,4.14,4.14,4.135,4.135,200.0,TEF
2023-03-03 12:22:00,4.135,4.14,4.135,4.14,1201.0,TEF
2023-03-03 12:21:00,4.135,4.1367,4.135,4.1367,942.0,TEF
2023-03-03 12:20:00,4.14,4.14,4.14,4.14,102.0,TEF
2023-03-03 12:18:00,4.135,4.135,4.135,4.135,100.0,TEF
2023-03-03 12:17:00,4.14,4.14,4.14,4.14,100.0,TEF
2023-03-03 12:16:00,4.135,4.135,4.135,4.135,573.0,TEF
2023-03-03 12:15:00,4.1327,4.1327,4.1327,4.1327,12000.0,TEF
2023-03-03 12:14:00,4.14,4.14,4.135,4.135,1743.0,TEF
2023-03-03 12:13:00,4.14,4.14,4.135,4.135,402.0,TEF
2023-03-03 12:12:00,4.135,4.14,4.135,4.14,450.0,TEF
2023-03-03 12:10:00,4.14,4.14,4.14,4.14,100.0,TEF
2023-03-03 12:09:00,4.135,4.135,4.135,4.135,811.0,TEF
2023-03-03 12:08:00,4.135,4.135,4.135,4.135,103.0,TEF
2023-03-03 12:07:00,4.1345,4.14,4.1345,4.14,750.0,TEF
2023-03-03 12:06:00,4.135,4.135,4.135,4.135,101.0,TEF
2023-03-03 12:04:00,4.14,4.14,4.135,4.135,788.0,TEF
2023-03-03 12:03:00,4.135,4.135,4.135,4.135,100.0,TEF
2023-03-03 12:02:00,4.135,4.135,4.135,4.135,400.0,TEF
2023-03-03 12:01:00,4.135,4.136,4.135,4.136,769.0,TEF
2023-03-03 12:00:00,4.13,4.135,4.13,4.135,15253.0,TEF
2023-03-03 11:59:00,4.13,4.13,4.13,4.13,400.0,TEF
2023-03-03 11:57:00,4.125,4.13,4.125,4.13,564.0,TEF
2023-03-03 11:56:00,4.125,4.13,4.125,4.13,200.0,TEF
2023-03-03 11:55:00,4.125,4.13,4.125,4.13,200.0,TEF
2023-03-03 11:54:00,4.125,4.13,4.125,4.13,2401.0,TEF
2023-03-03 11:53:00,4.13,4.13,4.125,4.125,1401.0,TEF
2023-03-03 11:52:00,4.125,4.13,4.125,4.13,200.0,TEF
2023-03-03 11:51:00,4.125,4.125,4.125,4.125,166.0,TEF
2023-03-03 11:50:00,4.1299,4.1299,4.1299,4.1299,414.0,TEF
2023-03-03 11:49:00,4.13,4.13,4.13,4.13,116.0,TEF
2023-03-03 11:48:00,4.125,4.125,4.125,4.125,105.0,TEF
2023-03-03 11:46:00,4.13,4.13,4.13,4.13,215.0,TEF
2023-03-03 11:44:00,4.125,4.125,4.12,4.125,1315.0,TEF
2023-03-03 11:43:00,4.13,4.13,4.13,4.13,123.0,TEF
2023-03-03 11:41:00,4.125,4.125,4.125,4.125,121.0,TEF
2023-03-03 11:40:00,4.125,4.13,4.125,4.13,200.0,TEF
2023-03-03 11:39:00,4.125,4.125,4.125,4.125,600.0,TEF
2023-03-03 11:38:00,4.13,4.13,4.13,4.13,101.0,TEF
2023-03-03 11:37:00,4.125,4.13,4.125,4.13,305.0,TEF
2023-03-03 11:35:00,4.13,4.13,4.12,4.12,3482.0,TEF
2023-03-03 11:32:00,4.13,4.13,4.13,4.13,100.0,TEF
2023-03-03 11:30:00,4.13,4.13,4.13,4.13,300.0,TEF
2023-03-03 11:29:00,4.13,4.13,4.13,4.13,101.0,TEF
2023-03-03 11:27:00,4.13,4.13,4.13,4.13,100.0,TEF
2023-03-03 11:26:00,4.125,4.125,4.125,4.125,103.0,TEF
2023-03-03 11:25:00,4.125,4.125,4.125,4.125,400.0,TEF
2023-03-03 11:23:00,4.1201,4.1268,4.1201,4.125,2975.0,TEF
2023-03-03 11:21:00,4.125,4.125,4.12,4.12,2903.0,TEF
2023-03-03 11:20:00,4.1243,4.125,4.1243,4.125,1842.0,TEF
2023-03-03 11:19:00,4.12,4.12,4.12,4.12,10521.0,TEF
2023-03-03 11:13:00,4.12,4.12,4.12,4.12,3553.0,TEF
2023-03-03 11:12:00,4.125,4.125,4.12,4.12,4029.0,TEF
2023-03-03 11:08:00,4.12,4.12,4.12,4.12,131.0,TEF
2023-03-03 11:06:00,4.125,4.13,4.125,4.125,424.0,TEF
2023-03-03 10:59:00,4.13,4.13,4.13,4.13,404.0,TEF
2023-03-03 10:58:00,4.125,4.13,4.125,4.13,309.0,TEF
2023-03-03 10:57:00,4.13,4.13,4.13,4.13,243.0,TEF
2023-03-03 10:56:00,4.13,4.13,4.125,4.125,303.0,TEF
2023-03-03 10:55:00,4.13,4.13,4.13,4.13,330.0,TEF
2023-03-03 10:54:00,4.13,4.13,4.125,4.125,446.0,TEF
2023-03-03 10:52:00,4.13,4.13,4.125,4.125,491.0,TEF
2023-03-03 10:50:00,4.13,4.13,4.125,4.125,324.0,TEF
2023-03-03 10:49:00,4.125,4.13,4.125,4.13,616.0,TEF
2023-03-03 10:48:00,4.13,4.13,4.13,4.13,184.0,TEF
2023-03-03 10:47:00,4.13,4.13,4.13,4.13,100.0,TEF
2023-03-03 10:46:00,4.13,4.13,4.125,4.125,14181.0,TEF
2023-03-03 10:45:00,4.14,4.14,4.13,4.13,1258.0,TEF
2023-03-03 10:43:00,4.135,4.135,4.135,4.135,1019.0,TEF
2023-03-03 10:41:00,4.135,4.135,4.13,4.135,855.0,TEF
2023-03-03 10:40:00,4.135,4.135,4.135,4.135,230.0,TEF
2023-03-03 10:39:00,4.135,4.135,4.1331,4.1331,658.0,TEF
2023-03-03 10:38:00,4.135,4.135,4.135,4.135,111.0,TEF
2023-03-03 10:37:00,4.135,4.135,4.135,4.135,850.0,TEF
2023-03-03 10:36:00,4.135,4.135,4.135,4.135,388.0,TEF
2023-03-03 10:35:00,4.135,4.135,4.135,4.135,560.0,TEF
2023-03-03 10:34:00,4.135,4.135,4.135,4.135,179.0,TEF
2023-03-03 10:33:00,4.135,4.135,4.135,4.135,1280.0,TEF
2023-03-03 10:32:00,4.1386,4.14,4.135,4.135,1599.0,TEF
2023-03-03 10:30:00,4.135,4.135,4.135,4.135,302.0,TEF
2023-03-03 10:28:00,4.14,4.14,4.14,4.14,179.0,TEF
2023-03-03 10:25:00,4.135,4.135,4.135,4.135,177.0,TEF
2023-03-03 10:24:00,4.14,4.14,4.14,4.14,284.0,TEF
2023-03-03 10:23:00,4.135,4.135,4.135,4.135,463.0,TEF
2023-03-03 10:22:00,4.135,4.135,4.135,4.135,188.0,TEF
2023-03-03 10:19:00,4.135,4.135,4.135,4.135,1039.0,TEF
2023-03-03 10:18:00,4.135,4.135,4.135,4.135,100.0,TEF
2023-03-03 10:17:00,4.135,4.135,4.13,4.13,3240.0,TEF
2023-03-03 10:16:00,4.135,4.135,4.135,4.135,964.0,TEF
2023-03-03 10:15:00,4.135,4.135,4.135,4.135,179.0,TEF
2023-03-03 10:14:00,4.13,4.135,4.13,4.135,1160.0,TEF
2023-03-03 10:12:00,4.1201,4.13,4.1201,4.13,6420.0,TEF
2023-03-03 10:10:00,4.13,4.13,4.13,4.13,203.0,TEF
2023-03-03 10:09:00,4.1201,4.1299,4.1201,4.1299,3443.0,TEF
2023-03-03 10:08:00,4.125,4.125,4.125,4.125,197.0,TEF
2023-03-03 10:07:00,4.1284,4.1284,4.12,4.125,2100.0,TEF
2023-03-03 10:06:00,4.13,4.13,4.125,4.125,200.0,TEF
2023-03-03 10:05:00,4.13,4.13,4.13,4.13,3087.0,TEF
2023-03-03 10:03:00,4.125,4.125,4.125,4.125,109.0,TEF
2023-03-03 10:01:00,4.13,4.135,4.13,4.135,5763.0,TEF
2023-03-03 10:00:00,4.1331,4.1331,4.1331,4.1331,309.0,TEF
2023-03-03 09:59:00,4.1331,4.1331,4.1331,4.1331,301.0,TEF
2023-03-03 09:58:00,4.13,4.135,4.13,4.135,529.0,TEF
2023-03-03 09:57:00,4.13,4.135,4.13,4.135,300.0,TEF
2023-03-03 09:55:00,4.1387,4.1387,4.135,4.135,796.0,TEF
2023-03-03 09:54:00,4.13,4.135,4.125,4.135,14928.0,TEF
2023-03-03 09:53:00,4.13,4.13,4.125,4.125,2061.0,TEF
2023-03-03 09:52:00,4.125,4.125,4.12,4.12,587.0,TEF
2023-03-03 09:51:00,4.125,4.125,4.125,4.125,965.0,TEF
2023-03-03 09:50:00,4.125,4.125,4.125,4.125,100.0,TEF
2023-03-03 09:49:00,4.125,4.125,4.125,4.125,570.0,TEF
2023-03-03 09:47:00,4.12,4.125,4.12,4.125,5715.0,TEF
2023-03-03 09:46:00,4.1161,4.1161,4.1161,4.1161,445.0,TEF
2023-03-03 09:45:00,4.115,4.115,4.115,4.115,156.0,TEF
2023-03-03 09:44:00,4.115,4.115,4.115,4.115,700.0,TEF
2023-03-03 09:43:00,4.12,4.12,4.12,4.12,2696.0,TEF
2023-03-03 09:42:00,4.12,4.12,4.12,4.12,2101.0,TEF
2023-03-03 09:39:00,4.115,4.115,4.115,4.115,500.0,TEF
2023-03-03 09:36:00,4.115,4.115,4.115,4.115,223.0,TEF
2023-03-03 09:35:00,4.11,4.11,4.11,4.11,859.0,TEF
2023-03-03 09:34:00,4.105,4.105,4.105,4.105,725.0,TEF
2023-03-03 09:31:00,4.12,4.12,4.1,4.1,11521.0,TEF
2023-03-03 05:42:00,4.11,4.11,4.11,4.11,893.0,TEF
2023-03-03 04:35:00,4.12,4.12,4.12,4.12,200.0,TEF
2023-03-03 04:30:00,4.12,4.12,4.12,4.12,100.0,TEF
2023-03-03 04:29:00,4.12,4.12,4.12,4.12,100.0,TEF
2023-03-03 04:28:00,4.12,4.12,4.12,4.12,200.0,TEF
2023-03-02 16:00:00,4.12,4.12,4.11,4.11,15803.0,TEF
2023-03-02 15:59:00,4.115,4.12,4.11,4.12,3671.0,TEF
2023-03-02 15:58:00,4.12,4.12,4.11,4.115,4255.0,TEF
2023-03-02 15:57:00,4.115,4.12,4.11,4.12,5344.0,TEF
2023-03-02 15:56:00,4.1095,4.1154,4.1061,4.115,13902.0,TEF
2023-03-02 15:55:00,4.105,4.1068,4.105,4.105,2550.0,TEF
2023-03-02 15:54:00,4.12,4.12,4.105,4.105,23582.0,TEF
2023-03-02 15:53:00,4.12,4.12,4.11,4.1175,3257.0,TEF
2023-03-02 15:52:00,4.115,4.115,4.11,4.115,1178.0,TEF
2023-03-02 15:51:00,4.11,4.12,4.11,4.12,5550.0,TEF
2023-03-02 15:50:00,4.115,4.115,4.115,4.115,182.0,TEF
2023-03-02 15:49:00,4.115,4.115,4.115,4.115,971.0,TEF
2023-03-02 15:48:00,4.115,4.115,4.115,4.115,609.0,TEF
2023-03-02 15:47:00,4.115,4.115,4.11,4.115,537.0,TEF
2023-03-02 15:46:00,4.115,4.115,4.115,4.115,557.0,TEF
2023-03-02 15:45:00,4.115,4.115,4.115,4.115,462.0,TEF
2023-03-02 15:44:00,4.115,4.12,4.115,4.115,5083.0,TEF
2023-03-02 15:43:00,4.115,4.115,4.115,4.115,369.0,TEF
2023-03-02 15:42:00,4.115,4.115,4.11,4.11,443.0,TEF
2023-03-02 15:41:00,4.115,4.12,4.115,4.115,579.0,TEF
2023-03-02 15:40:00,4.115,4.115,4.115,4.115,696.0,TEF
2023-03-02 15:38:00,4.115,4.115,4.11,4.115,698.0,TEF
2023-03-02 15:37:00,4.115,4.115,4.115,4.115,357.0,TEF
2023-03-02 15:34:00,4.115,4.115,4.115,4.115,201.0,TEF
2023-03-02 15:33:00,4.115,4.115,4.11,4.11,4400.0,TEF
2023-03-02 15:32:00,4.115,4.115,4.115,4.115,665.0,TEF
2023-03-02 15:29:00,4.11,4.11,4.11,4.11,100.0,TEF
2023-03-02 15:28:00,4.11,4.11,4.11,4.11,6297.0,TEF
2023-03-02 15:27:00,4.11,4.11,4.11,4.11,9688.0,TEF
2023-03-02 15:25:00,4.11,4.11,4.11,4.11,250.0,TEF
2023-03-02 15:24:00,4.105,4.11,4.105,4.11,601.0,TEF
2023-03-02 15:23:00,4.11,4.11,4.105,4.105,304.0,TEF
2023-03-02 15:22:00,4.105,4.11,4.105,4.11,456.0,TEF
2023-03-02 15:21:00,4.105,4.105,4.105,4.105,700.0,TEF
2023-03-02 15:20:00,4.11,4.11,4.11,4.11,351.0,TEF
2023-03-02 15:19:00,4.11,4.11,4.11,4.11,403.0,TEF
2023-03-02 15:18:00,4.11,4.11,4.105,4.11,2400.0,TEF
2023-03-02 15:17:00,4.105,4.11,4.105,4.11,1250.0,TEF
2023-03-02 15:16:00,4.105,4.105,4.105,4.105,1500.0,TEF
2023-03-02 15:15:00,4.105,4.105,4.105,4.105,1300.0,TEF
2023-03-02 15:14:00,4.11,4.11,4.106,4.106,290.0,TEF
2023-03-02 15:13:00,4.105,4.11,4.101,4.101,11096.0,TEF
2023-03-02 15:12:00,4.105,4.105,4.1001,4.1001,11251.0,TEF
2023-03-02 15:11:00,4.11,4.11,4.1033,4.1054,1198.0,TEF
2023-03-02 15:10:00,4.105,4.105,4.1,4.1,541.0,TEF
2023-03-02 15:09:00,4.105,4.11,4.1,4.1085,6077.0,TEF
2023-03-02 15:08:00,4.105,4.105,4.105,4.105,100.0,TEF
2023-03-02 15:07:00,4.1,4.1032,4.1,4.103,849.0,TEF
2023-03-02 15:06:00,4.1,4.1,4.1,4.1,100.0,TEF
2023-03-02 15:05:00,4.1012,4.1061,4.1012,4.1061,2257.0,TEF
2023-03-02 15:04:00,4.1,4.105,4.1,4.105,7500.0,TEF
2023-03-02 15:03:00,4.105,4.105,4.105,4.105,459.0,TEF
2023-03-02 15:02:00,4.11,4.11,4.105,4.105,400.0,TEF
2023-03-02 15:01:00,4.105,4.11,4.1,4.11,483.0,TEF
2023-03-02 14:59:00,4.11,4.11,4.11,4.11,100.0,TEF
2023-03-02 14:58:00,4.1001,4.11,4.1001,4.105,3458.0,TEF
2023-03-02 14:57:00,4.1,4.1,4.1,4.1,100.0,TEF
2023-03-02 14:56:00,4.105,4.105,4.105,4.105,297.0,TEF
2023-03-02 14:55:00,4.11,4.11,4.1003,4.1003,850.0,TEF
2023-03-02 14:54:00,4.11,4.11,4.11,4.11,100.0,TEF
2023-03-02 14:53:00,4.105,4.11,4.105,4.105,400.0,TEF
2023-03-02 14:52:00,4.11,4.11,4.1,4.11,2396.0,TEF
2023-03-02 14:49:00,4.1099,4.1099,4.1099,4.1099,1927.0,TEF
2023-03-02 14:48:00,4.1,4.11,4.1,4.11,1200.0,TEF
2023-03-02 14:47:00,4.1,4.1,4.1,4.1,101.0,TEF
2023-03-02 14:45:00,4.11,4.11,4.105,4.105,200.0,TEF
2023-03-02 14:44:00,4.105,4.11,4.105,4.105,351.0,TEF
2023-03-02 14:43:00,4.105,4.11,4.1,4.105,459.0,TEF
2023-03-02 14:42:00,4.11,4.11,4.11,4.11,182.0,TEF
2023-03-02 14:41:00,4.11,4.11,4.11,4.11,455.0,TEF
2023-03-02 14:39:00,4.11,4.11,4.11,4.11,101.0,TEF
2023-03-02 14:38:00,4.11,4.11,4.1,4.1,200.0,TEF
2023-03-02 14:36:00,4.105,4.11,4.105,4.11,400.0,TEF
2023-03-02 14:35:00,4.105,4.105,4.105,4.105,2617.0,TEF
2023-03-02 14:34:00,4.1,4.105,4.1,4.105,500.0,TEF
2023-03-02 14:33:00,4.11,4.11,4.11,4.11,254.0,TEF
2023-03-02 14:32:00,4.105,4.11,4.105,4.11,210.0,TEF
2023-03-02 14:31:00,4.11,4.11,4.11,4.11,151.0,TEF
2023-03-02 14:29:00,4.105,4.11,4.105,4.11,2652.0,TEF
2023-03-02 14:28:00,4.105,4.105,4.105,4.105,1745.0,TEF
2023-03-02 14:27:00,4.11,4.11,4.105,4.1076,3396.0,TEF
2023-03-02 14:26:00,4.105,4.1084,4.105,4.105,5246.0,TEF
2023-03-02 14:25:00,4.11,4.11,4.105,4.105,624.0,TEF
2023-03-02 14:24:00,4.1013,4.1079,4.1,4.1,3077.0,TEF
2023-03-02 14:23:00,4.11,4.11,4.105,4.105,538.0,TEF
2023-03-02 14:22:00,4.1095,4.11,4.105,4.11,6067.0,TEF
2023-03-02 14:21:00,4.105,4.105,4.1012,4.1012,2333.0,TEF
2023-03-02 14:20:00,4.105,4.105,4.1,4.105,600.0,TEF
2023-03-02 14:18:00,4.11,4.11,4.1,4.1022,9994.0,TEF
2023-03-02 14:16:00,4.11,4.11,4.11,4.11,337.0,TEF
2023-03-02 14:15:00,4.1,4.1,4.1,4.1,100.0,TEF
2023-03-02 14:14:00,4.11,4.11,4.11,4.11,100.0,TEF
2023-03-02 14:12:00,4.11,4.11,4.11,4.11,100.0,TEF
2023-03-02 14:11:00,4.105,4.105,4.1,4.105,1112.0,TEF
2023-03-02 14:09:00,4.105,4.105,4.1,4.1,2103.0,TEF
2023-03-02 14:07:00,4.105,4.105,4.105,4.105,303.0,TEF
2023-03-02 14:06:00,4.105,4.1057,4.1,4.105,1815.0,TEF
2023-03-02 14:05:00,4.105,4.105,4.105,4.105,1800.0,TEF
2023-03-02 14:04:00,4.1,4.105,4.1,4.105,4334.0,TEF
2023-03-02 14:03:00,4.1,4.1,4.1,4.1,52909.0,TEF
2023-03-02 14:02:00,4.1,4.1,4.1,4.1,18015.0,TEF
2023-03-02 14:01:00,4.1,4.1,4.1,4.1,22100.0,TEF
2023-03-02 14:00:00,4.105,4.105,4.1,4.1,13433.0,TEF
2023-03-02 13:59:00,4.1,4.105,4.1,4.1,30467.0,TEF
2023-03-02 13:57:00,4.095,4.095,4.095,4.095,100.0,TEF
2023-03-02 13:56:00,4.1,4.1,4.09,4.1,1091.0,TEF
2023-03-02 13:55:00,4.1,4.1,4.1,4.1,201.0,TEF
2023-03-02 13:54:00,4.1,4.1,4.095,4.1,4850.0,TEF
2023-03-02 13:53:00,4.1,4.1,4.1,4.1,652.0,TEF
2023-03-02 13:52:00,4.09,4.095,4.09,4.095,200.0,TEF
2023-03-02 13:49:00,4.09,4.095,4.09,4.095,301.0,TEF
2023-03-02 13:48:00,4.09,4.095,4.09,4.095,502.0,TEF
2023-03-02 13:47:00,4.09,4.09,4.09,4.09,1100.0,TEF
2023-03-02 13:44:00,4.09,4.09,4.09,4.09,273.0,TEF
2023-03-02 13:43:00,4.09,4.095,4.09,4.09,401.0,TEF
2023-03-02 13:42:00,4.095,4.095,4.09,4.09,900.0,TEF
2023-03-02 13:41:00,4.095,4.095,4.09,4.09,701.0,TEF
2023-03-02 13:39:00,4.1,4.1,4.095,4.095,23469.0,TEF
2023-03-02 13:38:00,4.105,4.105,4.1,4.1,10792.0,TEF
2023-03-02 13:37:00,4.1,4.11,4.1,4.1,43752.0,TEF
2023-03-02 13:36:00,4.095,4.095,4.0919,4.0919,865.0,TEF
2023-03-02 13:35:00,4.1,4.1,4.1,4.1,183.0,TEF
2023-03-02 13:34:00,4.09,4.09,4.09,4.09,100.0,TEF
2023-03-02 13:29:00,4.095,4.095,4.09,4.09,826.0,TEF
2023-03-02 13:28:00,4.095,4.095,4.095,4.095,100.0,TEF
2023-03-02 13:27:00,4.1,4.1,4.1,4.1,100.0,TEF
2023-03-02 13:26:00,4.091,4.091,4.091,4.091,1325.0,TEF
2023-03-02 13:25:00,4.09,4.09,4.09,4.09,250.0,TEF
2023-03-02 13:24:00,4.095,4.1,4.095,4.0979,1807.0,TEF
2023-03-02 13:23:00,4.1,4.1,4.1,4.1,100.0,TEF
2023-03-02 13:20:00,4.095,4.095,4.09,4.09,2000.0,TEF
2023-03-02 13:19:00,4.1,4.1,4.095,4.095,265.0,TEF
2023-03-02 13:17:00,4.0985,4.0985,4.0985,4.0985,178.0,TEF
2023-03-02 13:16:00,4.09,4.09,4.09,4.09,202.0,TEF
2023-03-02 13:15:00,4.095,4.095,4.095,4.095,100.0,TEF
2023-03-02 13:14:00,4.095,4.095,4.095,4.095,100.0,TEF
2023-03-02 13:12:00,4.1,4.1,4.1,4.1,100.0,TEF
2023-03-02 13:10:00,4.09,4.1,4.09,4.0984,551.0,TEF
2023-03-02 13:08:00,4.095,4.095,4.095,4.095,100.0,TEF
2023-03-02 13:06:00,4.095,4.095,4.095,4.095,100.0,TEF
2023-03-02 13:05:00,4.095,4.095,4.095,4.095,100.0,TEF
2023-03-02 13:04:00,4.1,4.1,4.1,4.1,122.0,TEF
2023-03-02 13:03:00,4.095,4.095,4.095,4.095,100.0,TEF
2023-03-02 13:01:00,4.095,4.095,4.095,4.095,200.0,TEF
2023-03-02 13:00:00,4.09,4.1,4.09,4.1,542.0,TEF
2023-03-02 12:58:00,4.0959,4.0959,4.0959,4.0959,512.0,TEF
2023-03-02 12:57:00,4.1,4.1,4.095,4.095,200.0,TEF
2023-03-02 12:53:00,4.0963,4.1,4.0955,4.0985,1126.0,TEF
2023-03-02 12:52:00,4.0952,4.1,4.0952,4.1,1066.0,TEF
2023-03-02 12:51:00,4.095,4.095,4.095,4.095,102.0,TEF
2023-03-02 12:50:00,4.09,4.095,4.09,4.095,1600.0,TEF
2023-03-02 12:49:00,4.1,4.1,4.1,4.1,100.0,TEF
2023-03-02 12:46:00,4.0916,4.0916,4.0916,4.0916,552.0,TEF
2023-03-02 12:45:00,4.091,4.091,4.091,4.091,600.0,TEF
2023-03-02 12:42:00,4.09,4.095,4.09,4.095,1555.0,TEF
2023-03-02 12:39:00,4.095,4.095,4.095,4.095,1799.0,TEF
2023-03-02 12:38:00,4.1,4.1,4.1,4.1,100.0,TEF
2023-03-02 12:35:00,4.1,4.1,4.1,4.1,243.0,TEF
2023-03-02 12:34:00,4.1,4.1,4.1,4.1,100.0,TEF
2023-03-02 12:33:00,4.1,4.1,4.0972,4.0972,628.0,TEF
2023-03-02 12:32:00,4.1,4.1,4.1,4.1,1664.0,TEF
2023-03-02 12:31:00,4.098,4.1,4.098,4.1,1054.0,TEF
2023-03-02 12:30:00,4.09,4.1,4.09,4.1,251.0,TEF
2023-03-02 12:28:00,4.095,4.095,4.095,4.095,635.0,TEF
2023-03-02 12:26:00,4.095,4.095,4.09,4.09,1151.0,TEF
2023-03-02 12:25:00,4.095,4.095,4.095,4.095,169.0,TEF
2023-03-02 12:24:00,4.095,4.095,4.095,4.095,700.0,TEF
2023-03-02 12:23:00,4.095,4.095,4.095,4.095,602.0,TEF
2023-03-02 12:22:00,4.095,4.0973,4.095,4.0973,1186.0,TEF
2023-03-02 12:21:00,4.1,4.1,4.0917,4.0917,1148.0,TEF
2023-03-02 12:19:00,4.09,4.095,4.09,4.095,1300.0,TEF
2023-03-02 12:16:00,4.095,4.1,4.09,4.1,1505.0,TEF
2023-03-02 12:15:00,4.0975,4.0975,4.095,4.095,669.0,TEF
2023-03-02 12:13:00,4.1,4.1,4.1,4.1,100.0,TEF
2023-03-02 12:11:00,4.1,4.1,4.1,4.1,436.0,TEF
2023-03-02 12:10:00,4.095,4.095,4.095,4.095,100.0,TEF
2023-03-02 12:09:00,4.0919,4.095,4.0919,4.095,750.0,TEF
2023-03-02 12:08:00,4.1,4.1,4.1,4.1,341.0,TEF
2023-03-02 12:06:00,4.1,4.1,4.1,4.1,100.0,TEF
2023-03-02 12:05:00,4.1,4.1,4.1,4.1,536.0,TEF
2023-03-02 12:04:00,4.1,4.1,4.095,4.095,352.0,TEF
2023-03-02 12:02:00,4.1,4.1,4.1,4.1,437.0,TEF
2023-03-02 12:01:00,4.0985,4.0985,4.0985,4.0985,503.0,TEF
2023-03-02 12:00:00,4.095,4.1,4.095,4.1,1331.0,TEF
2023-03-02 11:59:00,4.095,4.095,4.095,4.095,150.0,TEF
2023-03-02 11:58:00,4.1,4.1,4.095,4.099,5160.0,TEF
2023-03-02 11:57:00,4.1023,4.105,4.09,4.09,50239.0,TEF
2023-03-02 11:56:00,4.11,4.11,4.11,4.11,331.0,TEF
2023-03-02 11:55:00,4.105,4.105,4.105,4.105,400.0,TEF
2023-03-02 11:54:00,4.105,4.105,4.105,4.105,2650.0,TEF
2023-03-02 11:53:00,4.105,4.11,4.105,4.11,583.0,TEF
2023-03-02 11:52:00,4.11,4.11,4.11,4.11,286.0,TEF
2023-03-02 11:51:00,4.1,4.1,4.1,4.1,160.0,TEF
2023-03-02 11:50:00,4.1017,4.1017,4.1017,4.1017,1286.0,TEF
2023-03-02 11:48:00,4.105,4.11,4.105,4.105,305.0,TEF
2023-03-02 11:46:00,4.105,4.105,4.1,4.1,275.0,TEF
2023-03-02 11:45:00,4.105,4.105,4.105,4.105,103.0,TEF
2023-03-02 11:44:00,4.11,4.11,4.11,4.11,410.0,TEF
2023-03-02 11:43:00,4.105,4.105,4.105,4.105,375.0,TEF
2023-03-02 11:41:00,4.11,4.11,4.11,4.11,485.0,TEF
2023-03-02 11:40:00,4.105,4.105,4.105,4.105,259.0,TEF
2023-03-02 11:38:00,4.105,4.11,4.105,4.11,361.0,TEF
2023-03-02 11:37:00,4.105,4.105,4.105,4.105,303.0,TEF
2023-03-02 11:36:00,4.105,4.105,4.105,4.105,403.0,TEF
2023-03-02 11:35:00,4.11,4.11,4.11,4.11,103.0,TEF
2023-03-02 11:34:00,4.105,4.105,4.105,4.105,704.0,TEF
2023-03-02 11:33:00,4.1018,4.1018,4.1018,4.1018,897.0,TEF
2023-03-02 11:32:00,4.1,4.105,4.1,4.105,303.0,TEF
2023-03-02 11:28:00,4.105,4.105,4.1035,4.1035,1455.0,TEF
2023-03-02 11:26:00,4.105,4.105,4.101,4.101,1304.0,TEF
2023-03-02 11:25:00,4.105,4.105,4.105,4.105,919.0,TEF
2023-03-02 11:22:00,4.11,4.11,4.11,4.11,157.0,TEF
2023-03-02 11:21:00,4.11,4.11,4.1043,4.11,980.0,TEF
2023-03-02 11:20:00,4.105,4.11,4.105,4.105,700.0,TEF
2023-03-02 11:19:00,4.105,4.105,4.105,4.105,641.0,TEF
2023-03-02 11:18:00,4.11,4.11,4.1,4.105,7419.0,TEF
2023-03-02 11:17:00,4.105,4.11,4.105,4.11,2731.0,TEF
2023-03-02 11:16:00,4.11,4.11,4.1018,4.105,2295.0,TEF
2023-03-02 11:15:00,4.105,4.105,4.1001,4.1001,1299.0,TEF
2023-03-02 11:14:00,4.115,4.115,4.11,4.11,3198.0,TEF
2023-03-02 11:12:00,4.115,4.115,4.115,4.115,104.0,TEF
2023-03-02 11:11:00,4.11,4.11,4.11,4.11,3000.0,TEF
2023-03-02 11:10:00,4.115,4.115,4.115,4.115,103.0,TEF
2023-03-02 11:09:00,4.115,4.12,4.115,4.12,305.0,TEF
2023-03-02 11:08:00,4.115,4.115,4.1144,4.1144,203.0,TEF
2023-03-02 11:07:00,4.12,4.12,4.115,4.115,703.0,TEF
2023-03-02 11:05:00,4.115,4.115,4.115,4.115,804.0,TEF
2023-03-02 11:04:00,4.12,4.12,4.115,4.115,400.0,TEF
2023-03-02 11:02:00,4.115,4.115,4.11,4.11,2064.0,TEF
2023-03-02 11:01:00,4.11,4.115,4.11,4.11,2603.0,TEF
2023-03-02 11:00:00,4.12,4.12,4.1133,4.1133,2195.0,TEF
2023-03-02 10:59:00,4.115,4.115,4.115,4.115,996.0,TEF
2023-03-02 10:58:00,4.12,4.12,4.115,4.12,1542.0,TEF
2023-03-02 10:56:00,4.12,4.12,4.12,4.12,1056.0,TEF
2023-03-02 10:55:00,4.12,4.12,4.12,4.12,115.0,TEF
2023-03-02 10:54:00,4.12,4.12,4.12,4.12,3292.0,TEF
2023-03-02 10:53:00,4.12,4.12,4.12,4.12,538.0,TEF
2023-03-02 10:52:00,4.12,4.12,4.1174,4.1174,300.0,TEF
2023-03-02 10:51:00,4.12,4.12,4.12,4.12,501.0,TEF
2023-03-02 10:50:00,4.115,4.115,4.115,4.115,109.0,TEF
2023-03-02 10:49:00,4.11,4.115,4.11,4.115,16184.0,TEF
2023-03-02 10:48:00,4.11,4.11,4.11,4.11,201.0,TEF
2023-03-02 10:47:00,4.11,4.11,4.11,4.11,2213.0,TEF
2023-03-02 10:46:00,4.105,4.105,4.105,4.105,610.0,TEF
2023-03-02 10:45:00,4.1087,4.1087,4.105,4.105,1546.0,TEF
2023-03-02 10:44:00,4.105,4.105,4.105,4.105,546.0,TEF
2023-03-02 10:43:00,4.11,4.11,4.105,4.105,6781.0,TEF
2023-03-02 10:42:00,4.115,4.115,4.115,4.115,3887.0,TEF
2023-03-02 10:39:00,4.11,4.111,4.11,4.111,11934.0,TEF
2023-03-02 10:38:00,4.115,4.115,4.115,4.115,429.0,TEF
2023-03-02 10:37:00,4.116,4.116,4.115,4.115,473.0,TEF
2023-03-02 10:36:00,4.115,4.115,4.115,4.115,202.0,TEF
2023-03-02 10:35:00,4.115,4.115,4.115,4.115,991.0,TEF
2023-03-02 10:34:00,4.115,4.115,4.11,4.115,2602.0,TEF
2023-03-02 10:33:00,4.12,4.12,4.115,4.115,956.0,TEF
2023-03-02 10:32:00,4.115,4.115,4.115,4.115,845.0,TEF
2023-03-02 10:31:00,4.115,4.115,4.115,4.115,301.0,TEF
2023-03-02 10:30:00,4.115,4.118,4.115,4.118,817.0,TEF
2023-03-02 10:28:00,4.12,4.12,4.1173,4.1173,9282.0,TEF
2023-03-02 10:27:00,4.115,4.115,4.115,4.115,200.0,TEF
2023-03-02 10:26:00,4.12,4.12,4.12,4.12,3039.0,TEF
2023-03-02 10:25:00,4.12,4.12,4.115,4.12,9500.0,TEF
2023-03-02 10:24:00,4.12,4.12,4.12,4.12,39617.0,TEF
2023-03-02 10:23:00,4.125,4.125,4.12,4.12,133116.0,TEF
2023-03-02 10:21:00,4.135,4.135,4.125,4.125,20615.0,TEF
2023-03-02 10:20:00,4.13,4.135,4.13,4.135,2508.0,TEF
2023-03-02 10:19:00,4.135,4.135,4.135,4.135,1500.0,TEF
2023-03-02 10:18:00,4.14,4.14,4.14,4.14,503.0,TEF
2023-03-02 10:17:00,4.14,4.14,4.135,4.135,2710.0,TEF
2023-03-02 10:16:00,4.14,4.14,4.14,4.14,249.0,TEF
2023-03-02 10:15:00,4.135,4.14,4.135,4.14,7742.0,TEF
2023-03-02 10:13:00,4.14,4.14,4.14,4.14,328.0,TEF
2023-03-02 10:12:00,4.14,4.14,4.14,4.14,651.0,TEF
2023-03-02 10:11:00,4.14,4.14,4.14,4.14,370.0,TEF
2023-03-02 10:10:00,4.135,4.135,4.135,4.135,253.0,TEF
2023-03-02 10:09:00,4.14,4.14,4.14,4.14,260.0,TEF
2023-03-02 10:08:00,4.14,4.14,4.1303,4.1303,718.0,TEF
2023-03-02 10:07:00,4.135,4.135,4.135,4.135,2169.0,TEF
2023-03-02 10:06:00,4.14,4.14,4.135,4.135,2545.0,TEF
2023-03-02 10:04:00,4.145,4.145,4.14,4.14,20646.0,TEF
2023-03-02 10:03:00,4.14,4.15,4.135,4.145,118129.0,TEF
2023-03-02 10:02:00,4.13,4.135,4.13,4.135,8922.0,TEF
2023-03-02 10:01:00,4.13,4.13,4.13,4.13,1952.0,TEF
2023-03-02 10:00:00,4.13,4.13,4.13,4.13,243.0,TEF
2023-03-02 09:58:00,4.13,4.13,4.13,4.13,11879.0,TEF
2023-03-02 09:57:00,4.135,4.14,4.13,4.13,2523.0,TEF
2023-03-02 09:56:00,4.135,4.135,4.135,4.135,200.0,TEF
2023-03-02 09:55:00,4.135,4.1366,4.135,4.1366,2272.0,TEF
2023-03-02 09:53:00,4.135,4.135,4.1341,4.135,1399.0,TEF
2023-03-02 09:52:00,4.135,4.135,4.135,4.135,775.0,TEF
2023-03-02 09:51:00,4.13,4.13,4.13,4.13,985.0,TEF
2023-03-02 09:50:00,4.13,4.13,4.13,4.13,1907.0,TEF
2023-03-02 09:49:00,4.1296,4.13,4.125,4.125,2760.0,TEF
2023-03-02 09:47:00,4.13,4.13,4.12,4.12,3103.0,TEF
2023-03-02 09:46:00,4.12,4.125,4.12,4.125,904.0,TEF
2023-03-02 09:44:00,4.125,4.125,4.125,4.125,800.0,TEF
2023-03-02 09:43:00,4.125,4.125,4.125,4.125,660.0,TEF
2023-03-02 09:41:00,4.13,4.13,4.12,4.12,2217.0,TEF
2023-03-02 09:40:00,4.125,4.125,4.125,4.125,100.0,TEF
2023-03-02 09:39:00,4.125,4.125,4.125,4.125,271.0,TEF
2023-03-02 09:37:00,4.125,4.125,4.125,4.125,500.0,TEF
2023-03-02 09:36:00,4.122,4.125,4.122,4.125,1609.0,TEF
2023-03-02 09:34:00,4.125,4.125,4.125,4.125,872.0,TEF
2023-03-02 09:33:00,4.125,4.125,4.125,4.125,1300.0,TEF
2023-03-02 09:32:00,4.125,4.125,4.1201,4.125,6032.0,TEF
2023-03-02 09:31:00,4.14,4.14,4.14,4.14,1883.0,TEF
2023-03-02 08:36:00,4.14,4.14,4.14,4.14,101.0,TEF
2023-03-02 04:58:00,4.14,4.14,4.14,4.14,234.0,TEF
2023-03-02 04:27:00,4.15,4.15,4.15,4.15,779.0,TEF
2023-03-01 16:00:00,4.135,4.14,4.13,4.14,7504.0,TEF
2023-03-01 15:59:00,4.135,4.14,4.13,4.14,724.0,TEF
2023-03-01 15:58:00,4.135,4.14,4.13,4.13,904.0,TEF
2023-03-01 15:57:00,4.135,4.14,4.13,4.13,1043.0,TEF
2023-03-01 15:56:00,4.135,4.14,4.13,4.13,2550.0,TEF
2023-03-01 15:55:00,4.135,4.135,4.13,4.135,2662.0,TEF
2023-03-01 15:54:00,4.135,4.135,4.131,4.135,12220.0,TEF
2023-03-01 15:53:00,4.14,4.14,4.135,4.135,602.0,TEF
2023-03-01 15:52:00,4.135,4.14,4.1301,4.14,1263.0,TEF
2023-03-01 15:51:00,4.135,4.14,4.1315,4.1315,1024.0,TEF
2023-03-01 15:49:00,4.135,4.1386,4.135,4.1386,2716.0,TEF
2023-03-01 15:48:00,4.135,4.14,4.135,4.14,482.0,TEF
2023-03-01 15:47:00,4.135,4.135,4.135,4.135,840.0,TEF
2023-03-01 15:46:00,4.135,4.135,4.135,4.135,647.0,TEF
2023-03-01 15:44:00,4.135,4.135,4.135,4.135,600.0,TEF
2023-03-01 15:43:00,4.1386,4.1386,4.135,4.135,3050.0,TEF
2023-03-01 15:42:00,4.1318,4.14,4.1318,4.14,2531.0,TEF
2023-03-01 15:40:00,4.135,4.135,4.135,4.135,1100.0,TEF
2023-03-01 15:38:00,4.14,4.14,4.14,4.14,11242.0,TEF
2023-03-01 15:37:00,4.14,4.14,4.14,4.14,100.0,TEF
2023-03-01 15:35:00,4.135,4.135,4.135,4.135,100.0,TEF
2023-03-01 15:33:00,4.14,4.14,4.14,4.14,128.0,TEF
2023-03-01 15:32:00,4.135,4.135,4.135,4.135,100.0,TEF
2023-03-01 15:30:00,4.135,4.14,4.1345,4.14,1701.0,TEF
2023-03-01 15:27:00,4.135,4.135,4.135,4.135,298.0,TEF
2023-03-01 15:26:00,4.1317,4.1317,4.1317,4.1317,334.0,TEF
2023-03-01 15:25:00,4.14,4.14,4.1301,4.135,1527.0,TEF
2023-03-01 15:24:00,4.135,4.135,4.135,4.135,300.0,TEF
2023-03-01 15:23:00,4.135,4.135,4.135,4.135,3426.0,TEF
2023-03-01 15:21:00,4.135,4.14,4.135,4.14,1454.0,TEF
2023-03-01 15:18:00,4.14,4.14,4.14,4.14,1145.0,TEF
2023-03-01 15:17:00,4.14,4.14,4.14,4.14,200.0,TEF
2023-03-01 15:15:00,4.14,4.14,4.135,4.135,996.0,TEF
2023-03-01 15:14:00,4.14,4.14,4.13,4.1399,4303.0,TEF
2023-03-01 15:13:00,4.14,4.14,4.135,4.14,1701.0,TEF
2023-03-01 15:12:00,4.14,4.14,4.1395,4.1395,1418.0,TEF
2023-03-01 15:10:00,4.14,4.14,4.14,4.14,1330.0,TEF
2023-03-01 15:09:00,4.135,4.14,4.135,4.14,202.0,TEF
2023-03-01 15:03:00,4.1399,4.14,4.13,4.14,934.0,TEF
2023-03-01 14:59:00,4.1315,4.135,4.13,4.13,3469.0,TEF
2023-03-01 14:58:00,4.13,4.13,4.13,4.13,100.0,TEF
2023-03-01 14:56:00,4.13,4.135,4.13,4.135,202.0,TEF
2023-03-01 14:55:00,4.135,4.135,4.135,4.135,167.0,TEF
2023-03-01 14:54:00,4.135,4.135,4.13,4.13,1375.0,TEF
2023-03-01 14:53:00,4.135,4.135,4.135,4.135,401.0,TEF
2023-03-01 14:50:00,4.13,4.135,4.13,4.135,227.0,TEF
2023-03-01 14:49:00,4.135,4.135,4.135,4.135,110.0,TEF
2023-03-01 14:48:00,4.135,4.135,4.135,4.135,104.0,TEF
2023-03-01 14:47:00,4.13,4.13,4.13,4.13,100.0,TEF
2023-03-01 14:46:00,4.135,4.135,4.135,4.135,100.0,TEF
2023-03-01 14:45:00,4.135,4.135,4.13,4.13,1627.0,TEF
2023-03-01 14:44:00,4.13,4.135,4.13,4.13,385.0,TEF
2023-03-01 14:43:00,4.135,4.135,4.135,4.135,1601.0,TEF
2023-03-01 14:42:00,4.13,4.135,4.13,4.13,920.0,TEF
2023-03-01 14:41:00,4.13,4.13,4.13,4.13,107.0,TEF
2023-03-01 14:40:00,4.13,4.13,4.13,4.13,200.0,TEF
2023-03-01 14:39:00,4.13,4.135,4.13,4.135,1042.0,TEF
2023-03-01 14:36:00,4.14,4.14,4.14,4.14,202.0,TEF
2023-03-01 14:35:00,4.14,4.14,4.14,4.14,300.0,TEF
2023-03-01 14:34:00,4.135,4.135,4.135,4.135,227.0,TEF
2023-03-01 14:33:00,4.145,4.145,4.135,4.14,55696.0,TEF
2023-03-01 14:31:00,4.145,4.15,4.145,4.15,1146.0,TEF
2023-03-01 14:30:00,4.14,4.14,4.14,4.14,287.0,TEF
2023-03-01 14:29:00,4.14,4.14,4.14,4.14,110.0,TEF
2023-03-01 14:28:00,4.14,4.145,4.14,4.145,418.0,TEF
2023-03-01 14:24:00,4.145,4.15,4.14,4.14,3930.0,TEF
2023-03-01 14:23:00,4.14,4.14,4.14,4.14,100.0,TEF
2023-03-01 14:22:00,4.1486,4.15,4.14,4.15,1339.0,TEF
2023-03-01 14:21:00,4.145,4.15,4.14,4.15,8389.0,TEF
2023-03-01 14:20:00,4.145,4.15,4.14,4.14,3430.0,TEF
2023-03-01 14:18:00,4.1443,4.1443,4.1443,4.1443,284.0,TEF
2023-03-01 14:17:00,4.1497,4.15,4.1405,4.15,9601.0,TEF
2023-03-01 14:15:00,4.15,4.15,4.145,4.145,1771.0,TEF
2023-03-01 14:13:00,4.145,4.15,4.145,4.15,946.0,TEF
2023-03-01 14:12:00,4.145,4.145,4.145,4.145,100.0,TEF
2023-03-01 14:11:00,4.15,4.15,4.15,4.15,113.0,TEF
2023-03-01 14:10:00,4.145,4.145,4.145,4.145,643.0,TEF
2023-03-01 14:06:00,4.145,4.145,4.145,4.145,114.0,TEF
2023-03-01 14:03:00,4.145,4.145,4.145,4.145,209.0,TEF
2023-03-01 14:02:00,4.145,4.145,4.145,4.145,101.0,TEF
2023-03-01 14:00:00,4.145,4.145,4.1401,4.1401,5826.0,TEF
2023-03-01 13:57:00,4.145,4.145,4.145,4.145,402.0,TEF
2023-03-01 13:56:00,4.1478,4.1478,4.1478,4.1478,274.0,TEF
2023-03-01 13:53:00,4.1451,4.1451,4.1451,4.1451,359.0,TEF
2023-03-01 13:48:00,4.1416,4.1416,4.1416,4.1416,530.0,TEF
2023-03-01 13:45:00,4.15,4.155,4.145,4.145,10699.0,TEF
2023-03-01 13:42:00,4.16,4.16,4.16,4.16,100.0,TEF
2023-03-01 13:39:00,4.155,4.155,4.155,4.155,100.0,TEF
2023-03-01 13:37:00,4.155,4.155,4.155,4.155,200.0,TEF
2023-03-01 13:34:00,4.155,4.155,4.155,4.155,1000.0,TEF
2023-03-01 13:33:00,4.155,4.155,4.155,4.155,1871.0,TEF
2023-03-01 13:31:00,4.155,4.16,4.155,4.16,238.0,TEF
2023-03-01 13:28:00,4.155,4.155,4.155,4.155,687.0,TEF
2023-03-01 13:25:00,4.16,4.16,4.16,4.16,235.0,TEF
2023-03-01 13:24:00,4.155,4.155,4.155,4.155,456.0,TEF
2023-03-01 13:23:00,4.155,4.155,4.155,4.155,377.0,TEF
2023-03-01 13:22:00,4.155,4.155,4.1524,4.155,8769.0,TEF
2023-03-01 13:20:00,4.16,4.16,4.155,4.155,302.0,TEF
2023-03-01 13:19:00,4.16,4.16,4.16,4.16,100.0,TEF
2023-03-01 13:17:00,4.155,4.155,4.155,4.155,148.0,TEF
2023-03-01 13:16:00,4.1577,4.1577,4.1577,4.1577,156.0,TEF
2023-03-01 13:12:00,4.155,4.1581,4.155,4.1577,2227.0,TEF
2023-03-01 13:09:00,4.155,4.155,4.155,4.155,228.0,TEF
2023-03-01 13:08:00,4.16,4.16,4.16,4.16,108.0,TEF
2023-03-01 13:06:00,4.155,4.155,4.155,4.155,420.0,TEF
2023-03-01 13:05:00,4.155,4.155,4.155,4.155,100.0,TEF
2023-03-01 13:04:00,4.155,4.155,4.155,4.155,100.0,TEF
2023-03-01 13:03:00,4.16,4.16,4.16,4.16,105.0,TEF
2023-03-01 13:01:00,4.155,4.155,4.155,4.155,594.0,TEF
2023-03-01 12:59:00,4.155,4.155,4.155,4.155,398.0,TEF
2023-03-01 12:58:00,4.155,4.155,4.155,4.155,104.0,TEF
2023-03-01 12:57:00,4.1521,4.16,4.1521,4.155,564.0,TEF
2023-03-01 12:55:00,4.15,4.15,4.15,4.15,1036.0,TEF
2023-03-01 12:54:00,4.155,4.155,4.15,4.15,875.0,TEF
2023-03-01 12:53:00,4.155,4.155,4.155,4.155,103.0,TEF
2023-03-01 12:52:00,4.155,4.155,4.155,4.155,186.0,TEF
2023-03-01 12:51:00,4.155,4.16,4.155,4.16,264.0,TEF
2023-03-01 12:50:00,4.155,4.155,4.155,4.155,200.0,TEF
2023-03-01 12:48:00,4.155,4.155,4.15,4.15,843.0,TEF
2023-03-01 12:46:00,4.16,4.16,4.16,4.16,1529.0,TEF
2023-03-01 12:43:00,4.155,4.155,4.155,4.155,789.0,TEF
2023-03-01 12:42:00,4.16,4.16,4.16,4.16,147.0,TEF
2023-03-01 12:41:00,4.155,4.1557,4.155,4.1557,229.0,TEF
2023-03-01 12:40:00,4.16,4.16,4.16,4.16,104.0,TEF
2023-03-01 12:38:00,4.155,4.155,4.155,4.155,206.0,TEF
2023-03-01 12:37:00,4.155,4.155,4.155,4.155,500.0,TEF
2023-03-01 12:36:00,4.155,4.155,4.155,4.155,327.0,TEF
2023-03-01 12:35:00,4.155,4.155,4.155,4.155,200.0,TEF
2023-03-01 12:34:00,4.155,4.155,4.155,4.155,105.0,TEF
2023-03-01 12:33:00,4.155,4.155,4.155,4.155,614.0,TEF
2023-03-01 12:32:00,4.155,4.155,4.155,4.155,100.0,TEF
2023-03-01 12:31:00,4.155,4.155,4.155,4.155,1013.0,TEF
2023-03-01 12:30:00,4.155,4.155,4.155,4.155,199.0,TEF
2023-03-01 12:29:00,4.16,4.16,4.1557,4.1557,2304.0,TEF
2023-03-01 12:28:00,4.16,4.16,4.16,4.16,1388.0,TEF
2023-03-01 12:26:00,4.1549,4.1549,4.1549,4.1549,1621.0,TEF
2023-03-01 12:25:00,4.155,4.16,4.155,4.16,2261.0,TEF
2023-03-01 12:24:00,4.16,4.16,4.16,4.16,2976.0,TEF
2023-03-01 12:23:00,4.155,4.16,4.155,4.158,12953.0,TEF
2023-03-01 12:22:00,4.155,4.155,4.155,4.155,203.0,TEF
2023-03-01 12:20:00,4.155,4.155,4.155,4.155,338.0,TEF
2023-03-01 12:19:00,4.16,4.16,4.1578,4.1578,541.0,TEF
2023-03-01 12:18:00,4.155,4.155,4.155,4.155,329.0,TEF
2023-03-01 12:14:00,4.155,4.155,4.1538,4.155,1566.0,TEF
2023-03-01 12:13:00,4.155,4.16,4.155,4.16,414.0,TEF
2023-03-01 12:12:00,4.16,4.16,4.16,4.16,262.0,TEF
2023-03-01 12:11:00,4.16,4.16,4.16,4.16,262.0,TEF
2023-03-01 12:10:00,4.155,4.155,4.155,4.155,2156.0,TEF
2023-03-01 12:08:00,4.16,4.16,4.16,4.16,2068.0,TEF
2023-03-01 12:07:00,4.1556,4.1556,4.155,4.155,422.0,TEF
2023-03-01 12:04:00,4.1585,4.1585,4.1585,4.1585,487.0,TEF
2023-03-01 12:03:00,4.15,4.16,4.15,4.16,2543.0,TEF
2023-03-01 12:00:00,4.155,4.155,4.155,4.155,165.0,TEF
2023-03-01 11:58:00,4.155,4.155,4.155,4.155,100.0,TEF
2023-03-01 11:57:00,4.16,4.16,4.155,4.155,3019.0,TEF
2023-03-01 11:55:00,4.1578,4.1578,4.1516,4.1516,954.0,TEF
2023-03-01 11:54:00,4.16,4.16,4.16,4.16,107.0,TEF
2023-03-01 11:51:00,4.155,4.155,4.1509,4.1526,4328.0,TEF
2023-03-01 11:49:00,4.155,4.16,4.155,4.155,906.0,TEF
2023-03-01 11:48:00,4.16,4.16,4.155,4.155,3130.0,TEF
2023-03-01 11:46:00,4.155,4.155,4.155,4.155,134.0,TEF
2023-03-01 11:43:00,4.1532,4.1532,4.1532,4.1532,175.0,TEF
2023-03-01 11:42:00,4.1583,4.1583,4.155,4.155,948.0,TEF
2023-03-01 11:41:00,4.15,4.15,4.15,4.15,174.0,TEF
2023-03-01 11:39:00,4.1587,4.1587,4.1587,4.1587,5005.0,TEF
2023-03-01 11:38:00,4.151,4.151,4.15,4.15,263.0,TEF
2023-03-01 11:37:00,4.15,4.155,4.15,4.155,444.0,TEF
2023-03-01 11:36:00,4.15,4.15,4.15,4.15,106.0,TEF
2023-03-01 11:35:00,4.15,4.15,4.15,4.15,154.0,TEF
2023-03-01 11:34:00,4.1401,4.1401,4.1401,4.1401,3521.0,TEF
2023-03-01 11:31:00,4.145,4.145,4.145,4.145,399.0,TEF
2023-03-01 11:30:00,4.1401,4.1401,4.1401,4.1401,330.0,TEF
2023-03-01 11:29:00,4.15,4.15,4.15,4.15,100.0,TEF
2023-03-01 11:28:00,4.15,4.15,4.15,4.15,106.0,TEF
2023-03-01 11:27:00,4.145,4.15,4.145,4.15,898.0,TEF
2023-03-01 11:26:00,4.145,4.15,4.145,4.15,779.0,TEF
2023-03-01 11:25:00,4.145,4.145,4.145,4.145,501.0,TEF
2023-03-01 11:24:00,4.15,4.15,4.15,4.15,156.0,TEF
2023-03-01 11:23:00,4.14,4.15,4.14,4.15,2800.0,TEF
2023-03-01 11:22:00,4.14,4.14,4.14,4.14,7356.0,TEF
2023-03-01 11:21:00,4.14,4.14,4.14,4.14,449.0,TEF
2023-03-01 11:17:00,4.145,4.145,4.145,4.145,106.0,TEF
2023-03-01 11:16:00,4.145,4.145,4.145,4.145,406.0,TEF
2023-03-01 11:14:00,4.1412,4.1412,4.1412,4.1412,399.0,TEF
2023-03-01 11:11:00,4.149,4.149,4.149,4.149,411.0,TEF
2023-03-01 11:10:00,4.145,4.15,4.145,4.15,670.0,TEF
2023-03-01 11:09:00,4.15,4.15,4.15,4.15,4029.0,TEF
2023-03-01 11:08:00,4.15,4.15,4.15,4.15,478.0,TEF
2023-03-01 11:04:00,4.16,4.16,4.16,4.16,5609.0,TEF
2023-03-01 11:03:00,4.16,4.16,4.16,4.16,147.0,TEF
2023-03-01 11:02:00,4.1601,4.1601,4.16,4.16,10564.0,TEF
2023-03-01 11:01:00,4.1601,4.1601,4.1601,4.1601,214.0,TEF
2023-03-01 11:00:00,4.165,4.17,4.165,4.17,854.0,TEF
2023-03-01 10:59:00,4.165,4.17,4.165,4.17,942.0,TEF
2023-03-01 10:57:00,4.16,4.16,4.16,4.16,153.0,TEF
2023-03-01 10:56:00,4.165,4.165,4.165,4.165,369.0,TEF
2023-03-01 10:55:00,4.165,4.165,4.165,4.165,106.0,TEF
2023-03-01 10:54:00,4.1677,4.1677,4.165,4.165,310.0,TEF
2023-03-01 10:53:00,4.165,4.165,4.16,4.16,869.0,TEF
2023-03-01 10:52:00,4.165,4.165,4.165,4.165,178.0,TEF
2023-03-01 10:50:00,4.1638,4.1638,4.1638,4.1638,611.0,TEF
2023-03-01 10:48:00,4.17,4.17,4.17,4.17,353.0,TEF
2023-03-01 10:47:00,4.17,4.17,4.17,4.17,102.0,TEF
2023-03-01 10:46:00,4.17,4.17,4.17,4.17,204.0,TEF
2023-03-01 10:45:00,4.1669,4.1669,4.1669,4.1669,300.0,TEF
2023-03-01 10:44:00,4.17,4.17,4.1678,4.1678,432.0,TEF
2023-03-01 10:43:00,4.1709,4.1709,4.17,4.17,285.0,TEF
2023-03-01 10:42:00,4.17,4.17,4.17,4.17,2661.0,TEF
2023-03-01 10:40:00,4.1699,4.1699,4.1699,4.1699,300.0,TEF
2023-03-01 10:39:00,4.17,4.17,4.17,4.17,106.0,TEF
2023-03-01 10:37:00,4.1601,4.1601,4.1601,4.1601,106.0,TEF
2023-03-01 10:36:00,4.16,4.16,4.16,4.16,1681.0,TEF
2023-03-01 10:34:00,4.1533,4.155,4.1533,4.155,1547.0,TEF
2023-03-01 10:32:00,4.15,4.15,4.15,4.15,1645.0,TEF
2023-03-01 10:31:00,4.155,4.155,4.155,4.155,610.0,TEF
2023-03-01 10:29:00,4.155,4.155,4.155,4.155,401.0,TEF
2023-03-01 10:28:00,4.165,4.165,4.155,4.155,1563.0,TEF
2023-03-01 10:21:00,4.17,4.17,4.17,4.17,965.0,TEF
2023-03-01 10:19:00,4.17,4.17,4.17,4.17,176.0,TEF
2023-03-01 10:18:00,4.165,4.165,4.165,4.165,434.0,TEF
2023-03-01 10:17:00,4.16,4.165,4.16,4.165,10807.0,TEF
2023-03-01 10:16:00,4.165,4.165,4.165,4.165,1100.0,TEF
2023-03-01 10:15:00,4.165,4.165,4.165,4.165,625.0,TEF
2023-03-01 10:14:00,4.16,4.16,4.155,4.16,10464.0,TEF
2023-03-01 10:13:00,4.1569,4.1586,4.15,4.15,1309.0,TEF
2023-03-01 10:11:00,4.16,4.16,4.16,4.16,6696.0,TEF
2023-03-01 10:10:00,4.165,4.165,4.16,4.16,13410.0,TEF
2023-03-01 10:09:00,4.165,4.165,4.16,4.16,2817.0,TEF
2023-03-01 10:08:00,4.16,4.16,4.16,4.16,1407.0,TEF
2023-03-01 10:07:00,4.165,4.165,4.165,4.165,238.0,TEF
2023-03-01 10:06:00,4.16,4.165,4.16,4.165,2491.0,TEF
2023-03-01 10:05:00,4.17,4.17,4.165,4.165,1244.0,TEF
2023-03-01 10:04:00,4.17,4.17,4.17,4.17,483.0,TEF
2023-03-01 10:03:00,4.17,4.17,4.17,4.17,4676.0,TEF
2023-03-01 10:02:00,4.1691,4.1691,4.1691,4.1691,370.0,TEF
2023-03-01 10:01:00,4.17,4.17,4.17,4.17,555.0,TEF
2023-03-01 10:00:00,4.165,4.165,4.165,4.165,2961.0,TEF
2023-03-01 09:59:00,4.165,4.165,4.16,4.16,414.0,TEF
2023-03-01 09:58:00,4.165,4.165,4.165,4.165,4654.0,TEF
2023-03-01 09:57:00,4.1664,4.1664,4.1664,4.1664,2132.0,TEF
2023-03-01 09:56:00,4.16,4.16,4.16,4.16,24382.0,TEF
2023-03-01 09:55:00,4.16,4.16,4.155,4.155,20056.0,TEF
2023-03-01 09:54:00,4.16,4.165,4.16,4.165,1189.0,TEF
2023-03-01 09:53:00,4.165,4.165,4.16,4.16,3162.0,TEF
2023-03-01 09:52:00,4.16,4.165,4.16,4.165,1314.0,TEF
2023-03-01 09:51:00,4.1609,4.1609,4.16,4.16,17710.0,TEF
2023-03-01 09:50:00,4.16,4.165,4.16,4.165,1113.0,TEF
2023-03-01 09:49:00,4.165,4.165,4.16,4.165,1379.0,TEF
2023-03-01 09:48:00,4.165,4.165,4.16,4.16,2044.0,TEF
2023-03-01 09:46:00,4.165,4.165,4.165,4.165,240.0,TEF
2023-03-01 09:45:00,4.165,4.165,4.16,4.165,1360.0,TEF
2023-03-01 09:44:00,4.16,4.16,4.16,4.16,113.0,TEF
2023-03-01 09:43:00,4.1703,4.1703,4.1637,4.1637,15569.0,TEF
2023-03-01 09:42:00,4.17,4.17,4.17,4.17,400.0,TEF
2023-03-01 09:41:00,4.175,4.175,4.17,4.17,307.0,TEF
2023-03-01 09:40:00,4.175,4.175,4.175,4.175,1485.0,TEF
2023-03-01 09:38:00,4.175,4.175,4.175,4.175,210.0,TEF
2023-03-01 09:37:00,4.1722,4.1722,4.1722,4.1722,130.0,TEF
2023-03-01 09:36:00,4.17,4.17,4.165,4.17,9770.0,TEF
2023-03-01 09:35:00,4.16,4.165,4.16,4.165,361.0,TEF
2023-03-01 09:34:00,4.17,4.1775,4.165,4.165,18564.0,TEF
2023-03-01 09:33:00,4.175,4.175,4.175,4.175,121.0,TEF
2023-03-01 09:32:00,4.175,4.175,4.175,4.175,1300.0,TEF
2023-03-01 09:31:00,4.17,4.19,4.17,4.17,87899.0,TEF
2023-03-01 09:29:00,4.18,4.18,4.18,4.18,912.0,TEF
2023-03-01 09:25:00,4.18,4.18,4.18,4.18,567.0,TEF
2023-03-01 09:21:00,4.18,4.18,4.18,4.18,433.0,TEF
2023-03-01 09:15:00,4.18,4.18,4.18,4.18,201.0,TEF
2023-03-01 09:14:00,4.18,4.18,4.18,4.18,603.0,TEF
2023-03-01 09:11:00,4.17,4.17,4.17,4.17,1000.0,TEF
2023-03-01 09:01:00,4.17,4.17,4.17,4.17,1000.0,TEF
2023-03-01 08:47:00,4.1797,4.1797,4.1797,4.1797,100.0,TEF
2023-03-01 08:07:00,4.2,4.2,4.2,4.2,100.0,TEF
2023-03-01 08:01:00,4.22,4.22,4.22,4.22,2748.0,TEF
2023-03-01 07:41:00,4.22,4.22,4.22,4.22,190.0,TEF
2023-03-01 07:32:00,4.21,4.21,4.21,4.21,7405.0,TEF
2023-03-01 07:08:00,4.22,4.22,4.22,4.22,100.0,TEF
2023-03-01 06:57:00,4.24,4.24,4.24,4.24,2500.0,TEF
2023-03-01 06:37:00,4.23,4.23,4.23,4.23,1000.0,TEF
2023-03-01 06:25:00,4.23,4.23,4.23,4.23,450.0,TEF
2023-03-01 06:02:00,4.25,4.25,4.25,4.25,100.0,TEF
2023-03-01 05:59:00,4.25,4.25,4.25,4.25,140.0,TEF
2023-03-01 05:55:00,4.24,4.24,4.24,4.24,150.0,TEF
2023-03-01 05:54:00,4.23,4.23,4.23,4.23,150.0,TEF
2023-03-01 05:35:00,4.23,4.23,4.23,4.23,100.0,TEF
2023-03-01 05:34:00,4.23,4.23,4.23,4.23,600.0,TEF
2023-03-01 04:45:00,4.22,4.22,4.22,4.22,100.0,TEF
2023-03-01 04:25:00,4.19,4.19,4.19,4.19,4793.0,TEF
2023-03-01 04:20:00,4.19,4.19,4.19,4.19,100.0,TEF
2023-03-01 04:02:00,4.15,4.15,4.15,4.15,300.0,TEF
2023-03-01 04:01:00,4.15,4.15,4.15,4.15,1600.0,TEF
2023-02-28 16:00:00,4.08,4.09,4.08,4.08,21824.0,TEF
2023-02-28 15:59:00,4.09,4.09,4.08,4.08,18750.0,TEF
2023-02-28 15:58:00,4.085,4.09,4.085,4.09,2545.0,TEF
2023-02-28 15:57:00,4.085,4.09,4.085,4.09,2813.0,TEF
2023-02-28 15:56:00,4.09,4.09,4.085,4.085,2022.0,TEF
2023-02-28 15:55:00,4.09,4.09,4.085,4.085,1414.0,TEF
2023-02-28 15:54:00,4.085,4.09,4.085,4.09,325.0,TEF
2023-02-28 15:53:00,4.09,4.09,4.09,4.09,1200.0,TEF
2023-02-28 15:52:00,4.085,4.09,4.085,4.085,1770.0,TEF
2023-02-28 15:51:00,4.085,4.09,4.085,4.09,2343.0,TEF
2023-02-28 15:50:00,4.09,4.09,4.09,4.09,400.0,TEF
2023-02-28 15:49:00,4.09,4.09,4.085,4.085,521.0,TEF
2023-02-28 15:46:00,4.0887,4.0887,4.085,4.085,2128.0,TEF
2023-02-28 15:45:00,4.0819,4.09,4.0819,4.09,2614.0,TEF
2023-02-28 15:44:00,4.085,4.09,4.085,4.09,919.0,TEF
2023-02-28 15:43:00,4.085,4.09,4.085,4.09,247.0,TEF
2023-02-28 15:42:00,4.09,4.09,4.09,4.09,252.0,TEF
2023-02-28 15:41:00,4.09,4.09,4.085,4.09,3112.0,TEF
2023-02-28 15:40:00,4.0816,4.09,4.0816,4.085,1686.0,TEF
2023-02-28 15:39:00,4.09,4.09,4.085,4.09,682.0,TEF
2023-02-28 15:38:00,4.085,4.085,4.085,4.085,110.0,TEF
2023-02-28 15:37:00,4.09,4.09,4.084,4.09,1442.0,TEF
2023-02-28 15:36:00,4.09,4.09,4.09,4.09,301.0,TEF
2023-02-28 15:35:00,4.09,4.09,4.09,4.09,276.0,TEF
2023-02-28 15:34:00,4.09,4.09,4.09,4.09,218.0,TEF
2023-02-28 15:33:00,4.09,4.09,4.085,4.085,1000.0,TEF
2023-02-28 15:32:00,4.09,4.09,4.09,4.09,100.0,TEF
2023-02-28 15:31:00,4.085,4.09,4.085,4.09,363.0,TEF
2023-02-28 15:30:00,4.09,4.09,4.09,4.09,142.0,TEF
2023-02-28 15:29:00,4.085,4.085,4.085,4.085,300.0,TEF
2023-02-28 15:28:00,4.09,4.09,4.09,4.09,121.0,TEF
2023-02-28 15:25:00,4.085,4.09,4.085,4.09,204.0,TEF
2023-02-28 15:22:00,4.085,4.085,4.085,4.085,600.0,TEF
2023-02-28 15:21:00,4.09,4.09,4.085,4.09,895.0,TEF
2023-02-28 15:20:00,4.09,4.09,4.09,4.09,132.0,TEF
2023-02-28 15:19:00,4.085,4.09,4.085,4.09,600.0,TEF
2023-02-28 15:18:00,4.085,4.09,4.085,4.09,2387.0,TEF
2023-02-28 15:16:00,4.09,4.09,4.085,4.085,2350.0,TEF
2023-02-28 15:14:00,4.0897,4.0897,4.0897,4.0897,100.0,TEF
2023-02-28 15:11:00,4.08,4.09,4.08,4.09,297.0,TEF
2023-02-28 15:10:00,4.085,4.085,4.08,4.08,600.0,TEF
2023-02-28 15:09:00,4.085,4.085,4.085,4.085,100.0,TEF
2023-02-28 15:08:00,4.085,4.09,4.08,4.09,400.0,TEF
2023-02-28 15:07:00,4.085,4.085,4.085,4.085,239.0,TEF
2023-02-28 15:06:00,4.085,4.089,4.08,4.089,450.0,TEF
2023-02-28 15:05:00,4.085,4.085,4.085,4.085,700.0,TEF
2023-02-28 15:04:00,4.085,4.085,4.085,4.085,300.0,TEF
2023-02-28 15:03:00,4.085,4.085,4.085,4.085,1200.0,TEF
2023-02-28 15:02:00,4.085,4.085,4.085,4.085,839.0,TEF
2023-02-28 15:01:00,4.09,4.09,4.085,4.085,1400.0,TEF
2023-02-28 15:00:00,4.09,4.09,4.085,4.085,3763.0,TEF
2023-02-28 14:59:00,4.09,4.09,4.09,4.09,17473.0,TEF
2023-02-28 14:58:00,4.09,4.09,4.09,4.09,2108.0,TEF
2023-02-28 14:55:00,4.09,4.09,4.09,4.09,312.0,TEF
2023-02-28 14:54:00,4.095,4.095,4.09,4.09,2268.0,TEF
2023-02-28 14:52:00,4.095,4.095,4.095,4.095,100.0,TEF
2023-02-28 14:51:00,4.1,4.1,4.1,4.1,541.0,TEF
2023-02-28 14:50:00,4.095,4.095,4.095,4.095,463.0,TEF
2023-02-28 14:49:00,4.095,4.0997,4.095,4.095,8100.0,TEF
2023-02-28 14:48:00,4.095,4.095,4.095,4.095,310.0,TEF
2023-02-28 14:47:00,4.095,4.095,4.095,4.095,645.0,TEF
2023-02-28 14:46:00,4.095,4.095,4.095,4.095,1425.0,TEF
2023-02-28 14:45:00,4.095,4.095,4.095,4.095,1400.0,TEF
2023-02-28 14:43:00,4.09,4.09,4.09,4.09,4099.0,TEF
2023-02-28 14:41:00,4.095,4.095,4.095,4.095,506.0,TEF
2023-02-28 14:40:00,4.095,4.095,4.095,4.095,806.0,TEF
2023-02-28 14:38:00,4.09,4.09,4.09,4.09,100.0,TEF
2023-02-28 14:35:00,4.095,4.095,4.095,4.095,100.0,TEF
2023-02-28 14:33:00,4.0901,4.0967,4.0901,4.0967,1871.0,TEF
2023-02-28 14:29:00,4.095,4.095,4.09,4.09,6943.0,TEF
2023-02-28 14:28:00,4.095,4.095,4.0901,4.0901,300.0,TEF
2023-02-28 14:26:00,4.095,4.095,4.095,4.095,401.0,TEF
2023-02-28 14:25:00,4.095,4.095,4.095,4.095,182.0,TEF
2023-02-28 14:24:00,4.095,4.095,4.095,4.095,1001.0,TEF
2023-02-28 14:23:00,4.0986,4.0986,4.0986,4.0986,4323.0,TEF
2023-02-28 14:22:00,4.09,4.09,4.09,4.09,110.0,TEF
2023-02-28 14:21:00,4.09,4.095,4.09,4.09,2493.0,TEF
2023-02-28 14:14:00,4.092,4.092,4.092,4.092,260.0,TEF
2023-02-28 14:12:00,4.0992,4.0992,4.0992,4.0992,3183.0,TEF
2023-02-28 14:11:00,4.095,4.095,4.0914,4.0914,4836.0,TEF
2023-02-28 14:10:00,4.095,4.095,4.095,4.095,512.0,TEF
2023-02-28 14:09:00,4.095,4.095,4.0917,4.0917,1750.0,TEF
2023-02-28 14:06:00,4.09,4.09,4.09,4.09,5903.0,TEF
2023-02-28 14:03:00,4.095,4.095,4.09,4.095,720.0,TEF
2023-02-28 13:59:00,4.09,4.09,4.09,4.09,626.0,TEF
2023-02-28 13:58:00,4.099,4.099,4.09,4.09,16432.0,TEF
2023-02-28 13:56:00,4.1,4.1,4.09,4.09,1552.0,TEF
2023-02-28 13:55:00,4.095,4.1,4.09,4.09,500.0,TEF
2023-02-28 13:54:00,4.095,4.095,4.095,4.095,200.0,TEF
2023-02-28 13:53:00,4.095,4.1,4.095,4.1,1039.0,TEF
2023-02-28 13:52:00,4.09,4.09,4.09,4.09,100.0,TEF
2023-02-28 13:50:00,4.09,4.1,4.09,4.1,218.0,TEF
2023-02-28 13:48:00,4.09,4.09,4.09,4.09,1228.0,TEF
2023-02-28 13:45:00,4.1,4.1,4.095,4.095,390.0,TEF
2023-02-28 13:44:00,4.095,4.095,4.095,4.095,160.0,TEF
2023-02-28 13:41:00,4.0902,4.095,4.0902,4.095,751.0,TEF
2023-02-28 13:39:00,4.097,4.097,4.095,4.095,3258.0,TEF
2023-02-28 13:36:00,4.0982,4.0982,4.095,4.095,1153.0,TEF
2023-02-28 13:31:00,4.095,4.095,4.095,4.095,700.0,TEF
2023-02-28 13:27:00,4.0941,4.0941,4.0923,4.0923,978.0,TEF
2023-02-28 13:24:00,4.095,4.095,4.09,4.09,13782.0,TEF
2023-02-28 13:22:00,4.095,4.095,4.095,4.095,2040.0,TEF
2023-02-28 13:21:00,4.095,4.095,4.095,4.095,100.0,TEF
2023-02-28 13:20:00,4.095,4.095,4.09,4.09,2430.0,TEF
2023-02-28 13:15:00,4.1,4.1,4.0984,4.0984,514.0,TEF
2023-02-28 13:14:00,4.1,4.1,4.1,4.1,393.0,TEF
2023-02-28 13:13:00,4.1,4.1,4.095,4.095,5841.0,TEF
2023-02-28 13:12:00,4.095,4.095,4.095,4.095,915.0,TEF
2023-02-28 13:11:00,4.0953,4.0953,4.0953,4.0953,501.0,TEF
2023-02-28 13:09:00,4.092,4.092,4.092,4.092,330.0,TEF
2023-02-28 13:06:00,4.1,4.1,4.1,4.1,500.0,TEF
2023-02-28 12:58:00,4.095,4.1,4.095,4.1,19104.0,TEF
2023-02-28 12:57:00,4.095,4.095,4.095,4.095,400.0,TEF
2023-02-28 12:56:00,4.095,4.095,4.095,4.095,406.0,TEF
2023-02-28 12:55:00,4.095,4.095,4.095,4.095,300.0,TEF
2023-02-28 12:53:00,4.095,4.095,4.09,4.09,887.0,TEF
2023-02-28 12:52:00,4.095,4.095,4.095,4.095,500.0,TEF
2023-02-28 12:48:00,4.095,4.095,4.0949,4.0949,1300.0,TEF
2023-02-28 12:47:00,4.095,4.095,4.095,4.095,400.0,TEF
2023-02-28 12:46:00,4.095,4.095,4.095,4.095,2400.0,TEF
2023-02-28 12:45:00,4.09,4.095,4.09,4.095,7496.0,TEF
2023-02-28 12:44:00,4.09,4.09,4.09,4.09,4200.0,TEF
2023-02-28 12:43:00,4.1,4.1,4.09,4.09,264.0,TEF
2023-02-28 12:42:00,4.095,4.095,4.09,4.095,6503.0,TEF
2023-02-28 12:41:00,4.095,4.095,4.095,4.095,200.0,TEF
2023-02-28 12:40:00,4.1,4.1,4.1,4.1,101.0,TEF
2023-02-28 12:39:00,4.095,4.1,4.0917,4.1,1600.0,TEF
2023-02-28 12:38:00,4.095,4.095,4.09,4.095,7812.0,TEF
2023-02-28 12:37:00,4.095,4.095,4.09,4.095,4042.0,TEF
2023-02-28 12:36:00,4.095,4.095,4.095,4.095,358.0,TEF
2023-02-28 12:35:00,4.095,4.095,4.095,4.095,5608.0,TEF
2023-02-28 12:34:00,4.085,4.095,4.085,4.095,46010.0,TEF
2023-02-28 12:31:00,4.085,4.085,4.085,4.085,110.0,TEF
2023-02-28 12:30:00,4.085,4.085,4.085,4.085,1400.0,TEF
2023-02-28 12:29:00,4.085,4.085,4.085,4.085,2512.0,TEF
2023-02-28 12:28:00,4.085,4.085,4.085,4.085,4355.0,TEF
2023-02-28 12:27:00,4.0884,4.0884,4.085,4.085,548.0,TEF
2023-02-28 12:26:00,4.085,4.085,4.085,4.085,216.0,TEF
2023-02-28 12:25:00,4.085,4.085,4.0806,4.083,691.0,TEF
2023-02-28 12:24:00,4.085,4.085,4.085,4.085,3975.0,TEF
2023-02-28 12:23:00,4.08,4.08,4.08,4.08,3975.0,TEF
2023-02-28 12:21:00,4.08,4.08,4.08,4.08,801.0,TEF
2023-02-28 12:18:00,4.075,4.08,4.075,4.08,871.0,TEF
2023-02-28 12:17:00,4.08,4.08,4.075,4.08,4682.0,TEF
2023-02-28 12:16:00,4.08,4.08,4.078,4.08,7799.0,TEF
2023-02-28 12:13:00,4.075,4.08,4.075,4.08,340.0,TEF
2023-02-28 12:10:00,4.065,4.07,4.065,4.07,11384.0,TEF
2023-02-28 12:09:00,4.065,4.065,4.065,4.065,326.0,TEF
2023-02-28 12:08:00,4.07,4.07,4.065,4.065,239.0,TEF
2023-02-28 12:06:00,4.07,4.07,4.065,4.065,416.0,TEF
2023-02-28 12:03:00,4.065,4.065,4.065,4.065,234.0,TEF
2023-02-28 12:02:00,4.07,4.07,4.07,4.07,139.0,TEF
2023-02-28 12:00:00,4.065,4.065,4.065,4.065,646.0,TEF
2023-02-28 11:59:00,4.065,4.065,4.065,4.065,100.0,TEF
2023-02-28 11:58:00,4.07,4.07,4.065,4.065,14626.0,TEF
2023-02-28 11:56:00,4.07,4.0755,4.07,4.0755,230.0,TEF
2023-02-28 11:54:00,4.075,4.075,4.075,4.075,411.0,TEF
2023-02-28 11:53:00,4.07,4.07,4.07,4.07,231.0,TEF
2023-02-28 11:52:00,4.078,4.078,4.078,4.078,308.0,TEF
2023-02-28 11:51:00,4.0721,4.0721,4.0721,4.0721,3100.0,TEF
2023-02-28 11:50:00,4.07,4.07,4.07,4.07,191.0,TEF
2023-02-28 11:48:00,4.07,4.075,4.07,4.075,520.0,TEF
2023-02-28 11:47:00,4.075,4.075,4.075,4.075,207.0,TEF
2023-02-28 11:46:00,4.0723,4.075,4.07,4.07,1657.0,TEF
2023-02-28 11:45:00,4.07,4.07,4.07,4.07,300.0,TEF
2023-02-28 11:44:00,4.0769,4.0769,4.07,4.07,442.0,TEF
2023-02-28 11:43:00,4.07,4.075,4.07,4.075,316.0,TEF
2023-02-28 11:42:00,4.079,4.079,4.079,4.079,8307.0,TEF
2023-02-28 11:40:00,4.07,4.07,4.07,4.07,460.0,TEF
2023-02-28 11:39:00,4.075,4.075,4.075,4.075,320.0,TEF
2023-02-28 11:38:00,4.075,4.075,4.075,4.075,225.0,TEF
2023-02-28 11:37:00,4.07,4.07,4.07,4.07,105.0,TEF
2023-02-28 11:36:00,4.075,4.075,4.075,4.075,1109.0,TEF
2023-02-28 11:35:00,4.075,4.075,4.075,4.075,300.0,TEF
2023-02-28 11:33:00,4.075,4.0769,4.07,4.0769,517.0,TEF
2023-02-28 11:30:00,4.075,4.075,4.075,4.075,340.0,TEF
2023-02-28 11:29:00,4.075,4.075,4.075,4.075,201.0,TEF
2023-02-28 11:27:00,4.0772,4.0772,4.0741,4.075,718.0,TEF
2023-02-28 11:24:00,4.08,4.08,4.075,4.08,1878.0,TEF
2023-02-28 11:23:00,4.075,4.08,4.075,4.08,1701.0,TEF
2023-02-28 11:22:00,4.08,4.08,4.075,4.075,4301.0,TEF
2023-02-28 11:21:00,4.08,4.08,4.075,4.075,2159.0,TEF
2023-02-28 11:20:00,4.085,4.085,4.075,4.08,33052.0,TEF
2023-02-28 11:19:00,4.085,4.09,4.08,4.09,5963.0,TEF
2023-02-28 11:18:00,4.085,4.085,4.08,4.085,3910.0,TEF
2023-02-28 11:17:00,4.08,4.085,4.08,4.08,2035.0,TEF
2023-02-28 11:16:00,4.08,4.0884,4.08,4.085,31404.0,TEF
2023-02-28 11:15:00,4.085,4.085,4.08,4.08,13517.0,TEF
2023-02-28 11:14:00,4.08,4.08,4.08,4.08,645.0,TEF
2023-02-28 11:13:00,4.085,4.0881,4.08,4.085,3738.0,TEF
2023-02-28 11:12:00,4.085,4.085,4.085,4.085,375.0,TEF
2023-02-28 11:11:00,4.085,4.0851,4.08,4.085,2911.0,TEF
2023-02-28 11:10:00,4.085,4.085,4.08,4.08,10404.0,TEF
2023-02-28 11:09:00,4.085,4.085,4.08,4.085,24035.0,TEF
2023-02-28 11:08:00,4.085,4.09,4.085,4.09,2104.0,TEF
2023-02-28 11:07:00,4.0884,4.09,4.085,4.09,3604.0,TEF
2023-02-28 11:05:00,4.085,4.085,4.085,4.085,905.0,TEF
2023-02-28 11:04:00,4.085,4.085,4.085,4.085,124.0,TEF
2023-02-28 11:00:00,4.09,4.09,4.09,4.09,3894.0,TEF
2023-02-28 10:59:00,4.085,4.085,4.085,4.085,513.0,TEF
2023-02-28 10:58:00,4.085,4.085,4.085,4.085,212.0,TEF
2023-02-28 10:55:00,4.09,4.095,4.09,4.09,7755.0,TEF
2023-02-28 10:54:00,4.09,4.0999,4.09,4.09,8833.0,TEF
2023-02-28 10:53:00,4.095,4.095,4.095,4.095,704.0,TEF
2023-02-28 10:52:00,4.095,4.095,4.095,4.095,309.0,TEF
2023-02-28 10:51:00,4.095,4.095,4.095,4.095,190.0,TEF
2023-02-28 10:49:00,4.095,4.095,4.095,4.095,1185.0,TEF
2023-02-28 10:48:00,4.095,4.095,4.095,4.095,200.0,TEF
2023-02-28 10:47:00,4.1,4.1,4.1,4.1,189.0,TEF
2023-02-28 10:45:00,4.1,4.105,4.1,4.1,11499.0,TEF
2023-02-28 10:44:00,4.1029,4.1029,4.1029,4.1029,329.0,TEF
2023-02-28 10:42:00,4.1,4.1,4.1,4.1,1891.0,TEF
2023-02-28 10:41:00,4.105,4.105,4.105,4.105,1986.0,TEF
2023-02-28 10:40:00,4.105,4.105,4.105,4.105,225.0,TEF
2023-02-28 10:38:00,4.105,4.105,4.1,4.105,1933.0,TEF
2023-02-28 10:37:00,4.105,4.105,4.105,4.105,1974.0,TEF
2023-02-28 10:36:00,4.105,4.105,4.105,4.105,2292.0,TEF
2023-02-28 10:34:00,4.1,4.105,4.095,4.105,2384.0,TEF
2023-02-28 10:33:00,4.1,4.1,4.1,4.1,1075.0,TEF
2023-02-28 10:32:00,4.0901,4.0901,4.0901,4.0901,800.0,TEF
2023-02-28 10:31:00,4.0999,4.1,4.0999,4.1,2854.0,TEF
2023-02-28 10:30:00,4.105,4.105,4.1,4.1,17031.0,TEF
2023-02-28 10:29:00,4.105,4.11,4.105,4.105,9305.0,TEF
2023-02-28 10:28:00,4.105,4.105,4.105,4.105,176.0,TEF
2023-02-28 10:27:00,4.11,4.11,4.11,4.11,384.0,TEF
2023-02-28 10:26:00,4.105,4.11,4.105,4.11,945.0,TEF
2023-02-28 10:25:00,4.11,4.11,4.105,4.105,287.0,TEF
2023-02-28 10:24:00,4.105,4.105,4.105,4.105,210.0,TEF
2023-02-28 10:23:00,4.105,4.105,4.105,4.105,1261.0,TEF
2023-02-28 10:22:00,4.105,4.105,4.105,4.105,704.0,TEF
2023-02-28 10:21:00,4.11,4.11,4.1037,4.105,2197.0,TEF
2023-02-28 10:20:00,4.11,4.11,4.11,4.11,222.0,TEF
2023-02-28 10:19:00,4.105,4.105,4.105,4.105,486.0,TEF
2023-02-28 10:18:00,4.105,4.105,4.105,4.105,291.0,TEF
2023-02-28 10:17:00,4.105,4.105,4.105,4.105,1788.0,TEF
2023-02-28 10:16:00,4.105,4.105,4.105,4.105,17958.0,TEF
2023-02-28 10:15:00,4.105,4.105,4.105,4.105,1027.0,TEF
2023-02-28 10:14:00,4.105,4.1099,4.105,4.105,1517.0,TEF
2023-02-28 10:12:00,4.105,4.11,4.105,4.11,1486.0,TEF
2023-02-28 10:11:00,4.1001,4.1001,4.1001,4.1001,109.0,TEF
2023-02-28 10:10:00,4.11,4.11,4.11,4.11,8308.0,TEF
2023-02-28 10:09:00,4.11,4.11,4.11,4.11,3324.0,TEF
2023-02-28 10:08:00,4.115,4.115,4.11,4.11,8467.0,TEF
2023-02-28 10:07:00,4.115,4.115,4.11,4.11,2227.0,TEF
2023-02-28 10:06:00,4.11,4.11,4.11,4.11,16269.0,TEF
2023-02-28 10:05:00,4.105,4.105,4.105,4.105,200.0,TEF
2023-02-28 10:04:00,4.105,4.105,4.105,4.105,343.0,TEF
2023-02-28 10:02:00,4.11,4.115,4.11,4.11,51188.0,TEF
2023-02-28 10:01:00,4.11,4.11,4.1041,4.1041,623.0,TEF
2023-02-28 10:00:00,4.105,4.105,4.105,4.105,1717.0,TEF
2023-02-28 09:59:00,4.105,4.105,4.1022,4.1022,200.0,TEF
2023-02-28 09:58:00,4.105,4.105,4.105,4.105,6820.0,TEF
2023-02-28 09:57:00,4.105,4.11,4.105,4.11,2702.0,TEF
2023-02-28 09:56:00,4.11,4.11,4.11,4.11,107.0,TEF
2023-02-28 09:54:00,4.11,4.11,4.11,4.11,204.0,TEF
2023-02-28 09:52:00,4.105,4.11,4.1,4.105,1501.0,TEF
2023-02-28 09:51:00,4.11,4.11,4.105,4.105,3909.0,TEF
2023-02-28 09:50:00,4.115,4.115,4.11,4.11,17859.0,TEF
2023-02-28 09:49:00,4.115,4.115,4.115,4.115,2150.0,TEF
2023-02-28 09:48:00,4.11,4.115,4.11,4.115,8971.0,TEF
2023-02-28 09:47:00,4.11,4.11,4.11,4.11,2405.0,TEF
2023-02-28 09:46:00,4.105,4.11,4.105,4.105,22750.0,TEF
2023-02-28 09:45:00,4.105,4.105,4.105,4.105,1617.0,TEF
2023-02-28 09:43:00,4.1,4.1,4.1,4.1,2600.0,TEF
2023-02-28 09:41:00,4.1,4.1,4.1,4.1,1801.0,TEF
2023-02-28 09:40:00,4.1,4.1,4.1,4.1,34513.0,TEF
2023-02-28 09:39:00,4.1,4.1,4.1,4.1,42862.0,TEF
2023-02-28 09:38:00,4.1,4.1,4.095,4.1,11500.0,TEF
2023-02-28 09:37:00,4.095,4.1,4.095,4.1,18321.0,TEF
2023-02-28 09:36:00,4.0901,4.0901,4.0901,4.0901,105.0,TEF
2023-02-28 09:34:00,4.095,4.095,4.095,4.095,1001.0,TEF
2023-02-28 09:33:00,4.1,4.1,4.1,4.1,1214.0,TEF
2023-02-28 09:32:00,4.095,4.1,4.095,4.1,1417.0,TEF
2023-02-28 09:31:00,4.1,4.11,4.09,4.09,25822.0,TEF
2023-02-28 09:30:00,4.1,4.1,4.1,4.1,5400.0,TEF
2023-02-28 07:08:00,4.12,4.12,4.12,4.12,100.0,TEF
2023-02-28 05:47:00,4.12,4.12,4.12,4.12,4854.0,TEF
2023-02-28 05:01:00,4.12,4.12,4.12,4.12,300.0,TEF
2023-02-28 04:01:00,4.15,4.15,4.15,4.15,100.0,TEF
2023-02-27 16:00:00,4.14,4.14,4.135,4.14,4606.0,TEF
2023-02-27 15:59:00,4.14,4.14,4.14,4.14,1137.0,TEF
2023-02-27 15:58:00,4.135,4.14,4.135,4.135,2115.0,TEF
2023-02-27 15:57:00,4.14,4.14,4.135,4.1385,1714.0,TEF
2023-02-27 15:56:00,4.14,4.14,4.135,4.135,1580.0,TEF
2023-02-27 15:55:00,4.14,4.14,4.135,4.135,200.0,TEF
2023-02-27 15:54:00,4.14,4.14,4.135,4.14,1876.0,TEF
2023-02-27 15:53:00,4.14,4.14,4.1327,4.135,1261.0,TEF
2023-02-27 15:52:00,4.14,4.14,4.135,4.14,2643.0,TEF
2023-02-27 15:51:00,4.135,4.14,4.135,4.135,1006.0,TEF
2023-02-27 15:50:00,4.14,4.14,4.135,4.135,684.0,TEF
2023-02-27 15:49:00,4.14,4.14,4.135,4.135,1455.0,TEF
2023-02-27 15:48:00,4.14,4.14,4.1301,4.135,744.0,TEF
2023-02-27 15:47:00,4.135,4.14,4.135,4.14,2320.0,TEF
2023-02-27 15:46:00,4.1317,4.14,4.1317,4.14,6939.0,TEF
2023-02-27 15:45:00,4.135,4.14,4.135,4.14,1700.0,TEF
2023-02-27 15:44:00,4.14,4.14,4.135,4.14,2710.0,TEF
2023-02-27 15:43:00,4.135,4.14,4.135,4.139,3956.0,TEF
2023-02-27 15:42:00,4.135,4.137,4.13,4.137,3929.0,TEF
2023-02-27 15:41:00,4.135,4.14,4.13,4.135,8108.0,TEF
2023-02-27 15:40:00,4.13,4.135,4.13,4.135,3100.0,TEF
2023-02-27 15:39:00,4.135,4.135,4.135,4.135,7377.0,TEF
2023-02-27 15:38:00,4.135,4.135,4.13,4.135,3437.0,TEF
2023-02-27 15:37:00,4.135,4.135,4.13,4.13,9838.0,TEF
2023-02-27 15:36:00,4.135,4.135,4.135,4.135,400.0,TEF
2023-02-27 15:35:00,4.135,4.135,4.13,4.135,1000.0,TEF
2023-02-27 15:34:00,4.13,4.135,4.13,4.135,6523.0,TEF
2023-02-27 15:33:00,4.135,4.135,4.135,4.135,1900.0,TEF
2023-02-27 15:32:00,4.135,4.1355,4.13,4.135,1844.0,TEF
2023-02-27 15:31:00,4.1315,4.135,4.1315,4.135,2220.0,TEF
2023-02-27 15:30:00,4.135,4.135,4.135,4.135,1731.0,TEF
2023-02-27 15:29:00,4.135,4.1388,4.135,4.135,4571.0,TEF
2023-02-27 15:28:00,4.135,4.1399,4.135,4.135,4380.0,TEF
2023-02-27 15:27:00,4.13,4.1381,4.13,4.135,5716.0,TEF
2023-02-27 15:26:00,4.135,4.135,4.135,4.135,1423.0,TEF
2023-02-27 15:25:00,4.13,4.14,4.13,4.135,42472.0,TEF
2023-02-27 15:24:00,4.13,4.13,4.125,4.13,1238.0,TEF
2023-02-27 15:23:00,4.13,4.13,4.125,4.13,996.0,TEF
2023-02-27 15:22:00,4.13,4.13,4.125,4.125,1077.0,TEF
2023-02-27 15:21:00,4.13,4.13,4.12,4.13,2607.0,TEF
2023-02-27 15:20:00,4.13,4.13,4.13,4.13,805.0,TEF
2023-02-27 15:19:00,4.125,4.13,4.125,4.128,1535.0,TEF
2023-02-27 15:18:00,4.13,4.13,4.13,4.13,966.0,TEF
2023-02-27 15:17:00,4.13,4.13,4.13,4.13,758.0,TEF
2023-02-27 15:16:00,4.13,4.13,4.13,4.13,1311.0,TEF
2023-02-27 15:15:00,4.13,4.13,4.1297,4.13,3849.0,TEF
2023-02-27 15:14:00,4.13,4.13,4.1289,4.13,1680.0,TEF
2023-02-27 15:13:00,4.125,4.13,4.125,4.13,818.0,TEF
2023-02-27 15:12:00,4.13,4.13,4.13,4.13,1670.0,TEF
2023-02-27 15:11:00,4.125,4.13,4.125,4.13,1611.0,TEF
2023-02-27 15:10:00,4.13,4.13,4.125,4.125,820.0,TEF
2023-02-27 15:09:00,4.125,4.13,4.125,4.13,2928.0,TEF
2023-02-27 15:08:00,4.13,4.13,4.1299,4.1299,4310.0,TEF
2023-02-27 15:07:00,4.125,4.13,4.125,4.13,557.0,TEF
2023-02-27 15:06:00,4.13,4.13,4.125,4.125,901.0,TEF
2023-02-27 15:04:00,4.13,4.13,4.13,4.13,348.0,TEF
2023-02-27 15:02:00,4.125,4.13,4.125,4.125,612.0,TEF
2023-02-27 15:01:00,4.13,4.13,4.13,4.13,100.0,TEF
2023-02-27 15:00:00,4.125,4.13,4.125,4.13,3176.0,TEF
2023-02-27 14:58:00,4.13,4.13,4.13,4.13,200.0,TEF
2023-02-27 14:56:00,4.125,4.13,4.125,4.13,800.0,TEF
2023-02-27 14:55:00,4.125,4.125,4.125,4.125,100.0,TEF
2023-02-27 14:54:00,4.13,4.13,4.13,4.13,450.0,TEF
2023-02-27 14:53:00,4.13,4.13,4.13,4.13,100.0,TEF
2023-02-27 14:52:00,4.13,4.13,4.13,4.13,4809.0,TEF
2023-02-27 14:51:00,4.13,4.13,4.125,4.125,1228.0,TEF
2023-02-27 14:50:00,4.125,4.13,4.125,4.13,718.0,TEF
2023-02-27 14:48:00,4.13,4.13,4.13,4.13,501.0,TEF
2023-02-27 14:47:00,4.13,4.13,4.125,4.125,12817.0,TEF
2023-02-27 14:46:00,4.13,4.13,4.13,4.13,301.0,TEF
2023-02-27 14:44:00,4.13,4.135,4.13,4.135,1265.0,TEF
2023-02-27 14:43:00,4.135,4.135,4.13,4.135,5347.0,TEF
2023-02-27 14:42:00,4.1316,4.135,4.1316,4.135,1188.0,TEF
2023-02-27 14:41:00,4.13,4.13,4.13,4.13,101.0,TEF
2023-02-27 14:40:00,4.135,4.135,4.135,4.135,200.0,TEF
2023-02-27 14:39:00,4.135,4.135,4.135,4.135,240.0,TEF
2023-02-27 14:37:00,4.135,4.135,4.135,4.135,303.0,TEF
2023-02-27 14:36:00,4.1386,4.14,4.13,4.13,4801.0,TEF
2023-02-27 14:35:00,4.135,4.135,4.1314,4.1314,3221.0,TEF
2023-02-27 14:34:00,4.135,4.135,4.13,4.13,640.0,TEF
2023-02-27 14:33:00,4.135,4.135,4.13,4.13,2400.0,TEF
2023-02-27 14:32:00,4.13,4.13,4.13,4.13,200.0,TEF
2023-02-27 14:31:00,4.135,4.135,4.135,4.135,500.0,TEF
2023-02-27 14:30:00,4.135,4.135,4.135,4.135,699.0,TEF
2023-02-27 14:29:00,4.13,4.135,4.13,4.135,540.0,TEF
2023-02-27 14:28:00,4.14,4.14,4.135,4.135,855.0,TEF
2023-02-27 14:27:00,4.135,4.135,4.135,4.135,800.0,TEF
2023-02-27 14:26:00,4.1382,4.1382,4.135,4.135,2502.0,TEF
2023-02-27 14:25:00,4.135,4.135,4.133,4.133,1800.0,TEF
2023-02-27 14:24:00,4.135,4.135,4.135,4.135,400.0,TEF
2023-02-27 14:23:00,4.135,4.14,4.135,4.135,2751.0,TEF
2023-02-27 14:22:00,4.1401,4.1401,4.13,4.13,32102.0,TEF
2023-02-27 14:21:00,4.15,4.15,4.145,4.145,2549.0,TEF
2023-02-27 14:20:00,4.14,4.14,4.14,4.14,101.0,TEF
2023-02-27 14:19:00,4.14,4.145,4.14,4.145,967.0,TEF
2023-02-27 14:18:00,4.14,4.14,4.14,4.14,300.0,TEF
2023-02-27 14:17:00,4.145,4.145,4.145,4.145,200.0,TEF
2023-02-27 14:16:00,4.145,4.145,4.145,4.145,1111.0,TEF
2023-02-27 14:15:00,4.145,4.145,4.145,4.145,615.0,TEF
2023-02-27 14:14:00,4.14,4.15,4.14,4.145,3731.0,TEF
2023-02-27 14:13:00,4.145,4.1456,4.145,4.145,1272.0,TEF
2023-02-27 14:11:00,4.14,4.145,4.14,4.145,2390.0,TEF
2023-02-27 14:09:00,4.14,4.14,4.1357,4.1357,981.0,TEF
2023-02-27 14:08:00,4.14,4.14,4.14,4.14,5401.0,TEF
2023-02-27 14:07:00,4.14,4.14,4.135,4.135,6191.0,TEF
2023-02-27 14:02:00,4.135,4.14,4.135,4.135,319.0,TEF
2023-02-27 14:01:00,4.14,4.14,4.135,4.14,900.0,TEF
2023-02-27 14:00:00,4.139,4.139,4.139,4.139,118.0,TEF
2023-02-27 13:59:00,4.139,4.14,4.139,4.14,221.0,TEF
2023-02-27 13:58:00,4.139,4.14,4.139,4.14,737.0,TEF
2023-02-27 13:57:00,4.14,4.14,4.135,4.14,1598.0,TEF
2023-02-27 13:56:00,4.14,4.14,4.135,4.135,301.0,TEF
2023-02-27 13:55:00,4.1323,4.1323,4.1323,4.1323,149.0,TEF
2023-02-27 13:54:00,4.14,4.14,4.135,4.135,200.0,TEF
2023-02-27 13:53:00,4.13,4.1356,4.13,4.1356,225.0,TEF
2023-02-27 13:52:00,4.135,4.135,4.135,4.135,225.0,TEF
2023-02-27 13:51:00,4.14,4.14,4.135,4.135,643.0,TEF
2023-02-27 13:50:00,4.135,4.135,4.13,4.13,227.0,TEF
2023-02-27 13:49:00,4.135,4.135,4.135,4.135,200.0,TEF
2023-02-27 13:48:00,4.135,4.14,4.132,4.132,2173.0,TEF
2023-02-27 13:47:00,4.135,4.135,4.135,4.135,100.0,TEF
2023-02-27 13:46:00,4.135,4.135,4.135,4.135,140.0,TEF
2023-02-27 13:45:00,4.135,4.14,4.13,4.14,400.0,TEF
2023-02-27 13:44:00,4.135,4.135,4.135,4.135,300.0,TEF
2023-02-27 13:43:00,4.135,4.135,4.135,4.135,207.0,TEF
2023-02-27 13:42:00,4.14,4.14,4.135,4.135,614.0,TEF
2023-02-27 13:41:00,4.135,4.135,4.135,4.135,301.0,TEF
2023-02-27 13:40:00,4.135,4.14,4.135,4.135,600.0,TEF
2023-02-27 13:39:00,4.135,4.135,4.135,4.135,365.0,TEF
2023-02-27 13:38:00,4.135,4.135,4.13,4.1331,2390.0,TEF
2023-02-27 13:37:00,4.135,4.135,4.135,4.135,100.0,TEF
2023-02-27 13:36:00,4.135,4.14,4.135,4.14,412.0,TEF
2023-02-27 13:35:00,4.135,4.135,4.135,4.135,242.0,TEF
2023-02-27 13:34:00,4.1384,4.1384,4.135,4.135,1208.0,TEF
2023-02-27 13:33:00,4.135,4.135,4.135,4.135,400.0,TEF
2023-02-27 13:32:00,4.135,4.135,4.13,4.13,900.0,TEF
2023-02-27 13:31:00,4.135,4.135,4.135,4.135,600.0,TEF
2023-02-27 13:30:00,4.135,4.14,4.135,4.14,2617.0,TEF
2023-02-27 13:29:00,4.135,4.135,4.135,4.135,369.0,TEF
2023-02-27 13:28:00,4.135,4.135,4.135,4.135,367.0,TEF
2023-02-27 13:27:00,4.135,4.14,4.135,4.135,500.0,TEF
2023-02-27 13:26:00,4.135,4.135,4.135,4.135,500.0,TEF
2023-02-27 13:25:00,4.135,4.139,4.13,4.13,3960.0,TEF
2023-02-27 13:24:00,4.135,4.14,4.135,4.135,701.0,TEF
2023-02-27 13:23:00,4.135,4.135,4.135,4.135,200.0,TEF
2023-02-27 13:22:00,4.135,4.1351,4.135,4.1351,681.0,TEF
2023-02-27 13:21:00,4.135,4.14,4.135,4.135,502.0,TEF
2023-02-27 13:20:00,4.135,4.1399,4.135,4.135,467.0,TEF
2023-02-27 13:19:00,4.13,4.1359,4.13,4.1359,385.0,TEF
2023-02-27 13:18:00,4.14,4.14,4.135,4.135,401.0,TEF
2023-02-27 13:17:00,4.135,4.135,4.135,4.135,200.0,TEF
2023-02-27 13:16:00,4.135,4.135,4.135,4.135,400.0,TEF
2023-02-27 13:15:00,4.135,4.135,4.135,4.135,503.0,TEF
2023-02-27 13:14:00,4.135,4.14,4.13,4.135,4704.0,TEF
2023-02-27 13:13:00,4.1347,4.135,4.1347,4.135,1080.0,TEF
2023-02-27 13:12:00,4.135,4.135,4.135,4.135,605.0,TEF
2023-02-27 13:11:00,4.1321,4.135,4.1321,4.135,2239.0,TEF
2023-02-27 13:10:00,4.135,4.135,4.135,4.135,300.0,TEF
2023-02-27 13:09:00,4.135,4.135,4.135,4.135,267.0,TEF
2023-02-27 13:08:00,4.135,4.135,4.135,4.135,105.0,TEF
2023-02-27 13:07:00,4.135,4.135,4.135,4.135,200.0,TEF
2023-02-27 13:06:00,4.135,4.135,4.135,4.135,100.0,TEF
2023-02-27 13:05:00,4.135,4.1399,4.135,4.135,1103.0,TEF
2023-02-27 13:04:00,4.13,4.135,4.13,4.13,1557.0,TEF
2023-02-27 13:03:00,4.1293,4.1293,4.1293,4.1293,400.0,TEF
2023-02-27 13:02:00,4.1295,4.13,4.1295,4.13,4502.0,TEF
2023-02-27 13:01:00,4.13,4.13,4.13,4.13,785.0,TEF
2023-02-27 12:56:00,4.13,4.13,4.13,4.13,1500.0,TEF
2023-02-27 12:55:00,4.13,4.13,4.13,4.13,100.0,TEF
2023-02-27 12:54:00,4.13,4.13,4.13,4.13,357.0,TEF
2023-02-27 12:53:00,4.125,4.125,4.125,4.125,267.0,TEF
2023-02-27 12:51:00,4.13,4.13,4.1215,4.1215,210.0,TEF
2023-02-27 12:50:00,4.13,4.13,4.125,4.125,599.0,TEF
2023-02-27 12:47:00,4.13,4.13,4.125,4.125,445.0,TEF
2023-02-27 12:46:00,4.13,4.13,4.125,4.13,3279.0,TEF
2023-02-27 12:45:00,4.125,4.125,4.125,4.125,100.0,TEF
2023-02-27 12:44:00,4.125,4.125,4.125,4.125,100.0,TEF
2023-02-27 12:43:00,4.13,4.13,4.125,4.125,300.0,TEF
2023-02-27 12:42:00,4.13,4.13,4.125,4.125,5125.0,TEF
2023-02-27 12:41:00,4.13,4.13,4.13,4.13,341.0,TEF
2023-02-27 12:38:00,4.13,4.13,4.13,4.13,200.0,TEF
2023-02-27 12:37:00,4.13,4.13,4.13,4.13,106.0,TEF
2023-02-27 12:36:00,4.1285,4.1285,4.125,4.125,206.0,TEF
2023-02-27 12:35:00,4.13,4.13,4.13,4.13,140.0,TEF
2023-02-27 12:34:00,4.125,4.125,4.125,4.125,311.0,TEF
2023-02-27 12:33:00,4.1292,4.1292,4.1292,4.1292,1809.0,TEF
2023-02-27 12:32:00,4.13,4.13,4.1299,4.1299,3502.0,TEF
2023-02-27 12:31:00,4.125,4.13,4.125,4.125,4178.0,TEF
2023-02-27 12:30:00,4.125,4.13,4.125,4.125,2681.0,TEF
2023-02-27 12:29:00,4.125,4.13,4.125,4.13,200.0,TEF
2023-02-27 12:27:00,4.125,4.125,4.125,4.125,202.0,TEF
2023-02-27 12:26:00,4.125,4.13,4.125,4.13,1602.0,TEF
2023-02-27 12:24:00,4.12,4.125,4.12,4.125,1044.0,TEF
2023-02-27 12:23:00,4.12,4.1201,4.12,4.1201,350.0,TEF
2023-02-27 12:19:00,4.125,4.1284,4.125,4.125,441.0,TEF
2023-02-27 12:18:00,4.1251,4.1251,4.1251,4.1251,741.0,TEF
2023-02-27 12:17:00,4.12,4.12,4.12,4.12,120.0,TEF
2023-02-27 12:16:00,4.12,4.12,4.12,4.12,2627.0,TEF
2023-02-27 12:13:00,4.125,4.125,4.125,4.125,100.0,TEF
2023-02-27 12:11:00,4.125,4.125,4.12,4.12,570.0,TEF
2023-02-27 12:10:00,4.1257,4.1257,4.1257,4.1257,251.0,TEF
2023-02-27 12:07:00,4.13,4.13,4.13,4.13,240.0,TEF
2023-02-27 12:03:00,4.125,4.125,4.12,4.12,366.0,TEF
2023-02-27 12:02:00,4.125,4.125,4.125,4.125,1200.0,TEF
2023-02-27 12:01:00,4.125,4.125,4.125,4.125,2411.0,TEF
2023-02-27 11:59:00,4.125,4.125,4.1241,4.125,1408.0,TEF
2023-02-27 11:58:00,4.12,4.13,4.12,4.125,15113.0,TEF
2023-02-27 11:55:00,4.115,4.115,4.115,4.115,340.0,TEF
2023-02-27 11:54:00,4.1179,4.1179,4.1179,4.1179,740.0,TEF
2023-02-27 11:52:00,4.115,4.115,4.115,4.115,192.0,TEF
2023-02-27 11:49:00,4.115,4.115,4.115,4.115,225.0,TEF
2023-02-27 11:48:00,4.11,4.11,4.11,4.11,100.0,TEF
2023-02-27 11:45:00,4.11,4.11,4.11,4.11,126.0,TEF
2023-02-27 11:44:00,4.12,4.12,4.11,4.11,605.0,TEF
2023-02-27 11:43:00,4.11,4.11,4.11,4.11,101.0,TEF
2023-02-27 11:42:00,4.1185,4.1185,4.1185,4.1185,340.0,TEF
2023-02-27 11:41:00,4.115,4.115,4.115,4.115,115.0,TEF
2023-02-27 11:40:00,4.115,4.115,4.115,4.115,2770.0,TEF
2023-02-27 11:39:00,4.115,4.115,4.115,4.115,241.0,TEF
2023-02-27 11:34:00,4.115,4.115,4.115,4.115,774.0,TEF
2023-02-27 11:32:00,4.12,4.12,4.12,4.12,1541.0,TEF
2023-02-27 11:31:00,4.12,4.12,4.12,4.12,107.0,TEF
2023-02-27 11:30:00,4.125,4.125,4.12,4.12,469.0,TEF
2023-02-27 11:29:00,4.1201,4.1212,4.12,4.12,3012.0,TEF
2023-02-27 11:27:00,4.12,4.12,4.12,4.12,200.0,TEF
2023-02-27 11:26:00,4.11,4.12,4.11,4.12,5187.0,TEF
2023-02-27 11:22:00,4.1177,4.12,4.115,4.115,4052.0,TEF
2023-02-27 11:21:00,4.115,4.12,4.115,4.12,2702.0,TEF
2023-02-27 11:20:00,4.115,4.115,4.115,4.115,500.0,TEF
2023-02-27 11:19:00,4.115,4.115,4.115,4.115,542.0,TEF
2023-02-27 11:18:00,4.115,4.115,4.1122,4.115,916.0,TEF
2023-02-27 11:17:00,4.115,4.115,4.11,4.11,422.0,TEF
2023-02-27 11:16:00,4.12,4.12,4.1129,4.115,17314.0,TEF
2023-02-27 11:12:00,4.125,4.125,4.12,4.12,300.0,TEF
2023-02-27 11:11:00,4.125,4.125,4.125,4.125,538.0,TEF
2023-02-27 11:10:00,4.12,4.12,4.12,4.12,125.0,TEF
2023-02-27 11:09:00,4.13,4.13,4.13,4.13,4819.0,TEF
2023-02-27 11:07:00,4.125,4.125,4.12,4.12,265.0,TEF
2023-02-27 11:04:00,4.125,4.1268,4.12,4.1268,2101.0,TEF
2023-02-27 11:03:00,4.125,4.13,4.125,4.125,590.0,TEF
2023-02-27 11:00:00,4.125,4.125,4.125,4.125,351.0,TEF
2023-02-27 10:59:00,4.125,4.125,4.1201,4.125,3200.0,TEF
2023-02-27 10:58:00,4.125,4.125,4.12,4.125,722.0,TEF
2023-02-27 10:57:00,4.125,4.125,4.1236,4.125,2172.0,TEF
2023-02-27 10:56:00,4.125,4.125,4.12,4.125,1440.0,TEF
2023-02-27 10:55:00,4.12,4.12,4.12,4.12,104.0,TEF
2023-02-27 10:54:00,4.125,4.125,4.125,4.125,113.0,TEF
2023-02-27 10:53:00,4.125,4.125,4.125,4.125,421.0,TEF
2023-02-27 10:52:00,4.12,4.12,4.12,4.12,103.0,TEF
2023-02-27 10:51:00,4.125,4.13,4.125,4.13,279.0,TEF
2023-02-27 10:50:00,4.1225,4.1225,4.1225,4.1225,4055.0,TEF
2023-02-27 10:49:00,4.12,4.12,4.12,4.12,103.0,TEF
2023-02-27 10:48:00,4.13,4.13,4.13,4.13,3003.0,TEF
2023-02-27 10:46:00,4.1299,4.1299,4.1299,4.1299,4853.0,TEF
2023-02-27 10:45:00,4.12,4.13,4.12,4.129,898.0,TEF
2023-02-27 10:44:00,4.1257,4.1257,4.1201,4.125,944.0,TEF
2023-02-27 10:43:00,4.125,4.125,4.125,4.125,3645.0,TEF
2023-02-27 10:42:00,4.125,4.125,4.12,4.12,316.0,TEF
2023-02-27 10:41:00,4.125,4.125,4.125,4.125,316.0,TEF
2023-02-27 10:40:00,4.125,4.125,4.125,4.125,950.0,TEF
2023-02-27 10:39:00,4.125,4.13,4.125,4.125,912.0,TEF
2023-02-27 10:38:00,4.125,4.125,4.125,4.125,416.0,TEF
2023-02-27 10:37:00,4.13,4.13,4.129,4.129,2763.0,TEF
2023-02-27 10:36:00,4.135,4.135,4.13,4.135,3893.0,TEF
2023-02-27 10:35:00,4.135,4.135,4.1332,4.1332,1222.0,TEF
2023-02-27 10:34:00,4.135,4.135,4.135,4.135,135.0,TEF
2023-02-27 10:33:00,4.135,4.14,4.135,4.14,316.0,TEF
2023-02-27 10:32:00,4.135,4.135,4.135,4.135,318.0,TEF
2023-02-27 10:30:00,4.14,4.14,4.14,4.14,638.0,TEF
2023-02-27 10:29:00,4.14,4.14,4.14,4.14,104.0,TEF
2023-02-27 10:28:00,4.135,4.14,4.135,4.14,310.0,TEF
2023-02-27 10:26:00,4.135,4.135,4.135,4.135,624.0,TEF
2023-02-27 10:25:00,4.135,4.135,4.135,4.135,101.0,TEF
2023-02-27 10:24:00,4.135,4.135,4.135,4.135,706.0,TEF
2023-02-27 10:23:00,4.135,4.135,4.135,4.135,156.0,TEF
2023-02-27 10:22:00,4.1299,4.13,4.1299,4.13,1966.0,TEF
2023-02-27 10:20:00,4.13,4.13,4.13,4.13,7795.0,TEF
2023-02-27 10:19:00,4.13,4.13,4.12,4.12,449.0,TEF
2023-02-27 10:17:00,4.125,4.125,4.125,4.125,640.0,TEF
2023-02-27 10:16:00,4.1201,4.1201,4.1201,4.1201,339.0,TEF
2023-02-27 10:14:00,4.125,4.125,4.125,4.125,1100.0,TEF
2023-02-27 10:13:00,4.125,4.1284,4.125,4.1284,2897.0,TEF
2023-02-27 10:11:00,4.13,4.13,4.1246,4.125,2733.0,TEF
2023-02-27 10:10:00,4.1265,4.1265,4.1265,4.1265,449.0,TEF
2023-02-27 10:09:00,4.125,4.125,4.125,4.125,445.0,TEF
2023-02-27 10:08:00,4.125,4.125,4.125,4.125,210.0,TEF
2023-02-27 10:07:00,4.125,4.125,4.125,4.125,180.0,TEF
2023-02-27 10:06:00,4.125,4.125,4.125,4.125,1901.0,TEF
2023-02-27 10:05:00,4.125,4.125,4.1249,4.125,1186.0,TEF
2023-02-27 10:04:00,4.125,4.1299,4.125,4.1299,1500.0,TEF
2023-02-27 10:03:00,4.125,4.128,4.125,4.125,2950.0,TEF
2023-02-27 10:02:00,4.125,4.13,4.125,4.125,457.0,TEF
2023-02-27 10:01:00,4.125,4.13,4.125,4.125,1000.0,TEF
2023-02-27 10:00:00,4.125,4.125,4.125,4.125,200.0,TEF
2023-02-27 09:59:00,4.12,4.13,4.12,4.13,42088.0,TEF
2023-02-27 09:58:00,4.12,4.12,4.115,4.12,2030.0,TEF
2023-02-27 09:57:00,4.1163,4.1163,4.1163,4.1163,195.0,TEF
2023-02-27 09:55:00,4.115,4.12,4.115,4.12,1645.0,TEF
2023-02-27 09:53:00,4.115,4.12,4.115,4.12,470.0,TEF
2023-02-27 09:52:00,4.115,4.115,4.115,4.115,1663.0,TEF
2023-02-27 09:51:00,4.115,4.115,4.115,4.115,303.0,TEF
2023-02-27 09:50:00,4.115,4.115,4.115,4.115,2516.0,TEF
2023-02-27 09:49:00,4.115,4.115,4.115,4.115,203.0,TEF
2023-02-27 09:48:00,4.115,4.115,4.1101,4.115,2358.0,TEF
2023-02-27 09:47:00,4.115,4.115,4.115,4.115,200.0,TEF
2023-02-27 09:46:00,4.1179,4.1179,4.11,4.115,1976.0,TEF
2023-02-27 09:45:00,4.12,4.12,4.112,4.112,682.0,TEF
2023-02-27 09:40:00,4.1175,4.1175,4.1175,4.1175,867.0,TEF
2023-02-27 09:39:00,4.11,4.12,4.11,4.115,1014.0,TEF
2023-02-27 09:38:00,4.11,4.11,4.105,4.105,711.0,TEF
2023-02-27 09:34:00,4.11,4.11,4.11,4.11,365.0,TEF
2023-02-27 09:32:00,4.105,4.105,4.105,4.105,267.0,TEF
2023-02-27 09:31:00,4.12,4.12,4.12,4.12,8157.0,TEF
2023-02-27 08:01:00,4.1,4.1,4.1,4.1,231.0,TEF
2023-02-27 07:42:00,4.1,4.1,4.1,4.1,100.0,TEF
2023-02-27 05:27:00,4.09,4.09,4.09,4.09,1000.0,TEF
2023-02-27 04:01:00,4.11,4.11,4.11,4.11,104.0,TEF
2023-02-24 16:00:00,4.12,4.12,4.115,4.12,11356.0,TEF
2023-02-24 15:59:00,4.12,4.12,4.115,4.12,3293.0,TEF
2023-02-24 15:58:00,4.12,4.12,4.115,4.12,7826.0,TEF
2023-02-24 15:57:00,4.12,4.12,4.1118,4.12,5715.0,TEF
2023-02-24 15:56:00,4.12,4.12,4.115,4.12,2894.0,TEF
2023-02-24 15:55:00,4.12,4.12,4.12,4.12,1900.0,TEF
2023-02-24 15:54:00,4.12,4.12,4.115,4.115,2626.0,TEF
2023-02-24 15:53:00,4.115,4.12,4.115,4.12,4852.0,TEF
2023-02-24 15:52:00,4.12,4.12,4.11,4.12,7200.0,TEF
2023-02-24 15:51:00,4.12,4.12,4.12,4.12,1320.0,TEF
2023-02-24 15:50:00,4.12,4.12,4.115,4.115,1684.0,TEF
2023-02-24 15:49:00,4.1101,4.12,4.1101,4.12,1599.0,TEF
2023-02-24 15:48:00,4.1183,4.12,4.1183,4.12,1200.0,TEF
2023-02-24 15:47:00,4.12,4.12,4.12,4.12,440.0,TEF
2023-02-24 15:46:00,4.115,4.12,4.115,4.12,4555.0,TEF
2023-02-24 15:45:00,4.12,4.12,4.12,4.12,740.0,TEF
2023-02-24 15:44:00,4.12,4.12,4.12,4.12,1416.0,TEF
2023-02-24 15:43:00,4.1147,4.12,4.1147,4.12,904.0,TEF
2023-02-24 15:42:00,4.12,4.12,4.1148,4.12,460.0,TEF
2023-02-24 15:41:00,4.12,4.12,4.115,4.12,553.0,TEF
2023-02-24 15:40:00,4.115,4.12,4.11,4.12,1957.0,TEF
2023-02-24 15:39:00,4.115,4.12,4.115,4.12,347.0,TEF
2023-02-24 15:38:00,4.12,4.12,4.115,4.12,638.0,TEF
2023-02-24 15:37:00,4.115,4.12,4.115,4.115,1415.0,TEF
2023-02-24 15:36:00,4.12,4.12,4.115,4.115,201.0,TEF
2023-02-24 15:35:00,4.115,4.12,4.115,4.115,342.0,TEF
2023-02-24 15:34:00,4.12,4.12,4.115,4.12,422.0,TEF
2023-02-24 15:33:00,4.12,4.12,4.115,4.115,454.0,TEF
2023-02-24 15:32:00,4.115,4.12,4.115,4.115,500.0,TEF
2023-02-24 15:31:00,4.12,4.12,4.115,4.115,1141.0,TEF
2023-02-24 15:30:00,4.12,4.12,4.12,4.12,200.0,TEF
2023-02-24 15:29:00,4.12,4.12,4.12,4.12,241.0,TEF
2023-02-24 15:28:00,4.12,4.12,4.12,4.12,300.0,TEF
2023-02-24 15:27:00,4.12,4.12,4.12,4.12,220.0,TEF
2023-02-24 15:26:00,4.12,4.12,4.115,4.12,963.0,TEF
2023-02-24 15:25:00,4.115,4.12,4.115,4.12,543.0,TEF
2023-02-24 15:24:00,4.12,4.12,4.115,4.12,400.0,TEF
2023-02-24 15:23:00,4.12,4.12,4.12,4.12,276.0,TEF
2023-02-24 15:22:00,4.12,4.12,4.11,4.11,1353.0,TEF
2023-02-24 15:21:00,4.12,4.12,4.12,4.12,141.0,TEF
2023-02-24 15:20:00,4.12,4.12,4.12,4.12,200.0,TEF
2023-02-24 15:19:00,4.12,4.12,4.12,4.12,139.0,TEF
2023-02-24 15:18:00,4.12,4.12,4.12,4.12,100.0,TEF
2023-02-24 15:17:00,4.12,4.12,4.115,4.12,352.0,TEF
2023-02-24 15:16:00,4.12,4.12,4.12,4.12,147.0,TEF
2023-02-24 15:15:00,4.12,4.12,4.12,4.12,341.0,TEF
2023-02-24 15:14:00,4.115,4.12,4.115,4.12,800.0,TEF
2023-02-24 15:13:00,4.115,4.115,4.115,4.115,2502.0,TEF
2023-02-24 15:12:00,4.12,4.12,4.12,4.12,692.0,TEF
2023-02-24 15:11:00,4.12,4.12,4.115,4.1199,556.0,TEF
2023-02-24 15:10:00,4.12,4.12,4.12,4.12,826.0,TEF
2023-02-24 15:09:00,4.12,4.12,4.12,4.12,800.0,TEF
2023-02-24 15:08:00,4.12,4.12,4.115,4.115,2667.0,TEF
2023-02-24 15:07:00,4.12,4.12,4.12,4.12,700.0,TEF
2023-02-24 15:06:00,4.12,4.12,4.1185,4.1185,784.0,TEF
2023-02-24 15:05:00,4.12,4.12,4.115,4.115,859.0,TEF
2023-02-24 15:04:00,4.12,4.12,4.12,4.12,315.0,TEF
2023-02-24 15:03:00,4.12,4.12,4.115,4.12,3955.0,TEF
2023-02-24 15:02:00,4.12,4.12,4.12,4.12,953.0,TEF
2023-02-24 15:01:00,4.12,4.12,4.115,4.115,2988.0,TEF
2023-02-24 15:00:00,4.115,4.12,4.115,4.115,540.0,TEF
2023-02-24 14:59:00,4.115,4.12,4.115,4.12,2040.0,TEF
2023-02-24 14:58:00,4.12,4.12,4.12,4.12,115.0,TEF
2023-02-24 14:57:00,4.1169,4.12,4.1169,4.12,364.0,TEF
2023-02-24 14:56:00,4.115,4.1165,4.115,4.1165,3541.0,TEF
2023-02-24 14:55:00,4.12,4.12,4.12,4.12,120.0,TEF
2023-02-24 14:54:00,4.115,4.12,4.11,4.12,3011.0,TEF
2023-02-24 14:51:00,4.115,4.115,4.115,4.115,400.0,TEF
2023-02-24 14:50:00,4.115,4.115,4.115,4.115,2402.0,TEF
2023-02-24 14:49:00,4.115,4.115,4.115,4.115,1314.0,TEF
2023-02-24 14:48:00,4.115,4.115,4.115,4.115,200.0,TEF
2023-02-24 14:47:00,4.115,4.115,4.115,4.115,1115.0,TEF
2023-02-24 14:46:00,4.115,4.115,4.115,4.115,1400.0,TEF
2023-02-24 14:45:00,4.115,4.115,4.115,4.115,700.0,TEF
2023-02-24 14:44:00,4.115,4.115,4.11,4.11,1634.0,TEF
2023-02-24 14:43:00,4.11,4.115,4.11,4.115,2000.0,TEF
2023-02-24 14:42:00,4.12,4.12,4.115,4.115,1467.0,TEF
2023-02-24 14:41:00,4.115,4.115,4.1119,4.1119,885.0,TEF
2023-02-24 14:40:00,4.11,4.115,4.105,4.115,12521.0,TEF
2023-02-24 14:39:00,4.11,4.11,4.105,4.105,500.0,TEF
2023-02-24 14:38:00,4.105,4.11,4.105,4.11,200.0,TEF
2023-02-24 14:37:00,4.11,4.11,4.105,4.105,250.0,TEF
2023-02-24 14:36:00,4.1089,4.11,4.1089,4.11,766.0,TEF
2023-02-24 14:34:00,4.11,4.11,4.11,4.11,500.0,TEF
2023-02-24 14:33:00,4.11,4.11,4.11,4.11,208.0,TEF
2023-02-24 14:32:00,4.1095,4.11,4.1095,4.11,10550.0,TEF
2023-02-24 14:31:00,4.1099,4.11,4.105,4.11,6300.0,TEF
2023-02-24 14:30:00,4.1,4.1,4.1,4.1,245.0,TEF
2023-02-24 14:29:00,4.105,4.105,4.105,4.105,700.0,TEF
2023-02-24 14:28:00,4.105,4.11,4.105,4.11,420.0,TEF
2023-02-24 14:27:00,4.105,4.11,4.105,4.11,3289.0,TEF
2023-02-24 14:26:00,4.11,4.11,4.11,4.11,371.0,TEF
2023-02-24 14:25:00,4.11,4.11,4.11,4.11,200.0,TEF
2023-02-24 14:24:00,4.105,4.1099,4.1016,4.1099,2022.0,TEF
2023-02-24 14:23:00,4.11,4.11,4.11,4.11,357.0,TEF
2023-02-24 14:22:00,4.1084,4.11,4.105,4.11,839.0,TEF
2023-02-24 14:21:00,4.105,4.105,4.105,4.105,192.0,TEF
2023-02-24 14:20:00,4.11,4.11,4.11,4.11,698.0,TEF
2023-02-24 14:19:00,4.11,4.11,4.11,4.11,240.0,TEF
2023-02-24 14:18:00,4.11,4.11,4.11,4.11,125.0,TEF
2023-02-24 14:15:00,4.11,4.11,4.11,4.11,750.0,TEF
2023-02-24 14:14:00,4.1082,4.1082,4.1082,4.1082,1839.0,TEF
2023-02-24 14:13:00,4.105,4.11,4.1033,4.11,2508.0,TEF
2023-02-24 14:12:00,4.11,4.11,4.11,4.11,401.0,TEF
2023-02-24 14:11:00,4.105,4.1083,4.105,4.1083,1636.0,TEF
2023-02-24 14:10:00,4.11,4.11,4.11,4.11,983.0,TEF
2023-02-24 14:09:00,4.11,4.11,4.108,4.11,738.0,TEF
2023-02-24 14:08:00,4.11,4.11,4.105,4.105,2092.0,TEF
2023-02-24 14:06:00,4.11,4.11,4.11,4.11,201.0,TEF
2023-02-24 14:05:00,4.11,4.11,4.11,4.11,100.0,TEF
2023-02-24 14:04:00,4.1072,4.11,4.1072,4.11,1685.0,TEF
2023-02-24 14:03:00,4.11,4.11,4.105,4.105,640.0,TEF
2023-02-24 14:02:00,4.11,4.11,4.11,4.11,324.0,TEF
2023-02-24 14:00:00,4.11,4.11,4.11,4.11,144.0,TEF
2023-02-24 13:57:00,4.11,4.11,4.105,4.105,250.0,TEF
2023-02-24 13:56:00,4.11,4.11,4.11,4.11,568.0,TEF
2023-02-24 13:55:00,4.11,4.11,4.11,4.11,130.0,TEF
2023-02-24 13:52:00,4.1068,4.11,4.1068,4.11,1268.0,TEF
2023-02-24 13:51:00,4.1099,4.1099,4.1099,4.1099,160.0,TEF
2023-02-24 13:50:00,4.105,4.11,4.105,4.11,4165.0,TEF
2023-02-24 13:49:00,4.105,4.11,4.105,4.11,1656.0,TEF
2023-02-24 13:45:00,4.105,4.105,4.105,4.105,1180.0,TEF
2023-02-24 13:39:00,4.11,4.11,4.105,4.105,1395.0,TEF
2023-02-24 13:38:00,4.11,4.11,4.11,4.11,401.0,TEF
2023-02-24 13:37:00,4.11,4.11,4.11,4.11,139.0,TEF
2023-02-24 13:35:00,4.11,4.11,4.11,4.11,200.0,TEF
2023-02-24 13:34:00,4.1075,4.1075,4.1075,4.1075,554.0,TEF
2023-02-24 13:33:00,4.11,4.11,4.11,4.11,800.0,TEF
2023-02-24 13:32:00,4.11,4.11,4.1087,4.1087,439.0,TEF
2023-02-24 13:31:00,4.11,4.11,4.11,4.11,102.0,TEF
2023-02-24 13:30:00,4.1032,4.11,4.1032,4.11,605.0,TEF
2023-02-24 13:29:00,4.1089,4.1089,4.1089,4.1089,518.0,TEF
2023-02-24 13:26:00,4.11,4.11,4.107,4.11,678.0,TEF
2023-02-24 13:25:00,4.11,4.11,4.11,4.11,100.0,TEF
2023-02-24 13:24:00,4.11,4.11,4.11,4.11,501.0,TEF
2023-02-24 13:23:00,4.11,4.11,4.11,4.11,3395.0,TEF
2023-02-24 13:22:00,4.11,4.11,4.1066,4.11,604.0,TEF
2023-02-24 13:21:00,4.11,4.11,4.11,4.11,201.0,TEF
2023-02-24 13:20:00,4.11,4.11,4.11,4.11,123.0,TEF
2023-02-24 13:19:00,4.11,4.11,4.11,4.11,139.0,TEF
2023-02-24 13:18:00,4.105,4.105,4.105,4.105,500.0,TEF
2023-02-24 13:17:00,4.11,4.11,4.11,4.11,441.0,TEF
2023-02-24 13:16:00,4.105,4.11,4.105,4.105,344.0,TEF
2023-02-24 13:15:00,4.1,4.11,4.1,4.1064,391.0,TEF
2023-02-24 13:14:00,4.105,4.11,4.105,4.105,800.0,TEF
2023-02-24 13:13:00,4.105,4.11,4.105,4.11,200.0,TEF
2023-02-24 13:12:00,4.11,4.11,4.11,4.11,382.0,TEF
2023-02-24 13:11:00,4.105,4.11,4.105,4.11,318.0,TEF
2023-02-24 13:10:00,4.105,4.11,4.105,4.11,300.0,TEF
2023-02-24 13:09:00,4.11,4.11,4.11,4.11,200.0,TEF
2023-02-24 13:08:00,4.11,4.11,4.11,4.11,200.0,TEF
2023-02-24 13:07:00,4.105,4.11,4.105,4.11,500.0,TEF
2023-02-24 13:06:00,4.11,4.11,4.105,4.105,501.0,TEF
2023-02-24 13:04:00,4.105,4.11,4.1,4.11,8285.0,TEF
2023-02-24 13:03:00,4.105,4.105,4.105,4.105,2100.0,TEF
2023-02-24 13:02:00,4.11,4.11,4.1,4.1,939.0,TEF
2023-02-24 13:00:00,4.11,4.11,4.105,4.105,800.0,TEF
2023-02-24 12:59:00,4.11,4.11,4.11,4.11,100.0,TEF
2023-02-24 12:58:00,4.105,4.11,4.105,4.11,600.0,TEF
2023-02-24 12:57:00,4.105,4.105,4.105,4.105,1000.0,TEF
2023-02-24 12:56:00,4.105,4.105,4.1,4.105,7092.0,TEF
2023-02-24 12:55:00,4.11,4.11,4.105,4.105,32629.0,TEF
2023-02-24 12:54:00,4.1,4.105,4.1,4.105,10500.0,TEF
2023-02-24 12:53:00,4.105,4.105,4.1,4.1,3800.0,TEF
2023-02-24 12:48:00,4.105,4.105,4.1,4.105,5800.0,TEF
2023-02-24 12:47:00,4.105,4.105,4.105,4.105,1072.0,TEF
2023-02-24 12:46:00,4.105,4.105,4.105,4.105,914.0,TEF
2023-02-24 12:45:00,4.105,4.105,4.105,4.105,3718.0,TEF
2023-02-24 12:44:00,4.105,4.105,4.105,4.105,1700.0,TEF
2023-02-24 12:43:00,4.1,4.11,4.1,4.105,14731.0,TEF
2023-02-24 12:42:00,4.1,4.1,4.1,4.1,1132.0,TEF
2023-02-24 12:41:00,4.1,4.1,4.1,4.1,402.0,TEF
2023-02-24 12:40:00,4.1,4.1,4.1,4.1,400.0,TEF
2023-02-24 12:39:00,4.1,4.1,4.1,4.1,1300.0,TEF
2023-02-24 12:38:00,4.1,4.1,4.1,4.1,200.0,TEF
2023-02-24 12:37:00,4.1,4.1,4.1,4.1,1682.0,TEF
2023-02-24 12:34:00,4.1,4.1,4.1,4.1,562.0,TEF
2023-02-24 12:33:00,4.1,4.1,4.1,4.1,1305.0,TEF
2023-02-24 12:32:00,4.1,4.1,4.1,4.1,2230.0,TEF
2023-02-24 12:31:00,4.1,4.1,4.0981,4.1,37321.0,TEF
2023-02-24 12:30:00,4.1,4.1,4.095,4.1,800.0,TEF
2023-02-24 12:28:00,4.1,4.1,4.1,4.1,300.0,TEF
2023-02-24 12:27:00,4.095,4.095,4.095,4.095,769.0,TEF
2023-02-24 12:25:00,4.095,4.0986,4.095,4.0986,225.0,TEF
2023-02-24 12:24:00,4.095,4.095,4.095,4.095,235.0,TEF
2023-02-24 12:23:00,4.095,4.095,4.095,4.095,264.0,TEF
2023-02-24 12:22:00,4.095,4.095,4.095,4.095,744.0,TEF
2023-02-24 12:21:00,4.095,4.1,4.095,4.095,1667.0,TEF
2023-02-24 12:20:00,4.1,4.1,4.1,4.1,217.0,TEF
2023-02-24 12:19:00,4.095,4.1,4.095,4.1,1276.0,TEF
2023-02-24 12:18:00,4.095,4.0985,4.095,4.095,3633.0,TEF
2023-02-24 12:17:00,4.095,4.095,4.095,4.095,440.0,TEF
2023-02-24 12:15:00,4.095,4.095,4.095,4.095,164.0,TEF
2023-02-24 12:14:00,4.095,4.095,4.095,4.095,225.0,TEF
2023-02-24 12:10:00,4.095,4.095,4.095,4.095,140.0,TEF
2023-02-24 12:08:00,4.0986,4.1,4.0986,4.1,956.0,TEF
2023-02-24 12:05:00,4.095,4.095,4.095,4.095,800.0,TEF
2023-02-24 12:03:00,4.1,4.1,4.095,4.095,664.0,TEF
2023-02-24 11:59:00,4.1,4.1,4.1,4.1,244.0,TEF
2023-02-24 11:57:00,4.1,4.1,4.1,4.1,206.0,TEF
2023-02-24 11:56:00,4.0901,4.0901,4.0901,4.0901,270.0,TEF
2023-02-24 11:55:00,4.0987,4.0987,4.0987,4.0987,283.0,TEF
2023-02-24 11:54:00,4.0981,4.0981,4.0981,4.0981,740.0,TEF
2023-02-24 11:53:00,4.1,4.1,4.1,4.1,205.0,TEF
2023-02-24 11:51:00,4.095,4.1,4.095,4.1,615.0,TEF
2023-02-24 11:50:00,4.095,4.095,4.09,4.09,1076.0,TEF
2023-02-24 11:48:00,4.09,4.095,4.09,4.095,303.0,TEF
2023-02-24 11:47:00,4.0951,4.0951,4.0951,4.0951,1114.0,TEF
2023-02-24 11:46:00,4.09,4.09,4.09,4.09,1469.0,TEF
2023-02-24 11:45:00,4.09,4.09,4.09,4.09,200.0,TEF
2023-02-24 11:43:00,4.095,4.095,4.095,4.095,1007.0,TEF
2023-02-24 11:41:00,4.095,4.095,4.095,4.095,1002.0,TEF
2023-02-24 11:40:00,4.0901,4.095,4.0901,4.095,919.0,TEF
2023-02-24 11:39:00,4.09,4.095,4.085,4.095,22581.0,TEF
2023-02-24 11:38:00,4.09,4.09,4.09,4.09,104.0,TEF
2023-02-24 11:36:00,4.095,4.095,4.09,4.09,405.0,TEF
2023-02-24 11:35:00,4.095,4.095,4.09,4.09,1744.0,TEF
2023-02-24 11:34:00,4.095,4.095,4.0901,4.095,2730.0,TEF
2023-02-24 11:33:00,4.095,4.1,4.095,4.095,1109.0,TEF
2023-02-24 11:32:00,4.095,4.095,4.095,4.095,183.0,TEF
2023-02-24 11:30:00,4.095,4.095,4.09,4.095,469.0,TEF
2023-02-24 11:29:00,4.09,4.09,4.09,4.09,273.0,TEF
2023-02-24 11:28:00,4.095,4.1,4.095,4.1,603.0,TEF
2023-02-24 11:27:00,4.1,4.1,4.0986,4.0986,564.0,TEF
2023-02-24 11:25:00,4.095,4.1,4.09,4.1,514.0,TEF
2023-02-24 11:23:00,4.095,4.1,4.095,4.095,440.0,TEF
2023-02-24 11:22:00,4.095,4.095,4.095,4.095,3576.0,TEF
2023-02-24 11:19:00,4.09,4.095,4.09,4.095,203.0,TEF
2023-02-24 11:17:00,4.1,4.1,4.095,4.1,5203.0,TEF
2023-02-24 11:16:00,4.1,4.1,4.1,4.1,133.0,TEF
2023-02-24 11:15:00,4.0999,4.0999,4.0999,4.0999,100.0,TEF
2023-02-24 11:14:00,4.095,4.095,4.095,4.095,146.0,TEF
2023-02-24 11:12:00,4.1,4.1,4.1,4.1,180.0,TEF
2023-02-24 11:11:00,4.095,4.1,4.095,4.1,203.0,TEF
2023-02-24 11:09:00,4.1,4.1,4.1,4.1,203.0,TEF
2023-02-24 11:07:00,4.0964,4.0964,4.0964,4.0964,348.0,TEF
2023-02-24 11:05:00,4.1,4.1,4.095,4.0999,1041.0,TEF
2023-02-24 11:03:00,4.1,4.1,4.1,4.1,203.0,TEF
2023-02-24 11:02:00,4.095,4.1,4.095,4.1,1103.0,TEF
2023-02-24 11:01:00,4.09,4.09,4.09,4.09,341.0,TEF
2023-02-24 11:00:00,4.1,4.1,4.1,4.1,300.0,TEF
2023-02-24 10:59:00,4.1,4.1,4.095,4.095,203.0,TEF
2023-02-24 10:58:00,4.1,4.1,4.1,4.1,103.0,TEF
2023-02-24 10:57:00,4.1,4.1,4.095,4.1,703.0,TEF
2023-02-24 10:56:00,4.1,4.1,4.09,4.0953,1672.0,TEF
2023-02-24 10:55:00,4.09,4.095,4.09,4.095,320.0,TEF
2023-02-24 10:54:00,4.095,4.1,4.095,4.1,433.0,TEF
2023-02-24 10:53:00,4.095,4.1,4.095,4.1,1203.0,TEF
2023-02-24 10:52:00,4.1,4.1,4.1,4.1,103.0,TEF
2023-02-24 10:51:00,4.095,4.1,4.095,4.1,301.0,TEF
2023-02-24 10:50:00,4.095,4.095,4.095,4.095,967.0,TEF
2023-02-24 10:49:00,4.095,4.095,4.095,4.095,1003.0,TEF
2023-02-24 10:48:00,4.1,4.1,4.095,4.095,1055.0,TEF
2023-02-24 10:47:00,4.095,4.1,4.095,4.1,1712.0,TEF
2023-02-24 10:46:00,4.1,4.1,4.09,4.09,234.0,TEF
2023-02-24 10:45:00,4.1,4.1,4.0906,4.1,2204.0,TEF
2023-02-24 10:44:00,4.1,4.1,4.095,4.1,512.0,TEF
2023-02-24 10:43:00,4.1,4.1,4.1,4.1,100.0,TEF
2023-02-24 10:42:00,4.1,4.1,4.1,4.1,1105.0,TEF
2023-02-24 10:41:00,4.1,4.1,4.0987,4.1,521.0,TEF
2023-02-24 10:40:00,4.1,4.1,4.095,4.1,3406.0,TEF
2023-02-24 10:39:00,4.1,4.1,4.095,4.095,395.0,TEF
2023-02-24 10:38:00,4.095,4.1,4.095,4.1,1200.0,TEF
2023-02-24 10:37:00,4.1,4.1,4.09,4.095,507.0,TEF
2023-02-24 10:36:00,4.095,4.1,4.095,4.0963,805.0,TEF
2023-02-24 10:35:00,4.095,4.1,4.095,4.1,303.0,TEF
2023-02-24 10:34:00,4.09,4.1,4.09,4.1,506.0,TEF
2023-02-24 10:33:00,4.1,4.1,4.09,4.1,502.0,TEF
2023-02-24 10:32:00,4.095,4.095,4.095,4.095,413.0,TEF
2023-02-24 10:31:00,4.09,4.1,4.09,4.1,301.0,TEF
2023-02-24 10:30:00,4.09,4.095,4.09,4.095,300.0,TEF
2023-02-24 10:29:00,4.095,4.095,4.095,4.095,301.0,TEF
2023-02-24 10:28:00,4.0979,4.0979,4.095,4.095,4337.0,TEF
2023-02-24 10:27:00,4.095,4.095,4.09,4.09,2682.0,TEF
2023-02-24 10:26:00,4.0933,4.095,4.0933,4.095,1206.0,TEF
2023-02-24 10:25:00,4.095,4.095,4.09,4.09,15089.0,TEF
2023-02-24 10:24:00,4.095,4.095,4.095,4.095,300.0,TEF
2023-02-24 10:23:00,4.095,4.095,4.095,4.095,1200.0,TEF
2023-02-24 10:22:00,4.095,4.095,4.095,4.095,500.0,TEF
2023-02-24 10:21:00,4.095,4.095,4.095,4.095,364.0,TEF
2023-02-24 10:20:00,4.09,4.095,4.085,4.095,17990.0,TEF
2023-02-24 10:19:00,4.085,4.085,4.085,4.085,3041.0,TEF
2023-02-24 10:18:00,4.09,4.09,4.085,4.085,18618.0,TEF
2023-02-24 10:17:00,4.09,4.09,4.09,4.09,108.0,TEF
2023-02-24 10:16:00,4.0985,4.0985,4.0985,4.0985,502.0,TEF
2023-02-24 10:15:00,4.095,4.095,4.0948,4.0948,480.0,TEF
2023-02-24 10:14:00,4.095,4.0985,4.095,4.095,1677.0,TEF
2023-02-24 10:12:00,4.095,4.095,4.095,4.095,200.0,TEF
2023-02-24 10:10:00,4.0901,4.0901,4.0901,4.0901,760.0,TEF
2023-02-24 10:09:00,4.095,4.095,4.09,4.09,440.0,TEF
2023-02-24 10:08:00,4.095,4.095,4.09,4.09,1070.0,TEF
2023-02-24 10:07:00,4.095,4.095,4.095,4.095,1700.0,TEF
2023-02-24 10:06:00,4.095,4.0985,4.095,4.0985,3250.0,TEF
2023-02-24 10:05:00,4.095,4.095,4.095,4.095,3405.0,TEF
2023-02-24 10:04:00,4.09,4.1,4.09,4.1,4724.0,TEF
2023-02-24 10:02:00,4.09,4.09,4.0881,4.0881,1685.0,TEF
2023-02-24 10:01:00,4.095,4.095,4.095,4.095,237.0,TEF
2023-02-24 09:59:00,4.095,4.095,4.095,4.095,104.0,TEF
2023-02-24 09:58:00,4.0891,4.09,4.0891,4.09,9020.0,TEF
2023-02-24 09:57:00,4.09,4.09,4.09,4.09,212.0,TEF
2023-02-24 09:56:00,4.085,4.085,4.085,4.085,100.0,TEF
2023-02-24 09:55:00,4.085,4.09,4.085,4.09,1438.0,TEF
2023-02-24 09:54:00,4.085,4.085,4.085,4.085,4326.0,TEF
2023-02-24 09:53:00,4.08,4.085,4.08,4.085,401.0,TEF
2023-02-24 09:52:00,4.085,4.085,4.085,4.085,100.0,TEF
2023-02-24 09:51:00,4.085,4.085,4.085,4.085,3100.0,TEF
2023-02-24 09:50:00,4.085,4.085,4.085,4.085,190.0,TEF
2023-02-24 09:48:00,4.085,4.085,4.08,4.085,1200.0,TEF
2023-02-24 09:47:00,4.085,4.085,4.085,4.085,1805.0,TEF
2023-02-24 09:46:00,4.085,4.09,4.085,4.09,806.0,TEF
2023-02-24 09:45:00,4.09,4.0933,4.09,4.0933,1857.0,TEF
2023-02-24 09:44:00,4.095,4.095,4.09,4.09,1001.0,TEF
2023-02-24 09:43:00,4.095,4.095,4.095,4.095,1800.0,TEF
2023-02-24 09:42:00,4.095,4.1,4.095,4.1,400.0,TEF
2023-02-24 09:41:00,4.1,4.1,4.095,4.095,3961.0,TEF
2023-02-24 09:38:00,4.1,4.1,4.095,4.0973,7363.0,TEF
2023-02-24 09:37:00,4.105,4.105,4.1,4.105,2100.0,TEF
2023-02-24 09:36:00,4.11,4.11,4.1009,4.1037,7443.0,TEF
2023-02-24 09:35:00,4.105,4.105,4.105,4.105,400.0,TEF
2023-02-24 09:34:00,4.1,4.105,4.1,4.1,3315.0,TEF
2023-02-24 09:33:00,4.095,4.1,4.095,4.1,348.0,TEF
2023-02-24 09:32:00,4.1,4.1,4.1,4.1,166.0,TEF
2023-02-24 09:31:00,4.1,4.1,4.095,4.1,2303.0,TEF
2023-02-24 08:39:00,4.12,4.12,4.12,4.12,100.0,TEF
2023-02-24 08:04:00,4.13,4.13,4.13,4.13,100.0,TEF
2023-02-24 07:08:00,4.13,4.13,4.13,4.13,100.0,TEF
2023-02-24 06:23:00,4.12,4.12,4.12,4.12,100.0,TEF
2023-02-24 06:19:00,4.12,4.12,4.12,4.12,100.0,TEF
2023-02-24 05:59:00,4.125,4.125,4.12,4.12,2500.0,TEF
2023-02-24 05:36:00,4.14,4.14,4.14,4.14,100.0,TEF
2023-02-24 05:00:00,4.15,4.15,4.15,4.15,1000.0,TEF
2023-02-24 04:54:00,4.15,4.15,4.15,4.15,100.0,TEF
2023-02-24 04:36:00,4.15,4.15,4.15,4.15,900.0,TEF
2023-02-24 04:33:00,4.14,4.14,4.14,4.14,1200.0,TEF
2023-02-24 04:19:00,4.16,4.16,4.16,4.16,300.0,TEF
2023-02-24 04:08:00,4.14,4.14,4.14,4.14,100.0,TEF
