date,1. open,2. high,3. low,4. close,5. volume,Ticker
2023-03-09 16:02:00,69.55,69.55,69.55,69.55,914.0,TNC
2023-03-09 16:01:00,69.55,69.55,69.55,69.55,1075.0,TNC
2023-03-09 16:00:00,69.475,69.6,69.475,69.6,2363.0,TNC
2023-03-09 15:59:00,69.46,69.46,69.46,69.46,396.0,TNC
2023-03-09 15:58:00,69.57,69.57,69.45,69.45,929.0,TNC
2023-03-09 15:57:00,69.51,69.54,69.51,69.51,577.0,TNC
2023-03-09 15:56:00,69.62,69.73,69.51,69.68,1777.0,TNC
2023-03-09 15:54:00,69.52,69.52,69.52,69.52,227.0,TNC
2023-03-09 15:53:00,69.57,69.57,69.51,69.51,877.0,TNC
2023-03-09 15:52:00,69.53,69.64,69.53,69.64,1824.0,TNC
2023-03-09 15:51:00,69.485,69.485,69.485,69.485,325.0,TNC
2023-03-09 15:50:00,69.48,69.49,69.48,69.49,398.0,TNC
2023-03-09 15:47:00,69.52,69.52,69.52,69.52,152.0,TNC
2023-03-09 15:46:00,69.66,69.66,69.62,69.635,561.0,TNC
2023-03-09 15:45:00,69.76,69.76,69.76,69.76,435.0,TNC
2023-03-09 15:41:00,69.745,69.745,69.745,69.745,131.0,TNC
2023-03-09 15:40:00,69.82,69.84,69.82,69.83,570.0,TNC
2023-03-09 15:37:00,69.79,69.79,69.79,69.79,511.0,TNC
2023-03-09 15:36:00,69.675,69.675,69.675,69.675,123.0,TNC
2023-03-09 15:34:00,69.91,69.92,69.91,69.92,502.0,TNC
2023-03-09 15:24:00,69.84,69.97,69.84,69.97,475.0,TNC
2023-03-09 15:23:00,69.66,69.76,69.66,69.75,2163.0,TNC
2023-03-09 15:20:00,69.78,69.78,69.78,69.78,380.0,TNC
2023-03-09 15:17:00,69.88,69.88,69.83,69.83,379.0,TNC
2023-03-09 15:16:00,69.95,69.95,69.94,69.95,311.0,TNC
2023-03-09 15:15:00,69.95,69.95,69.89,69.89,860.0,TNC
2023-03-09 15:13:00,70.0,70.02,70.0,70.02,811.0,TNC
2023-03-09 15:09:00,69.99,69.99,69.93,69.99,1245.0,TNC
2023-03-09 14:58:00,70.18,70.2,70.16,70.2,1245.0,TNC
2023-03-09 14:57:00,70.15,70.16,70.15,70.16,569.0,TNC
2023-03-09 14:49:00,70.29,70.29,70.26,70.26,1024.0,TNC
2023-03-09 14:44:00,70.38,70.38,70.38,70.38,114.0,TNC
2023-03-09 14:41:00,70.38,70.38,70.38,70.38,1600.0,TNC
2023-03-09 14:36:00,70.37,70.37,70.37,70.37,1018.0,TNC
2023-03-09 14:35:00,70.27,70.27,70.27,70.27,766.0,TNC
2023-03-09 14:33:00,70.27,70.27,70.27,70.27,292.0,TNC
2023-03-09 14:31:00,70.3,70.3,70.3,70.3,356.0,TNC
2023-03-09 14:30:00,70.51,70.51,70.51,70.51,137.0,TNC
2023-03-09 14:28:00,70.515,70.515,70.515,70.515,108.0,TNC
2023-03-09 14:16:00,70.35,70.385,70.34,70.385,604.0,TNC
2023-03-09 14:14:00,70.07,70.07,70.07,70.07,129.0,TNC
2023-03-09 14:08:00,70.26,70.26,70.26,70.26,152.0,TNC
2023-03-09 14:06:00,70.135,70.135,70.135,70.135,102.0,TNC
2023-03-09 14:04:00,70.41,70.41,70.41,70.41,457.0,TNC
2023-03-09 13:57:00,70.48,70.48,70.48,70.48,184.0,TNC
2023-03-09 13:56:00,70.31,70.33,70.31,70.33,1141.0,TNC
2023-03-09 13:49:00,70.24,70.33,70.19,70.19,881.0,TNC
2023-03-09 13:47:00,70.44,70.44,70.44,70.44,134.0,TNC
2023-03-09 13:46:00,70.25,70.25,70.25,70.25,201.0,TNC
2023-03-09 13:45:00,70.435,70.435,70.435,70.435,163.0,TNC
2023-03-09 13:33:00,70.305,70.305,70.305,70.305,107.0,TNC
2023-03-09 13:25:00,70.24,70.44,70.24,70.44,1203.0,TNC
2023-03-09 13:21:00,70.26,70.26,70.26,70.26,209.0,TNC
2023-03-09 13:20:00,70.155,70.155,70.155,70.155,104.0,TNC
2023-03-09 13:17:00,70.355,70.355,70.195,70.31,1773.0,TNC
2023-03-09 13:01:00,70.06,70.27,70.06,70.265,964.0,TNC
2023-03-09 12:46:00,70.22,70.22,70.22,70.22,100.0,TNC
2023-03-09 12:38:00,70.17,70.17,70.13,70.13,292.0,TNC
2023-03-09 12:21:00,69.92,70.0,69.92,70.0,507.0,TNC
2023-03-09 12:17:00,69.68,69.68,69.68,69.68,100.0,TNC
2023-03-09 12:02:00,69.86,69.86,69.86,69.86,333.0,TNC
2023-03-09 11:57:00,69.9,69.9,69.9,69.9,186.0,TNC
2023-03-09 11:55:00,69.91,69.91,69.91,69.91,100.0,TNC
2023-03-09 11:49:00,69.95,69.95,69.95,69.95,460.0,TNC
2023-03-09 11:43:00,69.83,69.83,69.83,69.83,127.0,TNC
2023-03-09 11:40:00,69.85,69.85,69.85,69.85,283.0,TNC
2023-03-09 11:20:00,69.97,69.97,69.96,69.96,409.0,TNC
2023-03-09 11:14:00,69.88,69.88,69.88,69.88,100.0,TNC
2023-03-09 11:09:00,69.99,69.99,69.99,69.99,256.0,TNC
2023-03-09 10:59:00,70.11,70.11,70.11,70.11,332.0,TNC
2023-03-09 10:56:00,70.085,70.085,70.085,70.085,125.0,TNC
2023-03-09 10:55:00,70.14,70.14,70.12,70.12,849.0,TNC
2023-03-09 10:34:00,70.13,70.13,70.13,70.13,121.0,TNC
2023-03-09 10:33:00,70.27,70.27,70.27,70.27,419.0,TNC
2023-03-09 10:08:00,70.47,70.47,70.47,70.47,217.0,TNC
2023-03-09 10:04:00,70.19,70.19,70.19,70.19,100.0,TNC
2023-03-09 10:01:00,70.21,70.21,70.21,70.21,103.0,TNC
2023-03-09 09:54:00,70.63,70.63,70.63,70.63,244.0,TNC
2023-03-09 09:51:00,70.71,70.71,70.71,70.71,120.0,TNC
2023-03-09 09:40:00,70.41,70.41,70.41,70.41,801.0,TNC
2023-03-09 09:39:00,70.45,70.5,70.45,70.5,719.0,TNC
2023-03-09 09:38:00,70.44,70.47,70.44,70.47,511.0,TNC
2023-03-09 09:37:00,70.7,70.7,70.04,70.04,400.0,TNC
2023-03-09 09:31:00,70.43,70.43,70.43,70.43,104.0,TNC
2023-03-08 16:02:00,70.35,70.35,70.35,70.35,864.0,TNC
2023-03-08 16:01:00,70.35,70.35,70.35,70.35,1979.0,TNC
2023-03-08 16:00:00,70.335,70.335,70.27,70.33,2320.0,TNC
2023-03-08 15:59:00,70.28,70.28,70.28,70.28,514.0,TNC
2023-03-08 15:58:00,70.33,70.33,70.31,70.31,1324.0,TNC
2023-03-08 15:56:00,70.2,70.35,70.2,70.35,2250.0,TNC
2023-03-08 15:51:00,70.12,70.235,70.12,70.235,1704.0,TNC
2023-03-08 15:50:00,70.16,70.16,70.16,70.16,437.0,TNC
2023-03-08 15:48:00,70.06,70.06,70.06,70.06,595.0,TNC
2023-03-08 15:45:00,70.09,70.09,70.04,70.04,1859.0,TNC
2023-03-08 15:39:00,70.17,70.17,70.17,70.17,168.0,TNC
2023-03-08 15:36:00,70.04,70.04,70.04,70.04,767.0,TNC
2023-03-08 15:17:00,69.78,69.89,69.78,69.89,629.0,TNC
2023-03-08 15:14:00,69.7,69.7,69.68,69.68,533.0,TNC
2023-03-08 15:02:00,69.76,69.76,69.745,69.745,228.0,TNC
2023-03-08 15:01:00,69.76,69.76,69.76,69.76,114.0,TNC
2023-03-08 14:53:00,69.77,69.78,69.77,69.78,253.0,TNC
2023-03-08 14:52:00,69.69,69.71,69.69,69.71,917.0,TNC
2023-03-08 14:49:00,69.6,69.6,69.6,69.6,108.0,TNC
2023-03-08 14:44:00,69.66,69.66,69.66,69.66,862.0,TNC
2023-03-08 14:38:00,69.67,69.67,69.67,69.67,101.0,TNC
2023-03-08 14:33:00,69.65,69.65,69.65,69.65,110.0,TNC
2023-03-08 14:28:00,69.65,69.65,69.65,69.65,104.0,TNC
2023-03-08 14:22:00,69.66,69.66,69.66,69.66,100.0,TNC
2023-03-08 14:03:00,69.72,69.72,69.72,69.72,158.0,TNC
2023-03-08 14:01:00,69.5,69.5,69.5,69.5,569.0,TNC
2023-03-08 14:00:00,69.41,69.41,69.41,69.41,103.0,TNC
2023-03-08 13:58:00,69.48,69.48,69.45,69.45,519.0,TNC
2023-03-08 13:51:00,69.43,69.43,69.43,69.43,102.0,TNC
2023-03-08 13:47:00,69.51,69.51,69.51,69.51,188.0,TNC
2023-03-08 13:39:00,69.53,69.53,69.49,69.49,869.0,TNC
2023-03-08 13:33:00,69.55,69.665,69.55,69.665,436.0,TNC
2023-03-08 13:23:00,69.7,69.7,69.7,69.7,846.0,TNC
2023-03-08 13:20:00,69.54,69.62,69.54,69.62,203.0,TNC
2023-03-08 13:15:00,69.69,69.69,69.69,69.69,299.0,TNC
2023-03-08 13:10:00,69.59,69.59,69.57,69.57,666.0,TNC
2023-03-08 13:09:00,69.65,69.65,69.65,69.65,796.0,TNC
2023-03-08 13:07:00,69.8,69.8,69.67,69.67,201.0,TNC
2023-03-08 13:03:00,69.775,69.775,69.775,69.775,102.0,TNC
2023-03-08 13:02:00,69.66,69.66,69.66,69.66,101.0,TNC
2023-03-08 12:55:00,69.66,69.66,69.66,69.66,127.0,TNC
2023-03-08 12:47:00,69.785,69.785,69.785,69.785,100.0,TNC
2023-03-08 12:33:00,69.785,69.785,69.785,69.785,200.0,TNC
2023-03-08 12:30:00,69.818,69.818,69.818,69.818,353.0,TNC
2023-03-08 12:29:00,69.73,69.73,69.72,69.72,1609.0,TNC
2023-03-08 12:25:00,69.73,69.73,69.73,69.73,100.0,TNC
2023-03-08 12:20:00,69.74,69.74,69.74,69.74,155.0,TNC
2023-03-08 12:16:00,69.82,69.82,69.82,69.82,108.0,TNC
2023-03-08 12:13:00,69.8,69.8,69.8,69.8,554.0,TNC
2023-03-08 12:09:00,69.905,69.905,69.905,69.905,101.0,TNC
2023-03-08 11:58:00,69.96,69.98,69.96,69.98,203.0,TNC
2023-03-08 11:57:00,69.89,69.91,69.89,69.91,414.0,TNC
2023-03-08 11:53:00,69.84,69.865,69.78,69.865,953.0,TNC
2023-03-08 11:49:00,69.94,70.0,69.88,69.89,3732.0,TNC
2023-03-08 11:46:00,69.75,69.75,69.75,69.75,152.0,TNC
2023-03-08 11:40:00,69.67,69.67,69.67,69.67,100.0,TNC
2023-03-08 11:35:00,69.75,69.75,69.75,69.75,102.0,TNC
2023-03-08 11:32:00,69.9,69.9,69.9,69.9,381.0,TNC
2023-03-08 11:27:00,69.9,69.985,69.9,69.985,509.0,TNC
2023-03-08 11:26:00,69.91,69.91,69.91,69.91,869.0,TNC
2023-03-08 11:25:00,69.81,69.93,69.8,69.93,1394.0,TNC
2023-03-08 11:24:00,69.91,69.96,69.91,69.96,369.0,TNC
2023-03-08 11:23:00,69.83,69.83,69.83,69.83,103.0,TNC
2023-03-08 11:21:00,69.78,69.9,69.78,69.9,663.0,TNC
2023-03-08 11:20:00,69.82,69.82,69.82,69.82,245.0,TNC
2023-03-08 11:19:00,70.08,70.08,69.87,69.87,1557.0,TNC
2023-03-08 11:11:00,70.22,70.23,70.22,70.23,402.0,TNC
2023-03-08 11:04:00,69.98,70.08,69.98,70.08,651.0,TNC
2023-03-08 11:01:00,69.86,69.86,69.86,69.86,367.0,TNC
2023-03-08 10:58:00,70.12,70.12,69.91,69.91,663.0,TNC
2023-03-08 10:48:00,70.65,70.65,70.39,70.555,1115.0,TNC
2023-03-08 10:47:00,70.58,70.58,70.47,70.47,3241.0,TNC
2023-03-08 10:46:00,70.43,70.605,70.35,70.605,1899.0,TNC
2023-03-08 10:45:00,70.72,70.72,70.51,70.57,2230.0,TNC
2023-03-08 10:43:00,70.59,70.59,70.59,70.59,101.0,TNC
2023-03-08 10:28:00,70.8,70.8,70.8,70.8,102.0,TNC
2023-03-08 10:25:00,70.77,70.77,70.77,70.77,630.0,TNC
2023-03-08 10:23:00,70.44,70.44,70.44,70.44,398.0,TNC
2023-03-08 10:22:00,70.6,70.645,70.46,70.46,1131.0,TNC
2023-03-08 10:12:00,70.87,70.9,70.87,70.9,453.0,TNC
2023-03-08 10:06:00,70.57,70.57,70.57,70.57,136.0,TNC
2023-03-08 10:05:00,70.41,70.41,70.41,70.41,254.0,TNC
2023-03-08 10:03:00,70.46,70.46,70.275,70.46,772.0,TNC
2023-03-08 10:01:00,70.82,70.82,70.45,70.46,912.0,TNC
2023-03-08 09:53:00,70.87,70.87,70.87,70.87,318.0,TNC
2023-03-08 09:42:00,70.51,70.7,70.51,70.7,309.0,TNC
2023-03-08 09:39:00,70.69,70.69,70.69,70.69,110.0,TNC
2023-03-08 09:31:00,70.88,70.88,70.88,70.88,173.0,TNC
2023-03-07 16:02:00,70.6,70.6,70.6,70.6,189.0,TNC
2023-03-07 16:01:00,70.6,70.6,70.6,70.6,662.0,TNC
2023-03-07 16:00:00,70.66,70.695,70.6,70.65,2991.0,TNC
2023-03-07 15:59:00,70.61,70.72,70.61,70.63,921.0,TNC
2023-03-07 15:58:00,70.67,70.68,70.645,70.68,1104.0,TNC
2023-03-07 15:57:00,70.65,70.65,70.65,70.65,717.0,TNC
2023-03-07 15:53:00,70.7,70.75,70.61,70.75,2462.0,TNC
2023-03-07 15:52:00,70.63,70.65,70.61,70.65,1405.0,TNC
2023-03-07 15:51:00,70.61,70.68,70.61,70.68,1683.0,TNC
2023-03-07 15:50:00,70.62,70.62,70.62,70.62,447.0,TNC
2023-03-07 15:49:00,70.63,70.63,70.58,70.63,805.0,TNC
2023-03-07 15:48:00,70.65,70.65,70.635,70.635,252.0,TNC
2023-03-07 15:47:00,70.65,70.65,70.65,70.65,289.0,TNC
2023-03-07 15:43:00,70.66,70.66,70.645,70.645,558.0,TNC
2023-03-07 15:39:00,70.64,70.69,70.625,70.625,998.0,TNC
2023-03-07 15:36:00,70.63,70.63,70.63,70.63,123.0,TNC
2023-03-07 15:35:00,70.635,70.635,70.635,70.635,115.0,TNC
2023-03-07 15:34:00,70.79,70.79,70.64,70.64,3211.0,TNC
2023-03-07 15:33:00,70.81,70.83,70.81,70.83,957.0,TNC
2023-03-07 15:26:00,70.66,70.74,70.66,70.74,288.0,TNC
2023-03-07 15:21:00,70.8,70.8,70.8,70.8,161.0,TNC
2023-03-07 15:18:00,70.85,70.85,70.85,70.85,370.0,TNC
2023-03-07 15:17:00,70.85,70.85,70.72,70.72,1910.0,TNC
2023-03-07 15:07:00,70.77,70.77,70.77,70.77,982.0,TNC
2023-03-07 15:05:00,70.71,70.71,70.71,70.71,460.0,TNC
2023-03-07 14:58:00,70.76,70.76,70.76,70.76,1135.0,TNC
2023-03-07 14:54:00,70.75,70.75,70.75,70.75,106.0,TNC
2023-03-07 14:37:00,70.85,70.85,70.85,70.85,194.0,TNC
2023-03-07 14:36:00,70.7,70.74,70.7,70.74,1114.0,TNC
2023-03-07 14:34:00,70.49,70.49,70.49,70.49,115.0,TNC
2023-03-07 14:29:00,70.4,70.4,70.4,70.4,105.0,TNC
2023-03-07 14:24:00,70.62,70.62,70.39,70.545,424.0,TNC
2023-03-07 14:13:00,70.645,70.645,70.645,70.645,102.0,TNC
2023-03-07 14:06:00,70.57,70.61,70.57,70.61,1258.0,TNC
2023-03-07 14:02:00,70.515,70.515,70.515,70.515,165.0,TNC
2023-03-07 13:58:00,70.52,70.52,70.52,70.52,109.0,TNC
2023-03-07 13:47:00,70.52,70.52,70.52,70.52,150.0,TNC
2023-03-07 13:46:00,70.325,70.325,70.325,70.325,143.0,TNC
2023-03-07 13:45:00,70.5,70.51,70.485,70.51,504.0,TNC
2023-03-07 13:42:00,70.605,70.605,70.605,70.605,101.0,TNC
2023-03-07 13:36:00,70.61,70.63,70.5,70.5,866.0,TNC
2023-03-07 13:32:00,70.57,70.57,70.57,70.57,920.0,TNC
2023-03-07 13:23:00,70.49,70.49,70.49,70.49,210.0,TNC
2023-03-07 13:19:00,70.56,70.56,70.5,70.56,594.0,TNC
2023-03-07 13:18:00,70.47,70.51,70.47,70.51,919.0,TNC
2023-03-07 13:01:00,70.575,70.575,70.575,70.575,108.0,TNC
2023-03-07 12:56:00,70.61,70.63,70.55,70.63,568.0,TNC
2023-03-07 12:52:00,70.84,70.84,70.84,70.84,639.0,TNC
2023-03-07 12:51:00,71.0,71.07,70.98,70.99,3352.0,TNC
2023-03-07 12:45:00,71.0,71.02,71.0,71.02,440.0,TNC
2023-03-07 12:39:00,71.1,71.1,71.1,71.1,100.0,TNC
2023-03-07 12:37:00,70.9,70.9,70.9,70.9,121.0,TNC
2023-03-07 12:32:00,71.1288,71.1288,71.1288,71.1288,361.0,TNC
2023-03-07 12:23:00,71.13,71.13,71.13,71.13,461.0,TNC
2023-03-07 12:20:00,71.11,71.11,71.11,71.11,455.0,TNC
2023-03-07 12:19:00,70.91,70.91,70.91,70.91,855.0,TNC
2023-03-07 12:16:00,70.835,70.835,70.835,70.835,103.0,TNC
2023-03-07 12:15:00,70.835,70.835,70.835,70.835,184.0,TNC
2023-03-07 12:10:00,70.75,70.75,70.75,70.75,101.0,TNC
2023-03-07 12:07:00,70.825,70.825,70.825,70.825,102.0,TNC
2023-03-07 11:55:00,70.94,70.94,70.94,70.94,101.0,TNC
2023-03-07 11:39:00,70.96,70.96,70.95,70.95,433.0,TNC
2023-03-07 11:38:00,70.76,70.86,70.76,70.86,451.0,TNC
2023-03-07 11:36:00,70.78,70.78,70.78,70.78,100.0,TNC
2023-03-07 11:33:00,70.5525,70.71,70.5525,70.71,979.0,TNC
2023-03-07 11:32:00,70.5375,70.5375,70.5375,70.5375,262.0,TNC
2023-03-07 11:24:00,70.585,70.585,70.585,70.585,100.0,TNC
2023-03-07 11:19:00,70.585,70.585,70.585,70.585,100.0,TNC
2023-03-07 11:18:00,70.59,70.59,70.59,70.59,106.0,TNC
2023-03-07 11:15:00,70.45,70.51,70.45,70.51,255.0,TNC
2023-03-07 11:13:00,70.65,70.65,70.65,70.65,592.0,TNC
2023-03-07 11:05:00,70.72,70.73,70.72,70.73,628.0,TNC
2023-03-07 10:40:00,70.83,71.001,70.83,70.972,1481.0,TNC
2023-03-07 10:39:00,71.01,71.01,70.89,70.89,1139.0,TNC
2023-03-07 10:34:00,71.035,71.035,71.035,71.035,100.0,TNC
2023-03-07 10:32:00,71.02,71.02,71.02,71.02,355.0,TNC
2023-03-07 10:25:00,71.05,71.1,70.93,70.93,978.0,TNC
2023-03-07 10:23:00,70.97,71.08,70.97,71.08,595.0,TNC
2023-03-07 10:15:00,70.77,70.77,70.77,70.77,131.0,TNC
2023-03-07 10:14:00,70.71,70.71,70.71,70.71,120.0,TNC
2023-03-07 10:12:00,70.7,70.7,70.7,70.7,834.0,TNC
2023-03-07 10:11:00,70.94,70.94,70.825,70.825,709.0,TNC
2023-03-07 10:04:00,70.94,70.94,70.94,70.94,100.0,TNC
2023-03-07 10:03:00,71.24,71.24,71.07,71.24,580.0,TNC
2023-03-07 10:00:00,71.72,71.72,71.72,71.72,123.0,TNC
2023-03-07 09:59:00,71.59,71.59,71.59,71.59,286.0,TNC
2023-03-07 09:35:00,71.17,71.18,71.165,71.165,405.0,TNC
2023-03-07 09:31:00,71.16,71.16,71.16,71.16,437.0,TNC
2023-03-06 16:02:00,71.27,71.27,71.27,71.27,236.0,TNC
2023-03-06 16:01:00,71.27,71.27,71.27,71.27,539.0,TNC
2023-03-06 16:00:00,71.23,71.29,71.15,71.27,4695.0,TNC
2023-03-06 15:59:00,71.2,71.2,71.13,71.13,834.0,TNC
2023-03-06 15:58:00,71.1,71.18,71.1,71.18,1055.0,TNC
2023-03-06 15:57:00,71.015,71.08,71.015,71.08,653.0,TNC
2023-03-06 15:56:00,70.91,70.99,70.9,70.99,2717.0,TNC
2023-03-06 15:54:00,71.01,71.01,70.99,70.99,1489.0,TNC
2023-03-06 15:53:00,71.03,71.03,71.03,71.03,256.0,TNC
2023-03-06 15:52:00,71.04,71.09,71.04,71.09,587.0,TNC
2023-03-06 15:51:00,70.97,70.97,70.97,70.97,252.0,TNC
2023-03-06 15:50:00,71.015,71.015,71.015,71.015,502.0,TNC
2023-03-06 15:49:00,71.06,71.06,71.06,71.06,202.0,TNC
2023-03-06 15:48:00,70.925,71.0,70.925,70.995,1952.0,TNC
2023-03-06 15:47:00,71.0,71.0,70.9,70.9,609.0,TNC
2023-03-06 15:45:00,70.965,70.965,70.93,70.93,328.0,TNC
2023-03-06 15:44:00,70.96,70.96,70.95,70.95,693.0,TNC
2023-03-06 15:43:00,71.0,71.05,71.0,71.05,1088.0,TNC
2023-03-06 15:42:00,70.915,70.915,70.915,70.915,582.0,TNC
2023-03-06 15:41:00,70.92,70.92,70.86,70.86,1271.0,TNC
2023-03-06 15:38:00,70.955,70.98,70.955,70.98,535.0,TNC
2023-03-06 15:36:00,70.93,70.93,70.93,70.93,377.0,TNC
2023-03-06 15:35:00,70.84,70.85,70.84,70.85,499.0,TNC
2023-03-06 15:34:00,70.84,70.84,70.84,70.84,164.0,TNC
2023-03-06 15:33:00,70.84,70.84,70.82,70.82,831.0,TNC
2023-03-06 15:32:00,70.8,70.8,70.79,70.8,2252.0,TNC
2023-03-06 15:31:00,70.74,70.77,70.74,70.77,632.0,TNC
2023-03-06 15:30:00,70.8,70.8,70.79,70.795,716.0,TNC
2023-03-06 15:24:00,70.79,70.79,70.67,70.67,2219.0,TNC
2023-03-06 15:23:00,70.695,70.695,70.695,70.695,106.0,TNC
2023-03-06 15:20:00,70.61,70.8,70.61,70.8,736.0,TNC
2023-03-06 15:17:00,70.71,70.76,70.69,70.76,1042.0,TNC
2023-03-06 15:14:00,70.87,70.91,70.82,70.91,609.0,TNC
2023-03-06 15:08:00,70.82,70.82,70.82,70.82,111.0,TNC
2023-03-06 15:07:00,70.75,70.81,70.75,70.81,2014.0,TNC
2023-03-06 15:04:00,70.695,70.695,70.695,70.695,178.0,TNC
2023-03-06 15:02:00,70.725,70.725,70.725,70.725,287.0,TNC
2023-03-06 15:01:00,70.78,70.78,70.78,70.78,271.0,TNC
2023-03-06 14:58:00,70.9,71.0,70.9,71.0,203.0,TNC
2023-03-06 14:57:00,70.86,70.88,70.86,70.88,1106.0,TNC
2023-03-06 14:56:00,70.795,70.84,70.795,70.84,463.0,TNC
2023-03-06 14:54:00,70.85,70.97,70.85,70.85,596.0,TNC
2023-03-06 14:50:00,70.86,70.86,70.86,70.86,100.0,TNC
2023-03-06 14:49:00,71.0,71.0,71.0,71.0,519.0,TNC
2023-03-06 14:47:00,70.97,70.97,70.97,70.97,100.0,TNC
2023-03-06 14:43:00,71.23,71.28,71.06,71.06,1073.0,TNC
2023-03-06 14:37:00,71.46,71.46,71.46,71.46,239.0,TNC
2023-03-06 14:36:00,71.35,71.35,71.35,71.35,133.0,TNC
2023-03-06 14:33:00,71.41,71.41,71.41,71.41,157.0,TNC
2023-03-06 14:31:00,71.34,71.34,71.34,71.34,926.0,TNC
2023-03-06 14:29:00,71.34,71.34,71.33,71.335,1229.0,TNC
2023-03-06 14:28:00,71.24,71.34,71.24,71.34,229.0,TNC
2023-03-06 14:27:00,71.14,71.14,71.14,71.14,362.0,TNC
2023-03-06 14:25:00,71.25,71.36,71.25,71.36,210.0,TNC
2023-03-06 14:21:00,71.25,71.3,71.25,71.3,202.0,TNC
2023-03-06 14:20:00,71.25,71.36,71.25,71.3,436.0,TNC
2023-03-06 14:17:00,71.16,71.16,71.16,71.16,100.0,TNC
2023-03-06 14:16:00,71.37,71.37,71.37,71.37,899.0,TNC
2023-03-06 14:14:00,71.25,71.25,71.25,71.25,634.0,TNC
2023-03-06 14:13:00,71.26,71.26,71.26,71.26,262.0,TNC
2023-03-06 14:07:00,71.37,71.37,71.35,71.35,816.0,TNC
2023-03-06 14:05:00,71.275,71.275,71.275,71.275,207.0,TNC
2023-03-06 14:04:00,71.27,71.33,71.27,71.33,255.0,TNC
2023-03-06 14:03:00,71.24,71.24,71.215,71.215,861.0,TNC
2023-03-06 14:01:00,71.27,71.27,71.25,71.25,212.0,TNC
2023-03-06 14:00:00,71.19,71.31,71.19,71.24,1551.0,TNC
2023-03-06 13:59:00,71.14,71.14,71.14,71.14,1395.0,TNC
2023-03-06 13:56:00,71.18,71.18,71.04,71.05,1389.0,TNC
2023-03-06 13:55:00,71.18,71.18,71.18,71.18,113.0,TNC
2023-03-06 13:52:00,71.2,71.2,71.18,71.18,433.0,TNC
2023-03-06 13:49:00,71.19,71.35,71.19,71.35,818.0,TNC
2023-03-06 13:48:00,71.18,71.18,71.18,71.18,119.0,TNC
2023-03-06 13:45:00,71.35,71.35,71.26,71.26,931.0,TNC
2023-03-06 13:44:00,71.17,71.17,71.17,71.17,122.0,TNC
2023-03-06 13:43:00,71.35,71.35,71.35,71.35,615.0,TNC
2023-03-06 13:40:00,71.18,71.18,71.18,71.18,100.0,TNC
2023-03-06 13:38:00,71.255,71.35,71.255,71.35,466.0,TNC
2023-03-06 13:36:00,71.17,71.35,71.17,71.255,526.0,TNC
2023-03-06 13:35:00,71.31,71.35,71.31,71.35,501.0,TNC
2023-03-06 13:31:00,71.25,71.26,71.25,71.26,995.0,TNC
2023-03-06 13:26:00,71.37,71.37,71.37,71.37,153.0,TNC
2023-03-06 13:24:00,71.24,71.24,71.16,71.16,2393.0,TNC
2023-03-06 13:15:00,71.15,71.24,71.15,71.24,1129.0,TNC
2023-03-06 13:14:00,71.045,71.15,71.0,71.15,3965.0,TNC
2023-03-06 13:12:00,70.95,70.95,70.95,70.95,101.0,TNC
2023-03-06 13:10:00,71.05,71.05,71.05,71.05,403.0,TNC
2023-03-06 12:58:00,71.23,71.23,71.14,71.17,1801.0,TNC
2023-03-06 12:57:00,71.2,71.2,71.15,71.15,602.0,TNC
2023-03-06 12:54:00,71.295,71.4,71.295,71.4,613.0,TNC
2023-03-06 12:52:00,71.25,71.35,71.25,71.35,531.0,TNC
2023-03-06 12:51:00,71.35,71.35,71.245,71.245,787.0,TNC
2023-03-06 12:50:00,71.265,71.265,71.265,71.265,109.0,TNC
2023-03-06 12:45:00,71.3,71.3,71.3,71.3,373.0,TNC
2023-03-06 12:43:00,71.28,71.28,71.28,71.28,267.0,TNC
2023-03-06 12:42:00,71.28,71.28,71.28,71.28,351.0,TNC
2023-03-06 12:41:00,71.27,71.28,71.27,71.28,684.0,TNC
2023-03-06 12:40:00,71.24,71.24,71.185,71.185,463.0,TNC
2023-03-06 12:39:00,71.22,71.22,71.11,71.22,1566.0,TNC
2023-03-06 12:33:00,71.21,71.33,71.19,71.1901,1633.0,TNC
2023-03-06 12:32:00,71.11,71.21,71.11,71.2,2183.0,TNC
2023-03-06 12:31:00,71.1501,71.1501,71.15,71.15,1073.0,TNC
2023-03-06 12:29:00,71.415,71.47,71.09,71.195,7480.0,TNC
2023-03-06 12:28:00,71.415,71.415,71.415,71.415,100.0,TNC
2023-03-06 12:26:00,71.415,71.415,71.415,71.415,180.0,TNC
2023-03-06 12:25:00,71.44,71.44,71.44,71.44,102.0,TNC
2023-03-06 12:22:00,71.42,71.45,71.42,71.45,777.0,TNC
2023-03-06 12:17:00,71.315,71.33,71.3,71.315,1573.0,TNC
2023-03-06 12:12:00,71.1881,71.1881,71.1881,71.1881,293.0,TNC
2023-03-06 12:10:00,71.1,71.1,71.03,71.03,761.0,TNC
2023-03-06 12:09:00,70.96,70.96,70.96,70.96,171.0,TNC
2023-03-06 12:08:00,71.04,71.04,71.04,71.04,735.0,TNC
2023-03-06 12:07:00,71.05,71.05,70.91,71.04,3153.0,TNC
2023-03-06 12:06:00,71.18,71.18,71.18,71.18,106.0,TNC
2023-03-06 12:05:00,71.18,71.18,71.18,71.18,112.0,TNC
2023-03-06 12:04:00,71.16,71.16,71.16,71.16,230.0,TNC
2023-03-06 12:03:00,71.05,71.05,71.05,71.05,838.0,TNC
2023-03-06 12:01:00,71.18,71.18,71.18,71.18,106.0,TNC
2023-03-06 12:00:00,70.975,71.13,70.975,71.13,304.0,TNC
2023-03-06 11:59:00,71.08,71.09,70.92,70.975,3147.0,TNC
2023-03-06 11:57:00,71.1,71.1,71.1,71.1,136.0,TNC
2023-03-06 11:56:00,71.13,71.13,71.11,71.11,217.0,TNC
2023-03-06 11:47:00,71.24,71.24,71.24,71.24,204.0,TNC
2023-03-06 11:46:00,70.99,71.1,70.99,71.1,2250.0,TNC
2023-03-06 11:45:00,70.91,70.91,70.91,70.91,101.0,TNC
2023-03-06 11:43:00,71.26,71.26,71.06,71.07,1697.0,TNC
2023-03-06 11:42:00,71.34,71.34,71.34,71.34,102.0,TNC
2023-03-06 11:41:00,71.49,71.49,71.49,71.49,253.0,TNC
2023-03-06 11:38:00,71.435,71.435,71.435,71.435,152.0,TNC
2023-03-06 11:34:00,71.44,71.44,71.44,71.44,130.0,TNC
2023-03-06 11:33:00,71.55,71.55,71.55,71.55,532.0,TNC
2023-03-06 11:31:00,71.425,71.545,71.425,71.54,1900.0,TNC
2023-03-06 11:28:00,71.39,71.39,71.39,71.39,585.0,TNC
2023-03-06 11:23:00,71.49,71.49,71.49,71.49,869.0,TNC
2023-03-06 11:22:00,71.35,71.35,71.35,71.35,221.0,TNC
2023-03-06 11:21:00,71.345,71.345,71.345,71.345,146.0,TNC
2023-03-06 11:18:00,71.22,71.35,71.21,71.35,1344.0,TNC
2023-03-06 11:16:00,71.1,71.15,71.07,71.15,2436.0,TNC
2023-03-06 11:15:00,71.32,71.33,71.09,71.09,2613.0,TNC
2023-03-06 11:08:00,71.38,71.38,71.38,71.38,747.0,TNC
2023-03-06 11:07:00,71.26,71.26,71.24,71.25,1344.0,TNC
2023-03-06 11:02:00,71.07,71.13,71.07,71.075,2324.0,TNC
2023-03-06 11:00:00,70.9,70.9,70.9,70.9,222.0,TNC
2023-03-06 10:59:00,71.03,71.04,70.94,71.03,1056.0,TNC
2023-03-06 10:54:00,71.03,71.07,71.02,71.02,1075.0,TNC
2023-03-06 10:53:00,70.96,70.96,70.96,70.96,102.0,TNC
2023-03-06 10:50:00,71.35,71.35,71.1,71.1,625.0,TNC
2023-03-06 10:49:00,71.37,71.37,71.36,71.36,982.0,TNC
2023-03-06 10:47:00,71.37,71.37,71.37,71.37,235.0,TNC
2023-03-06 10:44:00,71.48,71.48,71.48,71.48,449.0,TNC
2023-03-06 10:42:00,71.35,71.48,71.34,71.48,767.0,TNC
2023-03-06 10:41:00,71.51,71.51,71.48,71.48,418.0,TNC
2023-03-06 10:38:00,71.48,71.48,71.48,71.48,139.0,TNC
2023-03-06 10:37:00,71.51,71.51,71.48,71.48,406.0,TNC
2023-03-06 10:35:00,71.49,71.49,71.49,71.49,116.0,TNC
2023-03-06 10:29:00,71.51,71.65,71.49,71.49,655.0,TNC
2023-03-06 10:23:00,71.55,71.61,71.525,71.525,1051.0,TNC
2023-03-06 10:21:00,71.69,71.82,71.69,71.72,1900.0,TNC
2023-03-06 10:18:00,71.55,71.55,71.55,71.55,114.0,TNC
2023-03-06 10:04:00,71.435,71.57,71.435,71.57,855.0,TNC
2023-03-06 10:01:00,71.48,71.48,71.35,71.435,2256.0,TNC
2023-03-06 09:58:00,71.48,71.48,71.48,71.48,141.0,TNC
2023-03-06 09:55:00,71.48,71.48,71.48,71.48,105.0,TNC
2023-03-06 09:52:00,71.48,71.48,71.48,71.48,121.0,TNC
2023-03-06 09:50:00,71.47,71.47,71.47,71.47,453.0,TNC
2023-03-06 09:49:00,71.14,71.14,71.14,71.14,100.0,TNC
2023-03-06 09:47:00,71.54,71.62,71.38,71.38,887.0,TNC
2023-03-06 09:45:00,71.75,71.75,71.75,71.75,405.0,TNC
2023-03-06 09:44:00,71.85,71.85,71.81,71.85,1918.0,TNC
2023-03-06 09:43:00,71.94,71.94,71.55,71.55,320.0,TNC
2023-03-06 09:42:00,71.93,71.93,71.93,71.93,298.0,TNC
2023-03-06 09:41:00,71.61,71.61,71.61,71.61,1510.0,TNC
2023-03-06 09:40:00,71.61,71.61,71.61,71.61,110.0,TNC
2023-03-06 09:37:00,72.14,72.14,72.14,72.14,133.0,TNC
2023-03-06 09:31:00,72.11,72.11,72.11,72.11,507.0,TNC
2023-03-03 16:03:00,72.24,72.24,72.24,72.24,488.0,TNC
2023-03-03 16:02:00,72.24,72.24,72.24,72.24,1166.0,TNC
2023-03-03 16:01:00,72.24,72.24,72.24,72.24,869.0,TNC
2023-03-03 16:00:00,72.275,72.32,72.2,72.24,2225.0,TNC
2023-03-03 15:59:00,72.27,72.27,72.24,72.24,1013.0,TNC
2023-03-03 15:58:00,72.23,72.27,72.23,72.25,1158.0,TNC
2023-03-03 15:57:00,72.255,72.3,72.24,72.26,2351.0,TNC
2023-03-03 15:56:00,72.4,72.4,72.26,72.26,2066.0,TNC
2023-03-03 15:55:00,72.325,72.34,72.325,72.34,535.0,TNC
2023-03-03 15:54:00,72.4,72.4,72.25,72.4,1552.0,TNC
2023-03-03 15:53:00,72.26,72.4,72.26,72.305,722.0,TNC
2023-03-03 15:52:00,72.28,72.28,72.28,72.28,148.0,TNC
2023-03-03 15:49:00,72.23,72.23,72.21,72.21,592.0,TNC
2023-03-03 15:47:00,72.25,72.25,72.25,72.25,177.0,TNC
2023-03-03 15:44:00,72.25,72.25,72.25,72.25,233.0,TNC
2023-03-03 15:43:00,72.19,72.19,72.17,72.17,1303.0,TNC
2023-03-03 15:42:00,72.3,72.33,72.19,72.19,2535.0,TNC
2023-03-03 15:41:00,72.28,72.4,72.27,72.335,906.0,TNC
2023-03-03 15:33:00,72.3,72.3,72.285,72.285,284.0,TNC
2023-03-03 15:32:00,72.3,72.3,72.3,72.3,116.0,TNC
2023-03-03 15:31:00,72.25,72.275,72.25,72.275,773.0,TNC
2023-03-03 15:30:00,72.27,72.27,72.27,72.27,279.0,TNC
2023-03-03 15:24:00,72.3,72.3,72.3,72.3,309.0,TNC
2023-03-03 15:18:00,72.405,72.405,72.31,72.31,1339.0,TNC
2023-03-03 15:15:00,72.31,72.405,72.31,72.405,225.0,TNC
2023-03-03 15:12:00,72.31,72.31,72.31,72.31,102.0,TNC
2023-03-03 15:09:00,72.3,72.3,72.3,72.3,128.0,TNC
2023-03-03 15:06:00,72.345,72.3525,72.25,72.27,2510.0,TNC
2023-03-03 15:03:00,72.335,72.335,72.335,72.335,544.0,TNC
2023-03-03 15:01:00,72.43,72.44,72.335,72.335,378.0,TNC
2023-03-03 15:00:00,72.335,72.335,72.335,72.335,210.0,TNC
2023-03-03 14:59:00,72.43,72.43,72.325,72.33,513.0,TNC
2023-03-03 14:56:00,72.23,72.23,72.23,72.23,200.0,TNC
2023-03-03 14:54:00,72.23,72.23,72.22,72.22,287.0,TNC
2023-03-03 14:50:00,72.345,72.345,72.345,72.345,115.0,TNC
2023-03-03 14:48:00,72.32,72.32,72.32,72.32,236.0,TNC
2023-03-03 14:47:00,72.21,72.23,72.21,72.23,946.0,TNC
2023-03-03 14:46:00,72.12,72.24,72.1,72.21,1917.0,TNC
2023-03-03 14:43:00,72.25,72.32,72.21,72.21,726.0,TNC
2023-03-03 14:39:00,72.15,72.26,72.15,72.255,1656.0,TNC
2023-03-03 14:36:00,72.245,72.245,72.245,72.245,174.0,TNC
2023-03-03 14:35:00,72.2,72.2,72.2,72.2,305.0,TNC
2023-03-03 14:30:00,72.2,72.2,72.2,72.2,323.0,TNC
2023-03-03 14:26:00,72.255,72.255,72.255,72.255,106.0,TNC
2023-03-03 14:23:00,72.26,72.28,72.26,72.28,674.0,TNC
2023-03-03 14:15:00,72.16,72.16,72.16,72.16,100.0,TNC
2023-03-03 14:12:00,72.17,72.17,72.17,72.17,996.0,TNC
2023-03-03 14:07:00,72.26,72.28,72.2,72.2,1491.0,TNC
2023-03-03 14:05:00,72.28,72.28,72.28,72.28,103.0,TNC
2023-03-03 14:04:00,72.17,72.17,72.17,72.17,100.0,TNC
2023-03-03 14:01:00,72.12,72.17,72.12,72.17,1051.0,TNC
2023-03-03 13:53:00,72.22,72.22,72.22,72.22,297.0,TNC
2023-03-03 13:49:00,72.22,72.22,72.22,72.22,381.0,TNC
2023-03-03 13:48:00,72.2,72.27,72.18,72.2,1035.0,TNC
2023-03-03 13:46:00,72.26,72.26,72.26,72.26,160.0,TNC
2023-03-03 13:37:00,72.17,72.17,72.17,72.17,501.0,TNC
2023-03-03 13:35:00,72.17,72.17,72.17,72.17,159.0,TNC
2023-03-03 13:32:00,72.37,72.37,72.37,72.37,242.0,TNC
2023-03-03 13:29:00,72.37,72.37,72.37,72.37,379.0,TNC
2023-03-03 13:28:00,72.37,72.37,72.37,72.37,112.0,TNC
2023-03-03 13:25:00,72.325,72.325,72.325,72.325,100.0,TNC
2023-03-03 13:17:00,72.24,72.24,72.24,72.24,233.0,TNC
2023-03-03 13:16:00,72.235,72.34,72.2,72.27,2206.0,TNC
2023-03-03 13:14:00,72.17,72.17,72.17,72.17,100.0,TNC
2023-03-03 13:09:00,72.17,72.1915,71.99,72.0,2616.0,TNC
2023-03-03 13:08:00,72.255,72.35,72.255,72.255,663.0,TNC
2023-03-03 13:07:00,72.275,72.275,72.275,72.275,113.0,TNC
2023-03-03 13:06:00,72.32,72.32,72.32,72.32,115.0,TNC
2023-03-03 13:03:00,72.285,72.3175,72.285,72.3175,552.0,TNC
2023-03-03 13:02:00,72.315,72.35,72.28,72.35,409.0,TNC
2023-03-03 12:59:00,72.27,72.27,72.27,72.27,126.0,TNC
2023-03-03 12:56:00,72.28,72.28,72.2,72.255,608.0,TNC
2023-03-03 12:52:00,72.155,72.155,72.155,72.155,100.0,TNC
2023-03-03 12:44:00,72.07,72.16,72.07,72.16,619.0,TNC
2023-03-03 12:38:00,72.14,72.14,72.14,72.14,356.0,TNC
2023-03-03 12:34:00,72.2,72.2,72.2,72.2,100.0,TNC
2023-03-03 12:32:00,72.28,72.28,72.2,72.25,811.0,TNC
2023-03-03 12:28:00,72.2,72.2,72.2,72.2,760.0,TNC
2023-03-03 12:26:00,72.2,72.2,72.2,72.2,353.0,TNC
2023-03-03 12:24:00,72.2,72.2,72.2,72.2,778.0,TNC
2023-03-03 12:23:00,72.28,72.28,72.28,72.28,103.0,TNC
2023-03-03 12:15:00,72.37,72.41,72.37,72.41,412.0,TNC
2023-03-03 12:14:00,72.2,72.2,72.2,72.2,304.0,TNC
2023-03-03 12:01:00,72.15,72.15,72.15,72.15,306.0,TNC
2023-03-03 12:00:00,72.1,72.1,72.1,72.1,325.0,TNC
2023-03-03 11:57:00,72.1,72.11,72.1,72.1,685.0,TNC
2023-03-03 11:56:00,72.1,72.1,72.1,72.1,454.0,TNC
2023-03-03 11:55:00,72.05,72.05,72.05,72.05,200.0,TNC
2023-03-03 11:54:00,72.05,72.065,72.05,72.065,765.0,TNC
2023-03-03 11:33:00,72.0,72.0,72.0,72.0,361.0,TNC
2023-03-03 11:32:00,72.0,72.0,72.0,72.0,223.0,TNC
2023-03-03 11:31:00,72.0,72.0,72.0,72.0,215.0,TNC
2023-03-03 11:28:00,72.0,72.0,72.0,72.0,224.0,TNC
2023-03-03 11:27:00,72.0,72.0,72.0,72.0,483.0,TNC
2023-03-03 11:21:00,72.0,72.0,72.0,72.0,206.0,TNC
2023-03-03 11:20:00,72.0,72.0,71.99,72.0,593.0,TNC
2023-03-03 11:13:00,72.0,72.0,72.0,72.0,257.0,TNC
2023-03-03 11:08:00,72.0,72.0,72.0,72.0,369.0,TNC
2023-03-03 11:05:00,72.0,72.0,72.0,72.0,210.0,TNC
2023-03-03 11:03:00,71.985,72.0,71.95,72.0,1345.0,TNC
2023-03-03 10:56:00,71.95,71.95,71.95,71.95,594.0,TNC
2023-03-03 10:51:00,71.77,71.94,71.77,71.94,340.0,TNC
2023-03-03 10:47:00,71.82,71.9,71.53,71.6,3243.0,TNC
2023-03-03 10:45:00,71.81,71.81,71.81,71.81,176.0,TNC
2023-03-03 10:44:00,72.0,72.0,72.0,72.0,582.0,TNC
2023-03-03 10:42:00,71.83,71.83,71.83,71.83,131.0,TNC
2023-03-03 10:41:00,71.9,72.04,71.87,71.9,1824.0,TNC
2023-03-03 10:34:00,72.0,72.0,71.965,71.965,442.0,TNC
2023-03-03 10:33:00,71.905,71.905,71.905,71.905,227.0,TNC
2023-03-03 10:32:00,72.05,72.05,71.94,71.94,1762.0,TNC
2023-03-03 10:30:00,71.85,72.0,71.85,71.9,1268.0,TNC
2023-03-03 10:27:00,71.9,71.9,71.9,71.9,267.0,TNC
2023-03-03 10:19:00,72.15,72.15,72.15,72.15,436.0,TNC
2023-03-03 10:12:00,71.93,71.93,71.68,71.9,995.0,TNC
2023-03-03 10:04:00,71.9826,71.9826,71.9826,71.9826,185.0,TNC
2023-03-03 10:02:00,72.22,72.22,72.22,72.22,151.0,TNC
2023-03-03 09:31:00,72.34,72.34,71.84,71.84,461.0,TNC
2023-03-02 16:01:00,72.0,72.0,72.0,72.0,388.0,TNC
2023-03-02 16:00:00,72.0,72.04,71.95,71.98,3716.0,TNC
2023-03-02 15:59:00,72.0,72.04,71.95,72.0,1958.0,TNC
2023-03-02 15:58:00,72.0,72.0,72.0,72.0,1301.0,TNC
2023-03-02 15:57:00,71.975,72.0,71.93,71.93,1522.0,TNC
2023-03-02 15:56:00,72.07,72.0897,72.0,72.0897,403.0,TNC
2023-03-02 15:55:00,71.965,71.965,71.965,71.965,149.0,TNC
2023-03-02 15:54:00,72.08,72.08,72.08,72.08,220.0,TNC
2023-03-02 15:53:00,72.08,72.08,71.96,71.96,229.0,TNC
2023-03-02 15:52:00,71.9,72.08,71.9,71.96,1408.0,TNC
2023-03-02 15:51:00,71.87,71.87,71.86,71.86,867.0,TNC
2023-03-02 15:50:00,71.965,72.0597,71.965,71.97,512.0,TNC
2023-03-02 15:49:00,71.935,72.0597,71.935,72.0597,440.0,TNC
2023-03-02 15:48:00,72.03,72.0497,72.0,72.0497,301.0,TNC
2023-03-02 15:47:00,71.9,71.9,71.9,71.9,666.0,TNC
2023-03-02 15:46:00,71.835,71.89,71.835,71.89,753.0,TNC
2023-03-02 15:45:00,71.79,71.79,71.79,71.79,253.0,TNC
2023-03-02 15:43:00,71.79,71.88,71.78,71.86,1931.0,TNC
2023-03-02 15:42:00,71.84,71.9,71.84,71.9,552.0,TNC
2023-03-02 15:40:00,72.0,72.01,71.91,71.91,1681.0,TNC
2023-03-02 15:39:00,72.0,72.0,72.0,72.0,207.0,TNC
2023-03-02 15:38:00,72.0,72.01,72.0,72.01,836.0,TNC
2023-03-02 15:37:00,72.0,72.0,72.0,72.0,407.0,TNC
2023-03-02 15:36:00,72.09,72.09,72.09,72.09,156.0,TNC
2023-03-02 15:35:00,72.0,72.0,72.0,72.0,773.0,TNC
2023-03-02 15:34:00,72.0,72.1097,72.0,72.1097,200.0,TNC
2023-03-02 15:30:00,71.88,71.94,71.88,71.94,661.0,TNC
2023-03-02 15:27:00,71.87,71.89,71.87,71.89,256.0,TNC
2023-03-02 15:26:00,71.88,71.88,71.88,71.88,116.0,TNC
2023-03-02 15:25:00,71.875,71.875,71.875,71.875,114.0,TNC
2023-03-02 15:24:00,71.88,71.88,71.88,71.88,111.0,TNC
2023-03-02 15:23:00,72.0,72.0,72.0,72.0,101.0,TNC
2023-03-02 15:22:00,72.0,72.0097,71.9,72.0097,313.0,TNC
2023-03-02 15:17:00,71.91,72.0,71.9,71.92,1686.0,TNC
2023-03-02 15:09:00,72.0,72.0,71.75,71.88,1371.0,TNC
2023-03-02 15:07:00,72.0,72.0,72.0,72.0,110.0,TNC
2023-03-02 15:05:00,72.14,72.14,72.14,72.14,110.0,TNC
2023-03-02 15:03:00,72.0,72.0,72.0,72.0,165.0,TNC
2023-03-02 15:02:00,72.0,72.0,72.0,72.0,767.0,TNC
2023-03-02 15:00:00,71.87,72.0,71.87,72.0,1011.0,TNC
2023-03-02 14:41:00,71.78,71.87,71.78,71.87,270.0,TNC
2023-03-02 14:36:00,71.46,71.61,71.45,71.59,1621.0,TNC
2023-03-02 14:27:00,71.5,71.5,71.5,71.5,168.0,TNC
2023-03-02 14:23:00,71.53,71.53,71.53,71.53,100.0,TNC
2023-03-02 14:22:00,71.47,71.47,71.47,71.47,151.0,TNC
2023-03-02 14:20:00,71.53,71.53,71.53,71.53,100.0,TNC
2023-03-02 14:16:00,71.55,71.55,71.55,71.55,761.0,TNC
2023-03-02 14:14:00,71.45,71.57,71.45,71.5,841.0,TNC
2023-03-02 14:10:00,71.62,71.62,71.55,71.55,261.0,TNC
2023-03-02 14:05:00,71.59,71.68,71.59,71.605,864.0,TNC
2023-03-02 14:02:00,71.6,71.61,71.565,71.61,1041.0,TNC
2023-03-02 13:56:00,71.54,71.55,71.54,71.55,717.0,TNC
2023-03-02 13:52:00,71.46,71.55,71.46,71.53,1161.0,TNC
2023-03-02 13:49:00,71.57,71.57,71.57,71.57,100.0,TNC
2023-03-02 13:39:00,71.72,71.72,71.52,71.595,908.0,TNC
2023-03-02 13:38:00,71.57,71.635,71.57,71.635,928.0,TNC
2023-03-02 13:37:00,71.57,71.61,71.57,71.61,837.0,TNC
2023-03-02 13:36:00,71.5,71.5,71.5,71.5,207.0,TNC
2023-03-02 13:26:00,71.43,71.5,71.405,71.5,1341.0,TNC
2023-03-02 13:25:00,71.5,71.525,71.44,71.44,603.0,TNC
2023-03-02 13:24:00,71.5,71.5,71.5,71.5,102.0,TNC
2023-03-02 13:17:00,71.525,71.525,71.525,71.525,101.0,TNC
2023-03-02 13:12:00,71.51,71.515,71.51,71.515,404.0,TNC
2023-03-02 13:11:00,71.43,71.43,71.43,71.43,203.0,TNC
2023-03-02 13:08:00,71.485,71.485,71.485,71.485,637.0,TNC
2023-03-02 13:05:00,71.41,71.57,71.4,71.57,926.0,TNC
2023-03-02 13:04:00,71.47,71.55,71.47,71.5,1778.0,TNC
2023-03-02 13:03:00,71.655,71.655,71.56,71.65,2313.0,TNC
2023-03-02 13:02:00,71.54,71.54,71.54,71.54,100.0,TNC
2023-03-02 13:01:00,71.45,71.54,71.45,71.54,435.0,TNC
2023-03-02 13:00:00,71.5,71.56,71.4,71.4,5378.0,TNC
2023-03-02 12:58:00,71.375,71.425,71.375,71.395,580.0,TNC
2023-03-02 12:57:00,71.365,71.405,71.365,71.405,574.0,TNC
2023-03-02 12:56:00,71.56,71.56,71.56,71.56,102.0,TNC
2023-03-02 12:48:00,71.445,71.445,71.32,71.4,379.0,TNC
2023-03-02 12:42:00,71.445,71.445,71.445,71.445,150.0,TNC
2023-03-02 12:41:00,71.5,71.5,71.5,71.5,256.0,TNC
2023-03-02 12:40:00,71.49,71.5,71.38,71.45,3702.0,TNC
2023-03-02 12:38:00,71.5,71.53,71.45,71.49,1728.0,TNC
2023-03-02 12:37:00,71.5,71.5,71.5,71.5,215.0,TNC
2023-03-02 12:36:00,71.54,71.63,71.5,71.5,1341.0,TNC
2023-03-02 12:35:00,71.45,71.545,71.45,71.46,2464.0,TNC
2023-03-02 12:34:00,71.725,71.725,71.55,71.55,790.0,TNC
2023-03-02 12:33:00,71.735,71.735,71.55,71.57,725.0,TNC
2023-03-02 12:32:00,71.64,71.64,71.64,71.64,312.0,TNC
2023-03-02 12:29:00,71.59,71.59,71.59,71.59,113.0,TNC
2023-03-02 12:28:00,71.72,71.72,71.72,71.72,102.0,TNC
2023-03-02 12:19:00,71.5,71.53,71.5,71.515,733.0,TNC
2023-03-02 12:18:00,71.57,71.57,71.41,71.41,686.0,TNC
2023-03-02 12:02:00,71.67,71.67,71.67,71.67,164.0,TNC
2023-03-02 11:54:00,71.57,71.57,71.57,71.57,149.0,TNC
2023-03-02 11:53:00,71.61,71.66,71.6,71.66,464.0,TNC
2023-03-02 11:52:00,71.705,71.705,71.705,71.705,100.0,TNC
2023-03-02 11:51:00,71.6,71.62,71.6,71.62,328.0,TNC
2023-03-02 11:48:00,71.65,71.65,71.61,71.61,505.0,TNC
2023-03-02 11:47:00,71.68,71.75,71.53,71.53,829.0,TNC
2023-03-02 11:34:00,71.775,71.775,71.775,71.775,201.0,TNC
2023-03-02 11:30:00,71.775,71.775,71.775,71.775,101.0,TNC
2023-03-02 11:25:00,71.97,71.97,71.85,71.85,721.0,TNC
2023-03-02 11:20:00,72.02,72.02,72.02,72.02,101.0,TNC
2023-03-02 11:18:00,71.985,71.985,71.985,71.985,153.0,TNC
2023-03-02 11:17:00,71.95,72.1,71.83,72.1,1448.0,TNC
2023-03-02 11:02:00,71.86,71.86,71.86,71.86,101.0,TNC
2023-03-02 11:00:00,71.94,71.94,71.94,71.94,101.0,TNC
2023-03-02 10:56:00,72.09,72.09,72.09,72.09,112.0,TNC
2023-03-02 10:53:00,71.89,71.89,71.89,71.89,157.0,TNC
2023-03-02 10:45:00,71.845,71.845,71.845,71.845,118.0,TNC
2023-03-02 10:41:00,71.945,71.945,71.71,71.71,466.0,TNC
2023-03-02 10:37:00,72.17,72.17,72.17,72.17,100.0,TNC
2023-03-02 10:34:00,71.84,71.87,71.84,71.87,799.0,TNC
2023-03-02 10:33:00,71.7,71.7,71.63,71.63,518.0,TNC
2023-03-02 10:30:00,71.58,71.58,71.58,71.58,100.0,TNC
2023-03-02 10:26:00,71.285,71.44,71.285,71.2997,485.0,TNC
2023-03-02 10:23:00,70.96,71.25,70.96,71.135,1142.0,TNC
2023-03-02 10:22:00,71.12,71.125,71.045,71.045,742.0,TNC
2023-03-02 10:04:00,70.94,71.51,70.94,71.51,411.0,TNC
2023-03-02 10:00:00,70.75,70.75,70.75,70.75,104.0,TNC
2023-03-02 09:59:00,70.78,70.935,70.74,70.935,508.0,TNC
2023-03-02 09:57:00,71.05,71.05,70.73,70.73,622.0,TNC
2023-03-02 09:36:00,70.82,70.82,70.82,70.82,148.0,TNC
2023-03-02 09:31:00,70.86,70.86,70.73,70.73,668.0,TNC
2023-03-01 16:02:00,71.2577,71.2577,71.2577,71.2577,3160.0,TNC
2023-03-01 16:01:00,71.2577,71.2577,71.2577,71.2577,1577.0,TNC
2023-03-01 16:00:00,71.1382,71.2876,71.1182,71.2378,5379.0,TNC
2023-03-01 15:59:00,71.1531,71.1531,71.1382,71.1382,345.0,TNC
2023-03-01 15:58:00,71.1182,71.1382,71.1083,71.1382,1306.0,TNC
2023-03-01 15:57:00,71.1133,71.1133,71.1133,71.1133,274.0,TNC
2023-03-01 15:55:00,71.1182,71.1182,71.1182,71.1182,597.0,TNC
2023-03-01 15:52:00,71.1282,71.1282,71.1182,71.1182,428.0,TNC
2023-03-01 15:51:00,71.198,71.198,71.198,71.198,666.0,TNC
2023-03-01 15:50:00,71.2378,71.2577,71.2378,71.2478,907.0,TNC
2023-03-01 15:49:00,71.2179,71.2478,71.2179,71.2478,330.0,TNC
2023-03-01 15:48:00,71.2278,71.2278,71.2278,71.2278,131.0,TNC
2023-03-01 15:47:00,71.2278,71.2278,71.173,71.173,403.0,TNC
2023-03-01 15:44:00,71.0983,71.1083,71.0983,71.1083,634.0,TNC
2023-03-01 15:43:00,71.0086,71.0086,71.0086,71.0086,143.0,TNC
2023-03-01 15:40:00,70.9987,70.9987,70.9987,70.9987,119.0,TNC
2023-03-01 15:38:00,70.9887,70.9887,70.9887,70.9887,315.0,TNC
2023-03-01 15:36:00,71.0086,71.0086,71.0086,71.0086,242.0,TNC
2023-03-01 15:32:00,70.9688,70.9688,70.9688,70.9688,101.0,TNC
2023-03-01 15:30:00,71.0385,71.0385,71.0385,71.0385,681.0,TNC
2023-03-01 15:28:00,71.0286,71.0286,71.0286,71.0286,165.0,TNC
2023-03-01 15:27:00,71.0186,71.0186,71.0186,71.0186,202.0,TNC
2023-03-01 15:26:00,71.0385,71.0385,71.0385,71.0385,204.0,TNC
2023-03-01 15:24:00,71.0834,71.1182,71.0834,71.1182,500.0,TNC
2023-03-01 15:23:00,71.1182,71.1182,71.0585,71.0585,936.0,TNC
2023-03-01 15:22:00,71.193,71.193,71.1382,71.1382,200.0,TNC
2023-03-01 15:21:00,71.178,71.2278,71.178,71.198,638.0,TNC
2023-03-01 15:19:00,71.0884,71.0884,71.0884,71.0884,221.0,TNC
2023-03-01 15:15:00,71.1182,71.1182,71.1182,71.1182,206.0,TNC
2023-03-01 15:12:00,71.2079,71.2079,71.2079,71.2079,104.0,TNC
2023-03-01 15:11:00,71.1481,71.2777,71.1481,71.2777,1070.0,TNC
2023-03-01 15:10:00,71.0585,71.1481,71.0585,71.0684,1161.0,TNC
2023-03-01 15:08:00,70.9987,70.9987,70.9987,70.9987,124.0,TNC
2023-03-01 15:04:00,71.0385,71.0485,70.9887,71.0485,717.0,TNC
2023-03-01 15:03:00,70.9987,71.0485,70.9987,71.0286,1253.0,TNC
2023-03-01 15:02:00,71.0784,71.0784,71.0585,71.0585,449.0,TNC
2023-03-01 15:00:00,71.2378,71.2876,71.1481,71.2278,2382.0,TNC
2023-03-01 14:56:00,71.2079,71.2079,71.2079,71.2079,102.0,TNC
2023-03-01 14:54:00,71.198,71.198,71.198,71.198,112.0,TNC
2023-03-01 14:53:00,71.198,71.198,71.198,71.198,107.0,TNC
2023-03-01 14:51:00,71.2029,71.2029,71.2029,71.2029,101.0,TNC
2023-03-01 14:49:00,71.1182,71.3275,71.0983,71.2378,2286.0,TNC
2023-03-01 14:48:00,71.1581,71.198,70.9588,70.9588,1129.0,TNC
2023-03-01 14:45:00,71.2428,71.2428,71.2428,71.2428,425.0,TNC
2023-03-01 14:44:00,71.188,71.2179,71.188,71.2079,886.0,TNC
2023-03-01 14:40:00,71.1182,71.198,71.1182,71.198,529.0,TNC
2023-03-01 14:39:00,71.1182,71.1182,71.1182,71.1182,100.0,TNC
2023-03-01 14:36:00,71.1182,71.188,71.1182,71.188,310.0,TNC
2023-03-01 14:34:00,71.1232,71.1232,71.1232,71.1232,105.0,TNC
2023-03-01 14:31:00,70.9987,70.9987,70.9987,70.9987,583.0,TNC
2023-03-01 14:30:00,70.9987,70.9987,70.9987,70.9987,350.0,TNC
2023-03-01 14:28:00,70.9638,70.9638,70.9638,70.9638,165.0,TNC
2023-03-01 14:25:00,71.0186,71.0186,71.0186,71.0186,194.0,TNC
2023-03-01 14:23:00,70.9837,70.9837,70.9837,70.9837,207.0,TNC
2023-03-01 14:22:00,70.9489,70.9489,70.9489,70.9489,101.0,TNC
2023-03-01 14:21:00,70.9489,70.9489,70.9489,70.9489,202.0,TNC
2023-03-01 14:20:00,70.8592,70.8592,70.8592,70.8592,254.0,TNC
2023-03-01 14:18:00,70.9289,70.9289,70.9289,70.9289,222.0,TNC
2023-03-01 14:17:00,70.8592,70.9389,70.8592,70.9389,1804.0,TNC
2023-03-01 14:15:00,70.8991,70.8991,70.8343,70.8343,510.0,TNC
2023-03-01 14:13:00,70.7496,70.7496,70.7496,70.7496,109.0,TNC
2023-03-01 14:11:00,70.8044,70.909,70.8044,70.8991,868.0,TNC
2023-03-01 14:10:00,70.7097,70.7097,70.7097,70.7097,102.0,TNC
2023-03-01 14:09:00,70.7795,70.7795,70.7197,70.7197,258.0,TNC
2023-03-01 14:07:00,70.8328,70.8328,70.8328,70.8328,150.0,TNC
2023-03-01 14:06:00,70.6898,70.7795,70.6898,70.7396,2281.0,TNC
2023-03-01 14:00:00,71.0684,71.0983,71.0684,71.0884,822.0,TNC
2023-03-01 13:57:00,71.1182,71.1182,71.1182,71.1182,150.0,TNC
2023-03-01 13:54:00,71.1382,71.1382,71.1382,71.1382,149.0,TNC
2023-03-01 13:53:00,71.2179,71.2378,71.2179,71.2378,856.0,TNC
2023-03-01 13:52:00,71.2677,71.2777,71.2378,71.2577,1005.0,TNC
2023-03-01 13:50:00,71.2428,71.2428,71.0585,71.0585,2608.0,TNC
2023-03-01 13:47:00,71.1382,71.2403,71.1382,71.2403,310.0,TNC
2023-03-01 13:45:00,71.0186,71.0186,71.0186,71.0186,354.0,TNC
2023-03-01 13:40:00,71.1382,71.1382,71.1382,71.1382,200.0,TNC
2023-03-01 13:39:00,71.0385,71.0385,71.0385,71.0385,163.0,TNC
2023-03-01 13:36:00,71.0585,71.0585,71.0585,71.0585,201.0,TNC
2023-03-01 13:35:00,71.0385,71.0585,71.0086,71.0435,1087.0,TNC
2023-03-01 13:33:00,70.9389,70.9389,70.9389,70.9389,219.0,TNC
2023-03-01 13:32:00,70.9588,70.9588,70.9588,70.9588,513.0,TNC
2023-03-01 13:31:00,70.9937,70.9937,70.9937,70.9937,519.0,TNC
2023-03-01 13:27:00,71.178,71.178,71.1033,71.1282,1001.0,TNC
2023-03-01 13:25:00,71.188,71.188,71.188,71.188,845.0,TNC
2023-03-01 13:22:00,71.188,71.188,71.1631,71.1631,302.0,TNC
2023-03-01 13:20:00,71.2179,71.2278,71.2179,71.2278,549.0,TNC
2023-03-01 13:17:00,71.1083,71.188,71.1083,71.188,848.0,TNC
2023-03-01 13:15:00,71.188,71.188,71.188,71.188,101.0,TNC
2023-03-01 13:07:00,71.2378,71.2378,71.2229,71.2378,650.0,TNC
2023-03-01 13:06:00,71.2278,71.2378,71.2229,71.2229,1918.0,TNC
2023-03-01 12:58:00,71.2079,71.2079,71.2079,71.2079,101.0,TNC
2023-03-01 12:50:00,71.1116,71.1116,71.1116,71.1116,130.0,TNC
2023-03-01 12:39:00,71.1382,71.1382,71.1232,71.1232,260.0,TNC
2023-03-01 12:37:00,71.1382,71.1382,71.1382,71.1382,451.0,TNC
2023-03-01 12:35:00,71.1382,71.1382,71.1382,71.1382,897.0,TNC
2023-03-01 12:31:00,71.173,71.173,71.173,71.173,312.0,TNC
2023-03-01 12:30:00,71.1282,71.2079,71.0684,71.2079,2313.0,TNC
2023-03-01 12:29:00,71.0884,71.188,71.0884,71.188,1000.0,TNC
2023-03-01 12:24:00,71.2179,71.2179,71.2179,71.2179,113.0,TNC
2023-03-01 12:23:00,71.3773,71.3773,71.2179,71.3773,1115.0,TNC
2023-03-01 12:22:00,71.2179,71.3374,71.2179,71.3374,995.0,TNC
2023-03-01 12:21:00,71.5184,71.5184,71.2229,71.3673,1382.0,TNC
2023-03-01 12:13:00,71.4072,71.4072,71.4072,71.4072,105.0,TNC
2023-03-01 12:08:00,71.2478,71.2478,71.2478,71.2478,223.0,TNC
2023-03-01 12:06:00,71.2378,71.2378,71.2378,71.2378,108.0,TNC
2023-03-01 12:05:00,71.0784,71.0983,71.0784,71.0983,565.0,TNC
2023-03-01 11:56:00,70.9389,70.9389,70.9389,70.9389,165.0,TNC
2023-03-01 11:55:00,70.9389,70.9389,70.9389,70.9389,107.0,TNC
2023-03-01 11:54:00,70.9987,70.9987,70.9588,70.9588,208.0,TNC
2023-03-01 11:52:00,71.0186,71.0186,71.0186,71.0186,307.0,TNC
2023-03-01 11:51:00,70.9987,70.9987,70.9987,70.9987,101.0,TNC
2023-03-01 11:50:00,71.0286,71.0286,70.9987,70.9987,208.0,TNC
2023-03-01 11:37:00,70.8791,70.9289,70.8791,70.9289,695.0,TNC
2023-03-01 11:27:00,70.7097,70.7097,70.6898,70.6898,620.0,TNC
2023-03-01 11:20:00,70.64,70.64,70.64,70.64,109.0,TNC
2023-03-01 11:09:00,70.9987,70.9987,70.8094,70.8094,1003.0,TNC
2023-03-01 11:00:00,70.9887,71.198,70.9887,71.198,633.0,TNC
2023-03-01 10:56:00,70.8094,70.8094,70.8094,70.8094,150.0,TNC
2023-03-01 10:37:00,70.7795,70.7795,70.7795,70.7795,231.0,TNC
2023-03-01 10:33:00,70.64,70.64,70.5404,70.5404,466.0,TNC
2023-03-01 10:23:00,71.0485,71.0485,71.0485,71.0485,113.0,TNC
2023-03-01 10:22:00,70.8891,70.8891,70.7097,70.8443,1156.0,TNC
2023-03-01 10:06:00,71.5367,71.5367,71.5367,71.5367,159.0,TNC
2023-03-01 09:53:00,71.0983,71.3773,71.0983,71.3773,745.0,TNC
2023-03-01 09:31:00,70.5404,70.5404,70.1319,70.1319,1128.0,TNC
2023-02-28 16:04:00,70.5603,70.5603,70.5603,70.5603,3609.0,TNC
2023-02-28 16:03:00,70.5603,70.5603,70.5603,70.5603,1719.0,TNC
2023-02-28 16:02:00,70.5603,70.5603,70.5603,70.5603,170.0,TNC
2023-02-28 16:00:00,70.65,70.6599,70.5603,70.6201,3660.0,TNC
2023-02-28 15:59:00,70.6898,70.6898,70.6898,70.6898,189.0,TNC
2023-02-28 15:58:00,70.64,70.64,70.64,70.64,544.0,TNC
2023-02-28 15:56:00,70.6898,70.7396,70.6599,70.6649,1852.0,TNC
2023-02-28 15:55:00,70.5952,70.6151,70.5404,70.6151,1911.0,TNC
2023-02-28 15:52:00,70.63,70.63,70.5852,70.5852,352.0,TNC
2023-02-28 15:51:00,70.5703,70.5703,70.5703,70.5703,225.0,TNC
2023-02-28 15:50:00,70.5304,70.5304,70.5304,70.5304,654.0,TNC
2023-02-28 15:49:00,70.63,70.63,70.63,70.63,428.0,TNC
2023-02-28 15:48:00,70.4806,70.6201,70.4806,70.6201,552.0,TNC
2023-02-28 15:44:00,70.5105,70.5204,70.5105,70.5204,652.0,TNC
2023-02-28 15:41:00,70.4258,70.4258,70.4258,70.4258,203.0,TNC
2023-02-28 15:39:00,70.4607,70.4607,70.4607,70.4607,633.0,TNC
2023-02-28 15:37:00,70.5204,70.5204,70.5105,70.5105,1559.0,TNC
2023-02-28 15:25:00,70.6201,70.6201,70.6201,70.6201,158.0,TNC
2023-02-28 15:23:00,70.5802,70.5802,70.5802,70.5802,340.0,TNC
2023-02-28 15:21:00,70.6986,70.6986,70.6986,70.6986,320.0,TNC
2023-02-28 15:19:00,70.5902,70.5902,70.5404,70.5404,457.0,TNC
2023-02-28 15:18:00,70.7197,70.7197,70.7197,70.7197,181.0,TNC
2023-02-28 15:13:00,70.65,70.65,70.65,70.65,236.0,TNC
2023-02-28 15:12:00,70.7396,70.8094,70.7297,70.7297,1044.0,TNC
2023-02-28 15:01:00,70.7147,70.7147,70.7147,70.7147,160.0,TNC
2023-02-28 15:00:00,70.65,70.65,70.63,70.63,1398.0,TNC
2023-02-28 14:48:00,70.7396,70.7396,70.7396,70.7396,315.0,TNC
2023-02-28 14:31:00,70.6002,70.6002,70.6002,70.6002,426.0,TNC
2023-02-28 14:18:00,70.4856,70.4856,70.4856,70.4856,111.0,TNC
2023-02-28 14:17:00,70.5603,70.5603,70.5603,70.5603,443.0,TNC
2023-02-28 14:13:00,70.5304,70.5304,70.5304,70.5304,171.0,TNC
2023-02-28 14:12:00,70.7596,70.7596,70.7197,70.7197,678.0,TNC
2023-02-28 14:09:00,70.8193,70.8193,70.7895,70.7895,400.0,TNC
2023-02-28 14:06:00,70.9389,70.9389,70.9389,70.9389,116.0,TNC
2023-02-28 14:01:00,70.9788,70.9788,70.9788,70.9788,107.0,TNC
2023-02-28 13:59:00,70.9489,70.9588,70.9489,70.9588,418.0,TNC
2023-02-28 13:55:00,70.8791,70.9588,70.8791,70.9588,1112.0,TNC
2023-02-28 13:54:00,70.8692,70.8692,70.8692,70.8692,137.0,TNC
2023-02-28 13:53:00,70.8841,70.8841,70.8841,70.8841,110.0,TNC
2023-02-28 13:49:00,70.8692,70.8692,70.8692,70.8692,313.0,TNC
2023-02-28 13:35:00,70.8891,70.8891,70.8891,70.8891,102.0,TNC
2023-02-28 13:26:00,70.8094,70.8094,70.8094,70.8094,411.0,TNC
2023-02-28 13:20:00,70.7097,70.7097,70.6998,70.6998,716.0,TNC
2023-02-28 13:14:00,70.7895,70.8991,70.7895,70.8991,250.0,TNC
2023-02-28 12:53:00,70.7396,70.7496,70.7396,70.7496,654.0,TNC
2023-02-28 12:52:00,70.64,70.6898,70.64,70.6898,260.0,TNC
2023-02-28 12:41:00,70.6998,70.6998,70.6998,70.6998,113.0,TNC
2023-02-28 12:30:00,70.6998,70.6998,70.5603,70.5603,200.0,TNC
2023-02-28 12:08:00,70.2315,70.2315,70.2315,70.2315,316.0,TNC
2023-02-28 11:55:00,69.9824,69.9824,69.9824,69.9824,126.0,TNC
2023-02-28 11:53:00,70.1038,70.1038,70.1038,70.1038,110.0,TNC
2023-02-28 11:45:00,70.1219,70.1219,70.1219,70.1219,554.0,TNC
2023-02-28 11:39:00,70.2415,70.2415,70.2415,70.2415,130.0,TNC
2023-02-28 11:36:00,70.2218,70.2218,70.2218,70.2218,200.0,TNC
2023-02-28 11:35:00,70.2261,70.2261,70.2261,70.2261,200.0,TNC
2023-02-28 11:23:00,70.2913,70.3112,70.2714,70.3112,1180.0,TNC
2023-02-28 11:22:00,70.7596,70.7596,70.4806,70.4806,2076.0,TNC
2023-02-28 11:11:00,70.924,70.924,70.924,70.924,101.0,TNC
2023-02-28 11:07:00,70.9389,70.9788,70.8443,70.8443,1181.0,TNC
2023-02-28 11:02:00,70.8791,70.8791,70.8791,70.8791,300.0,TNC
2023-02-28 10:59:00,70.7396,70.7396,70.7396,70.7396,741.0,TNC
2023-02-28 10:54:00,70.64,70.6599,70.64,70.6599,409.0,TNC
2023-02-28 10:51:00,70.5503,70.5503,70.5503,70.5503,102.0,TNC
2023-02-28 10:40:00,70.8492,70.8492,70.8094,70.8094,1120.0,TNC
2023-02-28 10:33:00,71.0684,71.0684,71.0684,71.0684,154.0,TNC
2023-02-28 10:32:00,71.2876,71.2876,71.2777,71.2777,614.0,TNC
2023-02-28 10:30:00,71.5965,71.5965,71.3075,71.3075,1565.0,TNC
2023-02-28 10:28:00,71.736,71.736,71.736,71.736,131.0,TNC
2023-02-28 10:26:00,71.7559,71.7559,71.7559,71.7559,345.0,TNC
2023-02-28 10:25:00,71.7559,71.7559,71.7559,71.7559,330.0,TNC
2023-02-28 10:17:00,71.7559,71.7559,71.7559,71.7559,104.0,TNC
2023-02-28 10:13:00,71.7659,71.7659,71.7659,71.7659,101.0,TNC
2023-02-28 10:11:00,71.9651,71.9651,71.9651,71.9651,101.0,TNC
2023-02-28 10:10:00,71.7509,71.7509,71.7509,71.7509,162.0,TNC
2023-02-28 10:03:00,71.731,71.731,71.731,71.731,100.0,TNC
2023-02-28 10:01:00,71.6164,71.8954,71.6164,71.8854,1181.0,TNC
2023-02-28 10:00:00,71.9352,71.9352,71.7061,71.716,844.0,TNC
2023-02-28 09:57:00,72.0747,72.0747,72.0747,72.0747,152.0,TNC
2023-02-28 09:56:00,71.9053,72.4334,71.8755,72.4334,407.0,TNC
2023-02-28 09:55:00,71.4969,72.3437,71.4969,72.3437,3411.0,TNC
2023-02-28 09:34:00,72.2541,72.2541,72.2541,72.2541,309.0,TNC
2023-02-28 09:31:00,71.5766,71.5766,71.3474,71.3474,3046.0,TNC
2023-02-27 16:02:00,72.6127,72.6127,72.6127,72.6127,457.0,TNC
2023-02-27 16:01:00,72.6127,72.6127,72.6127,72.6127,676.0,TNC
2023-02-27 16:00:00,72.8768,72.8768,72.6028,72.6127,9973.0,TNC
2023-02-27 15:59:00,72.8718,72.8818,72.8718,72.8818,938.0,TNC
2023-02-27 15:58:00,72.8818,72.8818,72.7622,72.8768,1480.0,TNC
2023-02-27 15:57:00,73.0362,73.1308,72.7522,72.8917,3145.0,TNC
2023-02-27 15:55:00,72.9316,73.0212,72.9067,73.0013,1615.0,TNC
2023-02-27 15:54:00,72.9017,72.9017,72.9017,72.9017,407.0,TNC
2023-02-27 15:53:00,72.7921,72.7921,72.7921,72.7921,567.0,TNC
2023-02-27 15:51:00,72.9764,73.0323,72.9266,72.9266,435.0,TNC
2023-02-27 15:49:00,73.0113,73.0412,73.0113,73.0412,643.0,TNC
2023-02-27 15:48:00,73.1607,73.1607,73.086,73.086,890.0,TNC
2023-02-27 15:47:00,73.2155,73.2155,73.2155,73.2155,248.0,TNC
2023-02-27 15:46:00,73.2554,73.2554,73.2554,73.2554,339.0,TNC
2023-02-27 15:45:00,73.2504,73.2504,73.2504,73.2504,276.0,TNC
2023-02-27 15:44:00,73.2803,73.2803,73.1408,73.2504,975.0,TNC
2023-02-27 15:43:00,73.1508,73.2404,73.1508,73.2404,1120.0,TNC
2023-02-27 15:41:00,73.2172,73.2172,73.1458,73.1458,326.0,TNC
2023-02-27 15:40:00,73.1358,73.1358,73.1358,73.1358,164.0,TNC
2023-02-27 15:39:00,73.1358,73.1358,73.1358,73.1358,290.0,TNC
2023-02-27 15:38:00,73.2105,73.2105,73.1358,73.1358,247.0,TNC
2023-02-27 15:37:00,73.1607,73.3998,73.1607,73.2155,1109.0,TNC
2023-02-27 15:33:00,73.0461,73.0461,73.0461,73.0461,110.0,TNC
2023-02-27 15:31:00,73.1607,73.1607,73.1508,73.1508,506.0,TNC
2023-02-27 15:30:00,72.8618,73.081,72.8618,73.0113,3355.0,TNC
2023-02-27 15:29:00,72.7722,72.8718,72.7622,72.8718,414.0,TNC
2023-02-27 15:28:00,72.8818,72.8818,72.8818,72.8818,124.0,TNC
2023-02-27 15:27:00,72.8818,72.8818,72.8818,72.8818,296.0,TNC
2023-02-27 15:20:00,72.9067,72.9067,72.9067,72.9067,112.0,TNC
2023-02-27 15:17:00,72.9814,72.9814,72.9814,72.9814,293.0,TNC
2023-02-27 15:16:00,73.1807,73.1807,72.9914,72.9914,1233.0,TNC
2023-02-27 15:15:00,73.2205,73.2205,73.2205,73.2205,122.0,TNC
2023-02-27 15:12:00,73.2155,73.2155,73.2155,73.2155,157.0,TNC
2023-02-27 15:11:00,73.1408,73.2803,73.1408,73.1408,886.0,TNC
2023-02-27 15:10:00,73.1033,73.1033,73.1033,73.1033,242.0,TNC
2023-02-27 15:08:00,73.1408,73.1408,73.1408,73.1408,118.0,TNC
2023-02-27 15:04:00,72.9116,72.9116,72.9116,72.9116,233.0,TNC
2023-02-27 15:02:00,72.8917,72.8917,72.8519,72.8818,603.0,TNC
2023-02-27 15:01:00,72.6028,72.6028,72.6028,72.6028,100.0,TNC
2023-02-27 15:00:00,72.7821,72.802,72.7622,72.802,1023.0,TNC
2023-02-27 14:59:00,72.8319,72.8818,72.6974,72.8818,3551.0,TNC
2023-02-27 14:58:00,72.5829,72.9316,72.5829,72.7423,921.0,TNC
2023-02-27 14:57:00,72.9814,72.9814,72.7323,72.8618,2731.0,TNC
2023-02-27 14:56:00,72.8319,72.8319,72.812,72.812,830.0,TNC
2023-02-27 14:55:00,73.081,73.091,72.9415,72.9415,3429.0,TNC
2023-02-27 14:54:00,72.9515,72.9714,72.9515,72.9714,614.0,TNC
2023-02-27 14:53:00,72.9017,72.9017,72.9017,72.9017,152.0,TNC
2023-02-27 14:51:00,72.9116,72.9116,72.6825,72.7821,3029.0,TNC
2023-02-27 14:49:00,73.076,73.076,73.0611,73.0611,651.0,TNC
2023-02-27 14:48:00,72.9216,72.9714,72.9216,72.9714,702.0,TNC
2023-02-27 14:46:00,72.6626,72.7821,72.6327,72.7821,1245.0,TNC
2023-02-27 14:45:00,72.8917,72.8917,72.6925,72.6925,861.0,TNC
2023-02-27 14:43:00,73.1308,73.1308,72.9216,72.9615,3153.0,TNC
2023-02-27 14:42:00,73.1707,73.1707,73.0561,73.0561,519.0,TNC
2023-02-27 14:41:00,73.2703,73.2703,73.1707,73.1707,1468.0,TNC
2023-02-27 14:40:00,73.2105,73.2753,73.1308,73.2753,671.0,TNC
2023-02-27 14:39:00,73.1408,73.3201,73.0312,73.096,5388.0,TNC
2023-02-27 14:37:00,73.2504,73.2554,73.2504,73.2554,310.0,TNC
2023-02-27 14:36:00,73.1807,73.2205,73.1807,73.2105,1320.0,TNC
2023-02-27 14:35:00,72.9415,72.9415,72.9415,72.9415,101.0,TNC
2023-02-27 14:30:00,73.0611,73.0611,73.0611,73.0611,130.0,TNC
2023-02-27 14:25:00,73.1009,73.1209,73.1009,73.1209,637.0,TNC
2023-02-27 14:23:00,73.1508,73.1757,73.1508,73.1757,826.0,TNC
2023-02-27 14:16:00,73.2803,73.2853,73.2205,73.2803,1407.0,TNC
2023-02-27 14:10:00,73.37,73.37,73.37,73.37,101.0,TNC
2023-02-27 14:08:00,73.37,73.37,73.37,73.37,519.0,TNC
2023-02-27 14:05:00,73.6788,73.6788,73.5194,73.5194,250.0,TNC
2023-02-27 14:04:00,73.4297,73.6489,73.4297,73.5294,2404.0,TNC
2023-02-27 14:03:00,73.4696,73.5344,73.36,73.4297,1717.0,TNC
2023-02-27 14:02:00,73.1807,73.1807,73.1807,73.1807,245.0,TNC
2023-02-27 14:01:00,73.2554,73.2554,73.2554,73.2554,311.0,TNC
2023-02-27 14:00:00,73.3102,73.3102,73.3102,73.3102,135.0,TNC
2023-02-27 13:53:00,73.2504,73.2903,73.1707,73.1707,1298.0,TNC
2023-02-27 13:52:00,73.3002,73.3102,73.3002,73.3102,337.0,TNC
2023-02-27 13:48:00,73.4297,73.4297,73.3102,73.3102,271.0,TNC
2023-02-27 13:42:00,73.2504,73.4297,73.2404,73.4297,2341.0,TNC
2023-02-27 13:38:00,73.1358,73.1358,73.1358,73.1358,344.0,TNC
2023-02-27 13:35:00,73.1807,73.1807,73.1807,73.1807,226.0,TNC
2023-02-27 13:33:00,73.1807,73.2056,73.1807,73.2056,310.0,TNC
2023-02-27 13:29:00,73.2903,73.2903,73.2803,73.2803,518.0,TNC
2023-02-27 13:28:00,73.2853,73.2853,73.2853,73.2853,190.0,TNC
2023-02-27 13:20:00,73.5991,73.629,73.4995,73.4995,370.0,TNC
2023-02-27 13:16:00,73.6091,73.6888,73.5692,73.6888,982.0,TNC
2023-02-27 13:15:00,73.5692,73.5692,73.5692,73.5692,100.0,TNC
2023-02-27 13:14:00,73.629,73.8283,73.629,73.8283,483.0,TNC
2023-02-27 13:12:00,73.4895,73.629,73.4895,73.6091,1213.0,TNC
2023-02-27 13:09:00,73.3899,73.5593,73.3899,73.3899,1400.0,TNC
2023-02-27 13:08:00,73.36,73.4297,73.3301,73.3351,2040.0,TNC
2023-02-27 13:07:00,73.2504,73.2504,73.2504,73.2504,140.0,TNC
2023-02-27 13:02:00,73.3301,73.4497,73.3301,73.4497,520.0,TNC
2023-02-27 12:59:00,73.2105,73.3301,73.2105,73.3301,1218.0,TNC
2023-02-27 12:50:00,73.3102,73.35,73.3102,73.3301,757.0,TNC
2023-02-27 12:49:00,73.2205,73.37,73.2205,73.2404,2273.0,TNC
2023-02-27 12:48:00,73.2205,73.3998,73.2205,73.3998,311.0,TNC
2023-02-27 12:42:00,73.3799,73.3998,73.3799,73.3998,261.0,TNC
2023-02-27 12:39:00,73.2952,73.2952,73.2952,73.2952,159.0,TNC
2023-02-27 12:32:00,73.2853,73.2853,73.2853,73.2853,100.0,TNC
2023-02-27 12:29:00,73.2703,73.2703,73.2703,73.2703,103.0,TNC
2023-02-27 12:23:00,73.37,73.4796,73.37,73.4796,902.0,TNC
2023-02-27 12:22:00,73.4895,73.4995,73.4895,73.4995,201.0,TNC
2023-02-27 12:18:00,73.4895,73.4895,73.4198,73.4198,223.0,TNC
2023-02-27 12:14:00,73.2903,73.2903,73.2903,73.2903,114.0,TNC
2023-02-27 12:10:00,73.4895,73.4895,73.4895,73.4895,286.0,TNC
2023-02-27 12:09:00,73.634,73.6589,73.629,73.6589,741.0,TNC
2023-02-27 12:05:00,73.908,73.908,73.908,73.908,141.0,TNC
2023-02-27 12:00:00,73.8781,73.8781,73.8781,73.8781,157.0,TNC
2023-02-27 11:58:00,73.908,73.908,73.908,73.908,223.0,TNC
2023-02-27 11:57:00,73.6589,73.8183,73.6589,73.8183,1379.0,TNC
2023-02-27 11:56:00,73.629,73.639,73.5479,73.639,555.0,TNC
2023-02-27 11:55:00,73.5892,73.5892,73.5892,73.5892,972.0,TNC
2023-02-27 11:53:00,73.6489,73.7087,73.6489,73.7087,308.0,TNC
2023-02-27 11:50:00,73.4556,73.4556,73.4556,73.4556,563.0,TNC
2023-02-27 11:49:00,73.5692,73.5692,73.5692,73.5692,100.0,TNC
2023-02-27 11:47:00,73.5094,73.5094,73.5094,73.5094,161.0,TNC
2023-02-27 11:45:00,73.4696,73.4696,73.4696,73.4696,100.0,TNC
2023-02-27 11:44:00,73.4895,73.5991,73.4895,73.5991,215.0,TNC
2023-02-27 11:43:00,73.4397,73.5991,73.4397,73.5991,1956.0,TNC
2023-02-27 11:37:00,73.3201,73.3201,73.3201,73.3201,150.0,TNC
2023-02-27 11:36:00,73.3201,73.3201,73.3201,73.3201,105.0,TNC
2023-02-27 11:35:00,73.3152,73.4497,73.1408,73.3152,2008.0,TNC
2023-02-27 11:33:00,73.3152,73.3152,73.3152,73.3152,100.0,TNC
2023-02-27 11:32:00,73.35,73.4397,73.3201,73.3201,1038.0,TNC
2023-02-27 11:23:00,73.4895,73.4895,73.4895,73.4895,141.0,TNC
2023-02-27 11:18:00,73.37,73.37,73.37,73.37,200.0,TNC
2023-02-27 11:13:00,73.37,73.37,73.37,73.37,301.0,TNC
2023-02-27 11:12:00,73.4596,73.4596,73.4497,73.4497,611.0,TNC
2023-02-27 11:09:00,73.629,73.629,73.629,73.629,143.0,TNC
2023-02-27 11:06:00,73.6888,73.6888,73.6788,73.6788,691.0,TNC
2023-02-27 11:05:00,73.5493,73.7685,73.5493,73.7486,1120.0,TNC
2023-02-27 11:03:00,73.4895,73.4895,73.4895,73.4895,188.0,TNC
2023-02-27 11:02:00,73.4696,73.4895,73.35,73.35,650.0,TNC
2023-02-27 11:01:00,73.0511,73.3102,72.9714,73.1109,3103.0,TNC
2023-02-27 11:00:00,72.9415,72.9415,72.9415,72.9415,200.0,TNC
2023-02-27 10:59:00,72.9266,73.0412,72.9266,73.0412,315.0,TNC
2023-02-27 10:56:00,72.9515,72.9515,72.9515,72.9515,101.0,TNC
2023-02-27 10:55:00,72.9814,73.1109,72.9515,72.9565,866.0,TNC
2023-02-27 10:51:00,72.9714,73.1109,72.9714,73.0412,970.0,TNC
2023-02-27 10:50:00,73.1059,73.1657,72.9814,73.1109,702.0,TNC
2023-02-27 10:49:00,73.1707,73.2305,73.1707,73.2305,203.0,TNC
2023-02-27 10:48:00,73.0611,73.2504,73.0511,73.0511,343.0,TNC
2023-02-27 10:47:00,73.0661,73.0661,73.0661,73.0661,201.0,TNC
2023-02-27 10:46:00,73.0611,73.0611,73.0611,73.0611,201.0,TNC
2023-02-27 10:45:00,73.2703,73.2703,73.2703,73.2703,101.0,TNC
2023-02-27 10:44:00,73.0412,73.081,72.6825,72.7622,1353.0,TNC
2023-02-27 10:43:00,72.3288,72.9914,72.3288,72.9914,3109.0,TNC
2023-02-27 10:40:00,72.3736,72.3936,72.2341,72.3936,676.0,TNC
2023-02-27 10:36:00,72.4932,72.4932,72.4932,72.4932,220.0,TNC
2023-02-27 10:34:00,72.264,72.5629,72.2441,72.5629,600.0,TNC
2023-02-27 10:28:00,72.553,72.7223,72.5031,72.7223,1287.0,TNC
2023-02-27 10:24:00,72.6925,72.6925,72.533,72.533,613.0,TNC
2023-02-27 10:23:00,72.802,72.802,72.802,72.802,100.0,TNC
2023-02-27 10:16:00,72.7124,72.7124,72.7124,72.7124,144.0,TNC
2023-02-27 10:10:00,72.9615,72.9615,72.9116,72.9116,899.0,TNC
2023-02-27 10:01:00,73.1259,73.1259,73.1259,73.1259,239.0,TNC
2023-02-27 09:59:00,73.1159,73.1159,73.1159,73.1159,101.0,TNC
2023-02-27 09:58:00,73.0611,73.1408,73.0611,73.1408,1195.0,TNC
2023-02-27 09:55:00,72.9914,73.1458,72.9515,73.1458,791.0,TNC
2023-02-27 09:54:00,73.3002,73.3002,73.3002,73.3002,203.0,TNC
2023-02-27 09:53:00,73.1408,73.1408,73.0113,73.1408,1177.0,TNC
2023-02-27 09:52:00,72.7124,73.1209,72.7024,73.1209,2194.0,TNC
2023-02-27 09:51:00,72.6825,72.6825,72.6825,72.6825,124.0,TNC
2023-02-27 09:50:00,72.4882,72.4882,72.4882,72.4882,101.0,TNC
2023-02-27 09:48:00,72.4882,72.4882,72.4882,72.4882,210.0,TNC
2023-02-27 09:47:00,72.2917,72.2917,72.2917,72.2917,281.0,TNC
2023-02-27 09:46:00,72.6925,72.6925,72.6925,72.6925,105.0,TNC
2023-02-27 09:43:00,72.3437,72.6327,72.3437,72.6327,272.0,TNC
2023-02-27 09:31:00,72.1843,72.1843,72.1843,72.1843,602.0,TNC
2023-02-24 16:03:00,71.5367,71.5367,71.5367,71.5367,1522.0,TNC
2023-02-24 16:01:00,71.5367,71.5367,71.5367,71.5367,701.0,TNC
2023-02-24 16:00:00,71.3075,71.5267,71.2976,71.5267,3287.0,TNC
2023-02-24 15:59:00,71.5267,71.6264,71.5168,71.5168,3795.0,TNC
2023-02-24 15:58:00,71.5467,71.6164,71.5467,71.6164,1295.0,TNC
2023-02-24 15:57:00,71.5467,71.5566,71.457,71.457,541.0,TNC
2023-02-24 15:56:00,71.5267,71.5267,71.5267,71.5267,277.0,TNC
2023-02-24 15:55:00,71.4869,71.4969,71.4869,71.4969,506.0,TNC
2023-02-24 15:53:00,71.4371,71.4371,71.2378,71.2378,553.0,TNC
2023-02-24 15:52:00,71.1481,71.2577,71.1282,71.2577,1196.0,TNC
2023-02-24 15:51:00,71.1382,71.2777,71.1382,71.2428,636.0,TNC
2023-02-24 15:50:00,71.0086,71.0983,70.9688,71.0983,1107.0,TNC
2023-02-24 15:49:00,70.909,70.9588,70.909,70.9588,271.0,TNC
2023-02-24 15:47:00,70.9489,70.9489,70.9389,70.9389,719.0,TNC
2023-02-24 15:45:00,71.0086,71.0086,71.0086,71.0086,161.0,TNC
2023-02-24 15:44:00,70.9588,70.9688,70.9588,70.9688,494.0,TNC
2023-02-24 15:43:00,70.8393,70.909,70.8393,70.909,378.0,TNC
2023-02-24 15:38:00,70.8791,70.8791,70.8293,70.8293,1217.0,TNC
2023-02-24 15:37:00,70.7097,70.8791,70.7097,70.8243,1509.0,TNC
2023-02-24 15:33:00,70.7596,70.7596,70.7596,70.7596,140.0,TNC
2023-02-24 15:32:00,70.7197,70.7197,70.7197,70.7197,315.0,TNC
2023-02-24 15:31:00,70.7396,70.7396,70.7297,70.7297,305.0,TNC
2023-02-24 15:30:00,70.7596,70.7596,70.7596,70.7596,395.0,TNC
2023-02-24 15:28:00,70.7695,70.7695,70.7695,70.7695,504.0,TNC
2023-02-24 15:27:00,70.8243,70.8243,70.8243,70.8243,188.0,TNC
2023-02-24 15:26:00,70.7396,70.7396,70.7396,70.7396,110.0,TNC
2023-02-24 15:24:00,70.7396,70.7396,70.7396,70.7396,105.0,TNC
2023-02-24 15:21:00,70.8492,70.8492,70.7396,70.7396,646.0,TNC
2023-02-24 15:16:00,70.6898,70.7396,70.6799,70.7297,684.0,TNC
2023-02-24 15:13:00,70.7496,70.7496,70.7197,70.7197,651.0,TNC
2023-02-24 15:11:00,70.8791,70.924,70.8791,70.924,632.0,TNC
2023-02-24 15:10:00,70.8592,70.8592,70.8592,70.8592,125.0,TNC
2023-02-24 15:08:00,70.6799,70.7396,70.6799,70.7396,891.0,TNC
2023-02-24 15:07:00,70.5802,70.5802,70.5802,70.5802,328.0,TNC
2023-02-24 15:06:00,70.4407,70.4407,70.4407,70.4407,322.0,TNC
2023-02-24 15:05:00,70.7297,70.7297,70.6998,70.6998,467.0,TNC
2023-02-24 15:02:00,70.7994,70.7994,70.7795,70.7795,1062.0,TNC
2023-02-24 15:01:00,70.8393,70.8393,70.8393,70.8393,284.0,TNC
2023-02-24 14:58:00,70.8193,70.8193,70.8193,70.8193,432.0,TNC
2023-02-24 14:57:00,70.6101,70.8144,70.6101,70.65,318.0,TNC
2023-02-24 14:56:00,70.8094,70.8094,70.8094,70.8094,179.0,TNC
2023-02-24 14:53:00,70.9389,70.9389,70.9389,70.9389,111.0,TNC
2023-02-24 14:52:00,70.5603,70.5603,70.5603,70.5603,213.0,TNC
2023-02-24 14:51:00,70.7895,70.7895,70.7895,70.7895,110.0,TNC
2023-02-24 14:50:00,70.7396,70.7546,70.7396,70.7546,695.0,TNC
2023-02-24 14:49:00,70.7097,70.7097,70.7097,70.7097,161.0,TNC
2023-02-24 14:48:00,70.5105,70.6201,70.5105,70.6201,654.0,TNC
2023-02-24 14:47:00,70.3311,70.3311,70.3311,70.3311,144.0,TNC
2023-02-24 14:46:00,70.4208,70.4208,70.4009,70.4009,959.0,TNC
2023-02-24 14:41:00,70.381,70.381,70.381,70.381,389.0,TNC
2023-02-24 14:32:00,70.5204,70.5204,70.5204,70.5204,807.0,TNC
2023-02-24 14:25:00,70.65,70.65,70.64,70.64,1006.0,TNC
2023-02-24 14:22:00,70.6002,70.6998,70.6002,70.6649,883.0,TNC
2023-02-24 14:17:00,70.7197,70.7197,70.6002,70.6002,200.0,TNC
2023-02-24 14:14:00,70.4607,70.4607,70.4557,70.4557,207.0,TNC
2023-02-24 14:09:00,70.4507,70.5902,70.4507,70.5902,208.0,TNC
2023-02-24 14:06:00,70.5404,70.5404,70.5404,70.5404,319.0,TNC
2023-02-24 14:04:00,70.7396,70.7396,70.5603,70.5603,821.0,TNC
2023-02-24 14:03:00,70.63,70.6799,70.6051,70.6799,813.0,TNC
2023-02-24 13:57:00,70.6251,70.6251,70.6251,70.6251,102.0,TNC
2023-02-24 13:49:00,70.7297,70.7297,70.6002,70.6002,1002.0,TNC
2023-02-24 13:47:00,70.6998,70.6998,70.6998,70.6998,101.0,TNC
2023-02-24 13:44:00,70.7994,70.7994,70.7994,70.7994,100.0,TNC
2023-02-24 13:43:00,70.7097,70.7097,70.7097,70.7097,119.0,TNC
2023-02-24 13:38:00,70.7297,70.7297,70.7297,70.7297,100.0,TNC
2023-02-24 13:34:00,70.7895,70.7895,70.7895,70.7895,101.0,TNC
2023-02-24 13:33:00,70.63,70.8293,70.63,70.8293,770.0,TNC
2023-02-24 13:32:00,70.8343,70.8343,70.8293,70.8293,570.0,TNC
2023-02-24 13:26:00,70.9389,70.9389,70.9289,70.9289,1208.0,TNC
2023-02-24 13:25:00,71.0385,71.0385,71.0385,71.0385,146.0,TNC
2023-02-24 13:24:00,70.8951,70.909,70.8951,70.909,1199.0,TNC
2023-02-24 13:20:00,70.7596,70.7596,70.7596,70.7596,100.0,TNC
2023-02-24 13:19:00,70.7446,70.7446,70.7446,70.7446,207.0,TNC
2023-02-24 13:17:00,70.8891,70.8891,70.5902,70.5902,350.0,TNC
2023-02-24 13:16:00,70.7596,70.7596,70.7596,70.7596,982.0,TNC
2023-02-24 13:13:00,70.6699,70.6699,70.6699,70.6699,155.0,TNC
2023-02-24 13:11:00,70.6599,70.6599,70.6599,70.6599,126.0,TNC
2023-02-24 13:10:00,70.6699,70.6699,70.5952,70.5952,1067.0,TNC
2023-02-24 13:09:00,70.6799,70.6799,70.6799,70.6799,197.0,TNC
2023-02-24 13:05:00,70.7695,70.7695,70.7695,70.7695,287.0,TNC
2023-02-24 13:03:00,70.7496,70.7496,70.7496,70.7496,122.0,TNC
2023-02-24 13:01:00,70.7496,70.7496,70.7496,70.7496,158.0,TNC
2023-02-24 12:52:00,70.8193,70.8193,70.8094,70.8094,590.0,TNC
2023-02-24 12:50:00,70.9788,70.9788,70.8741,70.8741,213.0,TNC
2023-02-24 12:48:00,70.8692,70.8692,70.8692,70.8692,201.0,TNC
2023-02-24 12:43:00,70.7496,70.7496,70.7496,70.7496,102.0,TNC
2023-02-24 12:36:00,70.9887,70.9887,70.9788,70.9788,527.0,TNC
2023-02-24 12:35:00,70.9887,70.9887,70.9389,70.9389,200.0,TNC
2023-02-24 12:34:00,71.0585,71.0585,70.919,70.9289,1229.0,TNC
2023-02-24 12:32:00,71.1382,71.1382,71.1382,71.1382,100.0,TNC
2023-02-24 12:30:00,71.2378,71.2378,71.2378,71.2378,224.0,TNC
2023-02-24 12:29:00,71.1481,71.1481,71.1481,71.1481,131.0,TNC
2023-02-24 12:26:00,71.0684,71.178,71.0186,71.0186,460.0,TNC
2023-02-24 12:25:00,70.909,71.1133,70.909,71.1133,897.0,TNC
2023-02-24 12:24:00,70.7297,70.909,70.7297,70.909,2630.0,TNC
2023-02-24 12:22:00,70.5852,70.5852,70.5852,70.5852,106.0,TNC
2023-02-24 12:20:00,70.6201,70.6201,70.6201,70.6201,220.0,TNC
2023-02-24 12:19:00,70.5752,70.5752,70.5752,70.5752,102.0,TNC
2023-02-24 12:14:00,70.6699,70.6699,70.6699,70.6699,664.0,TNC
2023-02-24 12:08:00,70.8592,70.8592,70.8592,70.8592,198.0,TNC
2023-02-24 12:06:00,70.6799,70.6799,70.6799,70.6799,117.0,TNC
2023-02-24 12:01:00,70.7496,70.7496,70.7496,70.7496,182.0,TNC
2023-02-24 12:00:00,71.0385,71.0983,71.0286,71.0385,974.0,TNC
2023-02-24 11:57:00,71.2079,71.2079,71.2079,71.2079,150.0,TNC
2023-02-24 11:52:00,71.2079,71.2079,71.2079,71.2079,202.0,TNC
2023-02-24 11:51:00,71.2278,71.2278,71.2278,71.2278,243.0,TNC
2023-02-24 11:50:00,71.3873,71.3873,71.3873,71.3873,100.0,TNC
2023-02-24 11:48:00,71.4569,71.4569,71.0585,71.2278,656.0,TNC
2023-02-24 11:44:00,71.2278,71.2278,71.2278,71.2278,100.0,TNC
2023-02-24 11:42:00,71.0485,71.0485,71.0086,71.0086,500.0,TNC
2023-02-24 11:38:00,71.2478,71.2478,71.2478,71.2478,517.0,TNC
2023-02-24 11:35:00,71.4869,71.4869,71.4869,71.4869,306.0,TNC
2023-02-24 11:34:00,71.7659,71.7659,71.7559,71.7559,822.0,TNC
2023-02-24 11:33:00,71.9851,71.9851,71.8456,71.8456,745.0,TNC
2023-02-24 11:30:00,71.9651,71.9651,71.9651,71.9651,270.0,TNC
2023-02-24 11:24:00,71.6264,71.6264,71.5766,71.6264,500.0,TNC
2023-02-24 11:22:00,71.8755,71.8755,71.8356,71.8356,648.0,TNC
2023-02-24 11:16:00,72.0291,72.0291,72.0291,72.0291,161.0,TNC
2023-02-24 11:13:00,72.1345,72.1345,72.1146,72.1345,1384.0,TNC
2023-02-24 11:12:00,72.0548,72.0548,72.0548,72.0548,335.0,TNC
2023-02-24 11:11:00,71.7858,71.7858,71.7858,71.7858,1512.0,TNC
2023-02-24 11:03:00,72.3637,72.3637,71.9751,71.9751,1961.0,TNC
2023-02-24 11:01:00,72.2541,72.2541,72.2541,72.2541,168.0,TNC
2023-02-24 10:56:00,72.3338,72.3338,72.3338,72.3338,101.0,TNC
2023-02-24 10:50:00,72.3338,72.3338,72.3338,72.3338,101.0,TNC
2023-02-24 10:48:00,72.1245,72.1345,72.1245,72.1345,501.0,TNC
2023-02-24 10:47:00,72.1046,72.1046,72.1046,72.1046,154.0,TNC
2023-02-24 10:46:00,71.9253,71.9253,71.7708,71.7708,969.0,TNC
2023-02-24 10:41:00,71.6164,71.6164,71.6164,71.6164,101.0,TNC
2023-02-24 10:35:00,71.8207,71.8207,71.8207,71.8207,180.0,TNC
2023-02-24 10:29:00,71.9651,71.9651,71.9651,71.9651,142.0,TNC
2023-02-24 10:26:00,71.9751,71.9751,71.9751,71.9751,432.0,TNC
2023-02-24 10:24:00,72.1046,72.1046,72.1046,72.1046,121.0,TNC
2023-02-24 10:17:00,72.1544,72.1544,72.1345,72.1345,520.0,TNC
2023-02-24 10:16:00,72.441,72.441,72.441,72.441,103.0,TNC
2023-02-24 10:13:00,72.3836,72.5729,72.3836,72.5729,567.0,TNC
2023-02-24 10:11:00,72.1196,72.2541,72.0648,72.2541,303.0,TNC
2023-02-24 10:10:00,72.005,72.005,72.005,72.005,100.0,TNC
2023-02-24 10:07:00,71.6264,71.6264,71.6264,71.6264,100.0,TNC
2023-02-24 10:03:00,71.447,71.8755,71.447,71.6363,332.0,TNC
2023-02-24 10:02:00,71.467,71.8954,71.467,71.8954,621.0,TNC
2023-02-24 10:01:00,71.4969,71.4969,71.4969,71.4969,243.0,TNC
2023-02-24 09:57:00,71.3873,71.3873,71.3873,71.3873,100.0,TNC
2023-02-24 09:49:00,71.0485,71.188,71.0485,71.188,627.0,TNC
2023-02-24 09:48:00,71.0435,71.0435,71.0435,71.0435,101.0,TNC
2023-02-24 09:46:00,71.0585,71.0585,71.0385,71.0385,656.0,TNC
2023-02-24 09:43:00,71.5367,71.5367,71.5367,71.5367,101.0,TNC
2023-02-24 09:38:00,71.4636,71.4636,71.4636,71.4636,165.0,TNC
2023-02-24 09:35:00,71.716,71.716,71.716,71.716,354.0,TNC
2023-02-24 09:31:00,71.1481,71.1481,71.1481,71.1481,931.0,TNC
