date,1. open,2. high,3. low,4. close,5. volume,Ticker
2023-05-05 16:01:00,46.33,46.38,46.33,46.33,14110.0,WERN
2023-05-05 16:00:00,46.35,46.35,46.3,46.32,32144.0,WERN
2023-05-05 15:59:00,46.33,46.34,46.32,46.34,12719.0,WERN
2023-05-05 15:58:00,46.36,46.36,46.31,46.33,18029.0,WERN
2023-05-05 15:57:00,46.39,46.4,46.355,46.36,15786.0,WERN
2023-05-05 15:56:00,46.3,46.43,46.3,46.4,18665.0,WERN
2023-05-05 15:55:00,46.255,46.27,46.18,46.26,22049.0,WERN
2023-05-05 15:54:00,46.19,46.26,46.188,46.26,7620.0,WERN
2023-05-05 15:53:00,46.18,46.2,46.165,46.19,4666.0,WERN
2023-05-05 15:52:00,46.16,46.2,46.16,46.165,4164.0,WERN
2023-05-05 15:51:00,46.18,46.18,46.14,46.15,8342.0,WERN
2023-05-05 15:50:00,46.17,46.18,46.16,46.18,3115.0,WERN
2023-05-05 15:49:00,46.15,46.175,46.15,46.17,4781.0,WERN
2023-05-05 15:48:00,46.15,46.18,46.15,46.15,2895.0,WERN
2023-05-05 15:47:00,46.155,46.17,46.14,46.17,1620.0,WERN
2023-05-05 15:46:00,46.16,46.17,46.15,46.16,5297.0,WERN
2023-05-05 15:45:00,46.19,46.19,46.185,46.185,992.0,WERN
2023-05-05 15:44:00,46.16,46.175,46.145,46.15,5073.0,WERN
2023-05-05 15:43:00,46.21,46.21,46.17,46.17,4584.0,WERN
2023-05-05 15:42:00,46.19,46.21,46.19,46.2,3734.0,WERN
2023-05-05 15:41:00,46.15,46.19,46.15,46.19,5331.0,WERN
2023-05-05 15:40:00,46.14,46.17,46.14,46.16,1707.0,WERN
2023-05-05 15:39:00,46.155,46.155,46.14,46.14,800.0,WERN
2023-05-05 15:38:00,46.205,46.205,46.17,46.17,2236.0,WERN
2023-05-05 15:37:00,46.265,46.29,46.21,46.21,2402.0,WERN
2023-05-05 15:36:00,46.23,46.265,46.23,46.265,1280.0,WERN
2023-05-05 15:35:00,46.18,46.22,46.18,46.22,4081.0,WERN
2023-05-05 15:34:00,46.17,46.17,46.14,46.14,1873.0,WERN
2023-05-05 15:33:00,46.23,46.24,46.18,46.18,4574.0,WERN
2023-05-05 15:32:00,46.24,46.25,46.23,46.25,2485.0,WERN
2023-05-05 15:31:00,46.22,46.22,46.22,46.22,896.0,WERN
2023-05-05 15:30:00,46.2,46.2,46.2,46.2,437.0,WERN
2023-05-05 15:29:00,46.225,46.24,46.2,46.2,5249.0,WERN
2023-05-05 15:28:00,46.225,46.225,46.225,46.225,174.0,WERN
2023-05-05 15:26:00,46.21,46.22,46.21,46.22,4306.0,WERN
2023-05-05 15:25:00,46.19,46.2,46.19,46.2,691.0,WERN
2023-05-05 15:24:00,46.19,46.205,46.19,46.205,959.0,WERN
2023-05-05 15:23:00,46.17,46.2,46.17,46.2,3026.0,WERN
2023-05-05 15:21:00,46.28,46.28,46.17,46.17,3351.0,WERN
2023-05-05 15:20:00,46.28,46.28,46.28,46.28,442.0,WERN
2023-05-05 15:19:00,46.2,46.275,46.2,46.275,3320.0,WERN
2023-05-05 15:18:00,46.21,46.22,46.2,46.2,1734.0,WERN
2023-05-05 15:17:00,46.22,46.24,46.22,46.24,2238.0,WERN
2023-05-05 15:15:00,46.15,46.21,46.13,46.21,5611.0,WERN
2023-05-05 15:14:00,46.16,46.17,46.15,46.15,1667.0,WERN
2023-05-05 15:13:00,46.18,46.215,46.175,46.175,2320.0,WERN
2023-05-05 15:12:00,46.24,46.25,46.19,46.19,1128.0,WERN
2023-05-05 15:11:00,46.315,46.315,46.27,46.27,4253.0,WERN
2023-05-05 15:10:00,46.31,46.31,46.3,46.3,562.0,WERN
2023-05-05 15:07:00,46.31,46.31,46.31,46.31,396.0,WERN
2023-05-05 15:06:00,46.315,46.315,46.295,46.295,1981.0,WERN
2023-05-05 15:05:00,46.31,46.32,46.31,46.32,1041.0,WERN
2023-05-05 15:04:00,46.3,46.3,46.29,46.3,3292.0,WERN
2023-05-05 15:03:00,46.325,46.325,46.305,46.305,1856.0,WERN
2023-05-05 15:02:00,46.325,46.325,46.31,46.325,1311.0,WERN
2023-05-05 15:01:00,46.325,46.325,46.325,46.325,766.0,WERN
2023-05-05 15:00:00,46.325,46.325,46.31,46.31,1249.0,WERN
2023-05-05 14:59:00,46.32,46.355,46.31,46.32,2836.0,WERN
2023-05-05 14:58:00,46.3,46.36,46.3,46.355,2374.0,WERN
2023-05-05 14:57:00,46.29,46.29,46.29,46.29,411.0,WERN
2023-05-05 14:56:00,46.205,46.3,46.205,46.3,7007.0,WERN
2023-05-05 14:55:00,46.21,46.21,46.19,46.19,803.0,WERN
2023-05-05 14:53:00,46.18,46.22,46.18,46.22,3601.0,WERN
2023-05-05 14:52:00,46.18,46.18,46.18,46.18,432.0,WERN
2023-05-05 14:51:00,46.19,46.19,46.19,46.19,165.0,WERN
2023-05-05 14:50:00,46.17,46.2,46.17,46.19,2923.0,WERN
2023-05-05 14:49:00,46.17,46.17,46.17,46.17,250.0,WERN
2023-05-05 14:48:00,46.18,46.18,46.18,46.18,286.0,WERN
2023-05-05 14:46:00,46.18,46.18,46.18,46.18,158.0,WERN
2023-05-05 14:45:00,46.18,46.18,46.18,46.18,209.0,WERN
2023-05-05 14:44:00,46.18,46.18,46.18,46.18,329.0,WERN
2023-05-05 14:43:00,46.18,46.18,46.17,46.175,1614.0,WERN
2023-05-05 14:42:00,46.18,46.2,46.18,46.19,2566.0,WERN
2023-05-05 14:41:00,46.165,46.165,46.14,46.14,2927.0,WERN
2023-05-05 14:39:00,46.165,46.165,46.165,46.165,660.0,WERN
2023-05-05 14:38:00,46.11,46.165,46.11,46.16,3495.0,WERN
2023-05-05 14:37:00,46.08,46.08,46.08,46.08,804.0,WERN
2023-05-05 14:36:00,46.065,46.065,46.06,46.065,390.0,WERN
2023-05-05 14:35:00,46.065,46.065,46.065,46.065,212.0,WERN
2023-05-05 14:34:00,46.065,46.08,46.065,46.08,421.0,WERN
2023-05-05 14:33:00,46.01,46.04,46.01,46.04,3056.0,WERN
2023-05-05 14:31:00,45.995,45.995,45.995,45.995,321.0,WERN
2023-05-05 14:30:00,46.035,46.035,46.0,46.0,1337.0,WERN
2023-05-05 14:29:00,46.025,46.025,46.01,46.01,1191.0,WERN
2023-05-05 14:28:00,45.98,46.02,45.98,46.02,2336.0,WERN
2023-05-05 14:27:00,45.96,45.99,45.96,45.99,2796.0,WERN
2023-05-05 14:26:00,45.93,45.97,45.93,45.95,2761.0,WERN
2023-05-05 14:25:00,45.91,45.95,45.91,45.93,1003.0,WERN
2023-05-05 14:24:00,45.9,45.9,45.9,45.9,121.0,WERN
2023-05-05 14:23:00,45.91,45.91,45.91,45.91,106.0,WERN
2023-05-05 14:22:00,45.9,45.9,45.9,45.9,117.0,WERN
2023-05-05 14:21:00,45.9,45.96,45.9,45.96,202.0,WERN
2023-05-05 14:20:00,45.89,45.89,45.89,45.89,110.0,WERN
2023-05-05 14:18:00,45.96,45.96,45.92,45.92,1674.0,WERN
2023-05-05 14:17:00,46.005,46.005,46.005,46.005,223.0,WERN
2023-05-05 14:12:00,46.02,46.02,46.0,46.0,641.0,WERN
2023-05-05 14:11:00,45.985,46.06,45.985,46.04,5942.0,WERN
2023-05-05 14:10:00,45.985,45.99,45.985,45.985,1321.0,WERN
2023-05-05 14:09:00,45.965,45.98,45.965,45.97,1836.0,WERN
2023-05-05 14:08:00,45.965,45.965,45.965,45.965,235.0,WERN
2023-05-05 14:07:00,45.965,45.965,45.965,45.965,352.0,WERN
2023-05-05 14:06:00,45.98,45.98,45.96,45.96,1548.0,WERN
2023-05-05 14:04:00,45.985,45.985,45.96,45.96,1493.0,WERN
2023-05-05 14:02:00,45.985,45.985,45.985,45.985,269.0,WERN
2023-05-05 14:01:00,45.955,45.985,45.955,45.985,1081.0,WERN
2023-05-05 14:00:00,45.925,45.97,45.925,45.945,1939.0,WERN
2023-05-05 13:59:00,45.925,45.925,45.925,45.925,174.0,WERN
2023-05-05 13:58:00,45.98,46.0,45.92,45.93,4490.0,WERN
2023-05-05 13:57:00,46.005,46.005,45.96,45.97,324.0,WERN
2023-05-05 13:56:00,45.97,45.97,45.97,45.97,287.0,WERN
2023-05-05 13:54:00,46.05,46.05,45.97,45.97,1375.0,WERN
2023-05-05 13:53:00,46.085,46.085,46.085,46.085,110.0,WERN
2023-05-05 13:52:00,46.06,46.06,46.06,46.06,208.0,WERN
2023-05-05 13:51:00,46.05,46.05,46.05,46.05,110.0,WERN
2023-05-05 13:50:00,46.1,46.1,46.05,46.05,609.0,WERN
2023-05-05 13:49:00,46.16,46.16,46.14,46.14,1054.0,WERN
2023-05-05 13:48:00,46.19,46.19,46.16,46.16,1697.0,WERN
2023-05-05 13:46:00,46.17,46.17,46.155,46.155,1208.0,WERN
2023-05-05 13:45:00,46.15,46.15,46.14,46.14,486.0,WERN
2023-05-05 13:44:00,46.16,46.16,46.16,46.16,1065.0,WERN
2023-05-05 13:42:00,46.16,46.18,46.15,46.175,2368.0,WERN
2023-05-05 13:41:00,46.13,46.15,46.13,46.14,652.0,WERN
2023-05-05 13:40:00,46.145,46.1469,46.145,46.1469,564.0,WERN
2023-05-05 13:39:00,46.15,46.15,46.13,46.13,2422.0,WERN
2023-05-05 13:38:00,46.18,46.18,46.18,46.18,200.0,WERN
2023-05-05 13:37:00,46.15,46.15,46.15,46.15,207.0,WERN
2023-05-05 13:34:00,46.18,46.18,46.18,46.18,200.0,WERN
2023-05-05 13:33:00,46.215,46.215,46.19,46.2,1282.0,WERN
2023-05-05 13:32:00,46.24,46.25,46.21,46.21,3645.0,WERN
2023-05-05 13:31:00,46.165,46.23,46.165,46.23,1006.0,WERN
2023-05-05 13:30:00,46.14,46.165,46.14,46.165,1269.0,WERN
2023-05-05 13:29:00,46.115,46.115,46.115,46.115,255.0,WERN
2023-05-05 13:27:00,46.1,46.1,46.1,46.1,207.0,WERN
2023-05-05 13:26:00,46.12,46.13,46.1,46.1,2267.0,WERN
2023-05-05 13:25:00,46.105,46.105,46.105,46.105,150.0,WERN
2023-05-05 13:23:00,46.11,46.11,46.11,46.11,251.0,WERN
2023-05-05 13:22:00,46.12,46.12,46.12,46.12,131.0,WERN
2023-05-05 13:21:00,46.11,46.11,46.09,46.1,2084.0,WERN
2023-05-05 13:20:00,46.11,46.12,46.11,46.12,1344.0,WERN
2023-05-05 13:19:00,46.08,46.11,46.08,46.11,615.0,WERN
2023-05-05 13:18:00,46.09,46.1,46.09,46.095,1246.0,WERN
2023-05-05 13:15:00,46.1,46.1,46.09,46.09,1488.0,WERN
2023-05-05 13:11:00,46.09,46.1,46.09,46.1,1202.0,WERN
2023-05-05 13:05:00,46.1,46.1,46.085,46.09,1517.0,WERN
2023-05-05 13:04:00,46.12,46.12,46.1,46.115,1727.0,WERN
2023-05-05 13:02:00,46.09,46.11,46.09,46.11,914.0,WERN
2023-05-05 13:01:00,46.085,46.085,46.085,46.085,229.0,WERN
2023-05-05 13:00:00,46.085,46.085,46.085,46.085,216.0,WERN
2023-05-05 12:59:00,46.08,46.08,46.08,46.08,748.0,WERN
2023-05-05 12:58:00,46.09,46.12,46.09,46.12,316.0,WERN
2023-05-05 12:55:00,46.08,46.08,46.07,46.07,523.0,WERN
2023-05-05 12:53:00,46.09,46.11,46.09,46.095,1407.0,WERN
2023-05-05 12:52:00,46.06,46.07,46.06,46.07,922.0,WERN
2023-05-05 12:51:00,46.04,46.04,46.04,46.04,290.0,WERN
2023-05-05 12:50:00,46.05,46.05,46.035,46.04,1326.0,WERN
2023-05-05 12:49:00,46.05,46.05,46.04,46.04,785.0,WERN
2023-05-05 12:45:00,46.07,46.07,46.07,46.07,308.0,WERN
2023-05-05 12:44:00,46.06,46.06,46.05,46.06,766.0,WERN
2023-05-05 12:43:00,46.08,46.09,46.07,46.07,1932.0,WERN
2023-05-05 12:42:00,46.03,46.08,46.03,46.07,3247.0,WERN
2023-05-05 12:41:00,46.055,46.055,46.055,46.055,1098.0,WERN
2023-05-05 12:40:00,46.08,46.08,46.08,46.08,788.0,WERN
2023-05-05 12:39:00,46.11,46.11,46.11,46.11,382.0,WERN
2023-05-05 12:38:00,46.105,46.105,46.105,46.105,345.0,WERN
2023-05-05 12:37:00,46.105,46.105,46.105,46.105,226.0,WERN
2023-05-05 12:36:00,46.105,46.105,46.105,46.105,197.0,WERN
2023-05-05 12:35:00,46.13,46.13,46.12,46.12,658.0,WERN
2023-05-05 12:30:00,46.105,46.105,46.07,46.07,370.0,WERN
2023-05-05 12:29:00,46.105,46.105,46.105,46.105,139.0,WERN
2023-05-05 12:28:00,46.1225,46.1225,46.11,46.11,928.0,WERN
2023-05-05 12:26:00,46.1501,46.1501,46.1198,46.1198,931.0,WERN
2023-05-05 12:25:00,46.15,46.15,46.15,46.15,154.0,WERN
2023-05-05 12:24:00,46.13,46.13,46.11,46.12,2217.0,WERN
2023-05-05 12:23:00,46.08,46.11,46.08,46.11,593.0,WERN
2023-05-05 12:22:00,46.045,46.075,46.045,46.075,1737.0,WERN
2023-05-05 12:21:00,46.05,46.05,46.045,46.045,646.0,WERN
2023-05-05 12:20:00,46.02,46.02,46.02,46.02,712.0,WERN
2023-05-05 12:18:00,46.02,46.02,46.02,46.02,100.0,WERN
2023-05-05 12:17:00,46.035,46.04,46.02,46.03,1283.0,WERN
2023-05-05 12:16:00,45.97,46.04,45.97,46.01,2729.0,WERN
2023-05-05 12:15:00,46.0,46.0,46.0,46.0,177.0,WERN
2023-05-05 12:13:00,45.99,45.99,45.99,45.99,666.0,WERN
2023-05-05 12:12:00,46.04,46.04,46.04,46.04,920.0,WERN
2023-05-05 12:11:00,46.02,46.05,46.02,46.04,1804.0,WERN
2023-05-05 12:10:00,46.02,46.02,46.02,46.02,149.0,WERN
2023-05-05 12:09:00,46.05,46.05,46.02,46.02,813.0,WERN
2023-05-05 12:08:00,46.06,46.06,46.05,46.05,924.0,WERN
2023-05-05 12:06:00,46.07,46.07,46.06,46.06,1105.0,WERN
2023-05-05 12:05:00,46.08,46.08,46.07,46.07,1261.0,WERN
2023-05-05 12:03:00,46.08,46.08,46.08,46.08,302.0,WERN
2023-05-05 12:02:00,46.105,46.105,46.105,46.105,232.0,WERN
2023-05-05 12:01:00,46.07,46.07,46.07,46.07,374.0,WERN
2023-05-05 11:59:00,46.02,46.07,46.02,46.06,2634.0,WERN
2023-05-05 11:58:00,45.99,45.99,45.99,45.99,332.0,WERN
2023-05-05 11:57:00,45.99,45.99,45.99,45.99,921.0,WERN
2023-05-05 11:56:00,46.01,46.01,46.01,46.01,193.0,WERN
2023-05-05 11:55:00,46.01,46.02,46.0,46.02,1222.0,WERN
2023-05-05 11:54:00,46.015,46.015,46.015,46.015,205.0,WERN
2023-05-05 11:53:00,45.99,45.99,45.98,45.99,712.0,WERN
2023-05-05 11:52:00,45.98,46.015,45.98,46.0,2765.0,WERN
2023-05-05 11:50:00,45.96,45.96,45.95,45.95,1099.0,WERN
2023-05-05 11:49:00,45.98,45.98,45.98,45.98,582.0,WERN
2023-05-05 11:47:00,45.94,45.94,45.94,45.94,749.0,WERN
2023-05-05 11:46:00,45.91,45.92,45.91,45.92,372.0,WERN
2023-05-05 11:44:00,45.88,45.92,45.865,45.91,2167.0,WERN
2023-05-05 11:43:00,45.865,45.865,45.865,45.865,243.0,WERN
2023-05-05 11:42:00,45.86,45.885,45.86,45.885,318.0,WERN
2023-05-05 11:40:00,45.885,45.885,45.84,45.84,2723.0,WERN
2023-05-05 11:39:00,45.9,45.9,45.9,45.9,385.0,WERN
2023-05-05 11:38:00,45.84,45.88,45.825,45.88,1252.0,WERN
2023-05-05 11:37:00,45.825,45.825,45.825,45.825,469.0,WERN
2023-05-05 11:35:00,45.81,45.81,45.81,45.81,851.0,WERN
2023-05-05 11:34:00,45.76,45.76,45.76,45.76,101.0,WERN
2023-05-05 11:33:00,45.78,45.78,45.78,45.78,389.0,WERN
2023-05-05 11:32:00,45.78,45.81,45.78,45.81,430.0,WERN
2023-05-05 11:31:00,45.74,45.78,45.74,45.775,1071.0,WERN
2023-05-05 11:30:00,45.72,45.72,45.72,45.72,164.0,WERN
2023-05-05 11:28:00,45.72,45.72,45.71,45.71,959.0,WERN
2023-05-05 11:27:00,45.7,45.7,45.7,45.7,627.0,WERN
2023-05-05 11:26:00,45.65,45.7,45.65,45.7,2548.0,WERN
2023-05-05 11:25:00,45.65,45.65,45.65,45.65,201.0,WERN
2023-05-05 11:22:00,45.68,45.68,45.65,45.65,769.0,WERN
2023-05-05 11:21:00,45.68,45.7,45.68,45.7,937.0,WERN
2023-05-05 11:19:00,45.69,45.69,45.69,45.69,1062.0,WERN
2023-05-05 11:18:00,45.69,45.69,45.67,45.67,1023.0,WERN
2023-05-05 11:17:00,45.79,45.79,45.74,45.74,677.0,WERN
2023-05-05 11:16:00,45.8,45.8,45.785,45.785,809.0,WERN
2023-05-05 11:14:00,45.82,45.82,45.82,45.82,505.0,WERN
2023-05-05 11:12:00,45.84,45.86,45.84,45.84,2815.0,WERN
2023-05-05 11:11:00,45.8,45.83,45.8,45.82,601.0,WERN
2023-05-05 11:10:00,45.8,45.8,45.78,45.795,3216.0,WERN
2023-05-05 11:09:00,45.83,45.83,45.82,45.82,589.0,WERN
2023-05-05 11:08:00,45.81,45.81,45.81,45.81,391.0,WERN
2023-05-05 11:07:00,45.76,45.81,45.76,45.81,1661.0,WERN
2023-05-05 11:06:00,45.76,45.76,45.76,45.76,503.0,WERN
2023-05-05 11:02:00,45.75,45.76,45.75,45.76,639.0,WERN
2023-05-05 11:01:00,45.7,45.74,45.7,45.74,1764.0,WERN
2023-05-05 11:00:00,45.645,45.645,45.64,45.64,601.0,WERN
2023-05-05 10:59:00,45.665,45.665,45.63,45.63,325.0,WERN
2023-05-05 10:58:00,45.66,45.66,45.65,45.65,1402.0,WERN
2023-05-05 10:57:00,45.71,45.71,45.71,45.71,408.0,WERN
2023-05-05 10:56:00,45.69,45.69,45.65,45.685,3310.0,WERN
2023-05-05 10:55:00,45.7,45.729,45.7,45.7,1917.0,WERN
2023-05-05 10:54:00,45.6725,45.71,45.6725,45.71,1707.0,WERN
2023-05-05 10:53:00,45.685,45.685,45.685,45.685,302.0,WERN
2023-05-05 10:52:00,45.7,45.7,45.7,45.7,327.0,WERN
2023-05-05 10:51:00,45.67,45.68,45.67,45.68,600.0,WERN
2023-05-05 10:49:00,45.645,45.6799,45.645,45.645,1142.0,WERN
2023-05-05 10:48:00,45.625,45.69,45.625,45.67,1800.0,WERN
2023-05-05 10:47:00,45.65,45.65,45.61,45.64,3467.0,WERN
2023-05-05 10:46:00,45.66,45.67,45.65,45.65,2283.0,WERN
2023-05-05 10:45:00,45.645,45.66,45.63,45.66,2412.0,WERN
2023-05-05 10:44:00,45.635,45.66,45.635,45.66,505.0,WERN
2023-05-05 10:43:00,45.64,45.64,45.625,45.625,622.0,WERN
2023-05-05 10:39:00,45.58,45.65,45.58,45.65,2121.0,WERN
2023-05-05 10:38:00,45.66,45.66,45.575,45.575,1670.0,WERN
2023-05-05 10:37:00,45.67,45.67,45.67,45.67,321.0,WERN
2023-05-05 10:36:00,45.77,45.77,45.71,45.71,1657.0,WERN
2023-05-05 10:34:00,45.7,45.78,45.7,45.78,3699.0,WERN
2023-05-05 10:33:00,45.7,45.7,45.7,45.7,1076.0,WERN
2023-05-05 10:32:00,45.7,45.74,45.69,45.7,2829.0,WERN
2023-05-05 10:29:00,45.645,45.645,45.645,45.645,341.0,WERN
2023-05-05 10:27:00,45.625,45.71,45.59,45.67,3213.0,WERN
2023-05-05 10:26:00,45.635,45.72,45.635,45.68,3627.0,WERN
2023-05-05 10:25:00,45.645,45.645,45.635,45.635,672.0,WERN
2023-05-05 10:24:00,45.77,45.77,45.645,45.645,2132.0,WERN
2023-05-05 10:23:00,45.77,45.78,45.77,45.77,1350.0,WERN
2023-05-05 10:22:00,45.79,45.79,45.79,45.79,463.0,WERN
2023-05-05 10:20:00,45.8,45.82,45.79,45.82,1180.0,WERN
2023-05-05 10:18:00,45.83,45.83,45.81,45.81,288.0,WERN
2023-05-05 10:17:00,45.835,45.835,45.835,45.835,321.0,WERN
2023-05-05 10:16:00,45.9,45.9,45.79,45.79,663.0,WERN
2023-05-05 10:15:00,45.98,45.99,45.94,45.94,1383.0,WERN
2023-05-05 10:14:00,45.925,45.96,45.925,45.96,1352.0,WERN
2023-05-05 10:13:00,46.0,46.0,45.94,45.94,1793.0,WERN
2023-05-05 10:12:00,46.01,46.02,45.985,46.02,1684.0,WERN
2023-05-05 10:11:00,45.98,45.995,45.96,45.975,2242.0,WERN
2023-05-05 10:10:00,46.005,46.05,46.005,46.01,1581.0,WERN
2023-05-05 10:09:00,46.0266,46.0266,45.97,46.0,1899.0,WERN
2023-05-05 10:08:00,45.86,46.04,45.86,46.04,2964.0,WERN
2023-05-05 10:07:00,45.84,45.86,45.84,45.85,475.0,WERN
2023-05-05 10:06:00,45.92,45.92,45.87,45.87,1101.0,WERN
2023-05-05 10:05:00,45.93,45.99,45.93,45.99,7001.0,WERN
2023-05-05 10:04:00,46.06,46.06,45.89,45.95,3673.0,WERN
2023-05-05 10:03:00,46.065,46.065,46.065,46.065,106.0,WERN
2023-05-05 10:02:00,46.11,46.11,46.065,46.065,1884.0,WERN
2023-05-05 10:01:00,46.155,46.155,46.155,46.155,135.0,WERN
2023-05-05 10:00:00,46.155,46.155,46.155,46.155,134.0,WERN
2023-05-05 09:59:00,45.94,46.15,45.88,46.15,6497.0,WERN
2023-05-05 09:57:00,45.925,45.98,45.925,45.98,1461.0,WERN
2023-05-05 09:56:00,45.87,45.87,45.87,45.87,129.0,WERN
2023-05-05 09:55:00,45.87,45.87,45.87,45.87,113.0,WERN
2023-05-05 09:54:00,45.87,45.87,45.87,45.87,121.0,WERN
2023-05-05 09:53:00,45.83,45.83,45.83,45.83,101.0,WERN
2023-05-05 09:51:00,45.9725,45.9725,45.88,45.895,1450.0,WERN
2023-05-05 09:50:00,45.97,45.975,45.95,45.975,964.0,WERN
2023-05-05 09:49:00,46.0,46.0,46.0,46.0,172.0,WERN
2023-05-05 09:48:00,46.0,46.0,45.97,45.97,424.0,WERN
2023-05-05 09:46:00,45.99,45.99,45.93,45.93,508.0,WERN
2023-05-05 09:45:00,45.99,45.99,45.99,45.99,422.0,WERN
2023-05-05 09:44:00,45.95,45.97,45.87,45.97,2861.0,WERN
2023-05-05 09:43:00,45.895,45.895,45.87,45.88,733.0,WERN
2023-05-05 09:41:00,45.785,45.89,45.785,45.795,1477.0,WERN
2023-05-05 09:40:00,45.76,45.78,45.76,45.78,307.0,WERN
2023-05-05 09:39:00,45.79,45.79,45.79,45.79,127.0,WERN
2023-05-05 09:37:00,45.78,45.78,45.66,45.78,760.0,WERN
2023-05-05 09:34:00,45.965,45.965,45.965,45.965,398.0,WERN
2023-05-05 09:32:00,45.99,46.22,45.83,46.22,1249.0,WERN
2023-05-05 09:31:00,45.62,45.62,45.43,45.43,9368.0,WERN
2023-05-04 16:01:00,45.53,45.53,45.53,45.53,13439.0,WERN
2023-05-04 16:00:00,45.5,45.6,45.48,45.53,26329.0,WERN
2023-05-04 15:59:00,45.52,45.52,45.48,45.5,16479.0,WERN
2023-05-04 15:58:00,45.53,45.535,45.49,45.52,10252.0,WERN
2023-05-04 15:57:00,45.595,45.595,45.52,45.53,7999.0,WERN
2023-05-04 15:56:00,45.6,45.625,45.57,45.595,13658.0,WERN
2023-05-04 15:55:00,45.66,45.7,45.61,45.615,15200.0,WERN
2023-05-04 15:54:00,45.59,45.67,45.59,45.66,8808.0,WERN
2023-05-04 15:53:00,45.58,45.59,45.555,45.585,7968.0,WERN
2023-05-04 15:52:00,45.535,45.59,45.535,45.585,5896.0,WERN
2023-05-04 15:51:00,45.645,45.66,45.56,45.575,7892.0,WERN
2023-05-04 15:50:00,45.6,45.66,45.6,45.645,2926.0,WERN
2023-05-04 15:49:00,45.59,45.59,45.56,45.59,5618.0,WERN
2023-05-04 15:48:00,45.55,45.59,45.5475,45.585,6811.0,WERN
2023-05-04 15:47:00,45.47,45.55,45.47,45.53,2966.0,WERN
2023-05-04 15:46:00,45.47,45.5035,45.46,45.46,5900.0,WERN
2023-05-04 15:45:00,45.475,45.48,45.435,45.48,5083.0,WERN
2023-05-04 15:44:00,45.475,45.475,45.46,45.46,1781.0,WERN
2023-05-04 15:43:00,45.475,45.475,45.44,45.47,4014.0,WERN
2023-05-04 15:42:00,45.46,45.48,45.46,45.475,4303.0,WERN
2023-05-04 15:41:00,45.39,45.43,45.39,45.42,2898.0,WERN
2023-05-04 15:40:00,45.42,45.435,45.38,45.38,2434.0,WERN
2023-05-04 15:39:00,45.39,45.45,45.38,45.42,5357.0,WERN
2023-05-04 15:38:00,45.395,45.4,45.39,45.4,1230.0,WERN
2023-05-04 15:37:00,45.33,45.35,45.305,45.35,5209.0,WERN
2023-05-04 15:36:00,45.31,45.31,45.28,45.31,5002.0,WERN
2023-05-04 15:35:00,45.31,45.31,45.31,45.31,914.0,WERN
2023-05-04 15:34:00,45.36,45.36,45.27,45.31,6811.0,WERN
2023-05-04 15:33:00,45.355,45.36,45.355,45.36,1559.0,WERN
2023-05-04 15:32:00,45.35,45.36,45.34,45.35,4201.0,WERN
2023-05-04 15:31:00,45.35,45.35,45.34,45.35,1724.0,WERN
2023-05-04 15:30:00,45.39,45.4,45.35,45.35,4487.0,WERN
2023-05-04 15:29:00,45.38,45.4,45.38,45.4,3272.0,WERN
2023-05-04 15:28:00,45.38,45.38,45.38,45.38,557.0,WERN
2023-05-04 15:27:00,45.425,45.425,45.38,45.385,2792.0,WERN
2023-05-04 15:26:00,45.415,45.435,45.395,45.43,6551.0,WERN
2023-05-04 15:25:00,45.41,45.41,45.4,45.41,1998.0,WERN
2023-05-04 15:24:00,45.36,45.41,45.36,45.41,3077.0,WERN
2023-05-04 15:23:00,45.395,45.395,45.36,45.36,1862.0,WERN
2023-05-04 15:22:00,45.4,45.4,45.385,45.395,3455.0,WERN
2023-05-04 15:21:00,45.415,45.415,45.41,45.41,1580.0,WERN
2023-05-04 15:20:00,45.39,45.41,45.36,45.41,3655.0,WERN
2023-05-04 15:19:00,45.38,45.38,45.34,45.355,2708.0,WERN
2023-05-04 15:18:00,45.39,45.41,45.37,45.38,5030.0,WERN
2023-05-04 15:17:00,45.395,45.395,45.39,45.39,738.0,WERN
2023-05-04 15:16:00,45.39,45.395,45.39,45.395,1126.0,WERN
2023-05-04 15:15:00,45.47,45.47,45.4,45.41,2599.0,WERN
2023-05-04 15:14:00,45.46,45.485,45.45,45.485,1202.0,WERN
2023-05-04 15:13:00,45.545,45.545,45.45,45.45,3069.0,WERN
2023-05-04 15:12:00,45.545,45.545,45.53,45.545,688.0,WERN
2023-05-04 15:11:00,45.535,45.54,45.535,45.535,1400.0,WERN
2023-05-04 15:10:00,45.6,45.605,45.55,45.55,3326.0,WERN
2023-05-04 15:09:00,45.6,45.6,45.6,45.6,289.0,WERN
2023-05-04 15:08:00,45.635,45.655,45.575,45.575,4479.0,WERN
2023-05-04 15:07:00,45.61,45.63,45.61,45.62,1545.0,WERN
2023-05-04 15:06:00,45.64,45.64,45.6,45.605,4214.0,WERN
2023-05-04 15:05:00,45.6,45.65,45.6,45.63,1887.0,WERN
2023-05-04 15:04:00,45.6,45.6,45.595,45.6,543.0,WERN
2023-05-04 15:03:00,45.615,45.615,45.58,45.59,846.0,WERN
2023-05-04 15:02:00,45.61,45.62,45.57,45.615,4132.0,WERN
2023-05-04 15:01:00,45.59,45.61,45.58,45.61,1395.0,WERN
2023-05-04 15:00:00,45.575,45.58,45.575,45.58,980.0,WERN
2023-05-04 14:59:00,45.565,45.575,45.565,45.575,466.0,WERN
2023-05-04 14:58:00,45.55,45.58,45.55,45.58,2182.0,WERN
2023-05-04 14:57:00,45.555,45.565,45.54,45.5481,2911.0,WERN
2023-05-04 14:56:00,45.49,45.54,45.49,45.54,1799.0,WERN
2023-05-04 14:55:00,45.5,45.5,45.49,45.49,1630.0,WERN
2023-05-04 14:54:00,45.48,45.5,45.46,45.5,1221.0,WERN
2023-05-04 14:53:00,45.49,45.505,45.445,45.445,4909.0,WERN
2023-05-04 14:52:00,45.505,45.505,45.49,45.49,1053.0,WERN
2023-05-04 14:51:00,45.49,45.505,45.49,45.505,629.0,WERN
2023-05-04 14:50:00,45.55,45.55,45.48,45.48,2096.0,WERN
2023-05-04 14:49:00,45.535,45.535,45.535,45.535,308.0,WERN
2023-05-04 14:48:00,45.52,45.53,45.52,45.53,435.0,WERN
2023-05-04 14:47:00,45.52,45.58,45.52,45.53,4222.0,WERN
2023-05-04 14:46:00,45.515,45.52,45.48,45.52,3145.0,WERN
2023-05-04 14:45:00,45.51,45.52,45.49,45.51,3082.0,WERN
2023-05-04 14:44:00,45.5,45.51,45.5,45.5,1384.0,WERN
2023-05-04 14:43:00,45.51,45.52,45.5,45.52,1337.0,WERN
2023-05-04 14:42:00,45.5,45.5,45.48,45.5,656.0,WERN
2023-05-04 14:41:00,45.49,45.515,45.46,45.481,1003.0,WERN
2023-05-04 14:40:00,45.485,45.495,45.485,45.495,618.0,WERN
2023-05-04 14:39:00,45.54,45.54,45.48,45.48,2477.0,WERN
2023-05-04 14:38:00,45.54,45.565,45.54,45.54,3509.0,WERN
2023-05-04 14:37:00,45.535,45.535,45.535,45.535,721.0,WERN
2023-05-04 14:36:00,45.5,45.535,45.5,45.535,1228.0,WERN
2023-05-04 14:35:00,45.485,45.485,45.485,45.485,1001.0,WERN
2023-05-04 14:34:00,45.48,45.485,45.48,45.485,511.0,WERN
2023-05-04 14:33:00,45.395,45.5,45.39,45.5,2545.0,WERN
2023-05-04 14:32:00,45.431,45.435,45.396,45.396,1854.0,WERN
2023-05-04 14:31:00,45.46,45.48,45.44,45.455,3285.0,WERN
2023-05-04 14:30:00,45.49,45.49,45.48,45.48,1254.0,WERN
2023-05-04 14:29:00,45.49,45.5,45.465,45.465,2401.0,WERN
2023-05-04 14:28:00,45.495,45.495,45.495,45.495,308.0,WERN
2023-05-04 14:27:00,45.535,45.535,45.46,45.481,3853.0,WERN
2023-05-04 14:26:00,45.535,45.535,45.535,45.535,535.0,WERN
2023-05-04 14:25:00,45.535,45.535,45.535,45.535,689.0,WERN
2023-05-04 14:24:00,45.515,45.545,45.515,45.545,1268.0,WERN
2023-05-04 14:23:00,45.515,45.515,45.48,45.515,2295.0,WERN
2023-05-04 14:22:00,45.465,45.54,45.465,45.51,6372.0,WERN
2023-05-04 14:21:00,45.465,45.465,45.465,45.465,398.0,WERN
2023-05-04 14:20:00,45.47,45.475,45.47,45.47,792.0,WERN
2023-05-04 14:19:00,45.57,45.57,45.47,45.48,2069.0,WERN
2023-05-04 14:18:00,45.58,45.58,45.553,45.57,1114.0,WERN
2023-05-04 14:17:00,45.63,45.65,45.62,45.63,2523.0,WERN
2023-05-04 14:16:00,45.625,45.625,45.62,45.62,546.0,WERN
2023-05-04 14:15:00,45.59,45.625,45.59,45.625,771.0,WERN
2023-05-04 14:14:00,45.59,45.59,45.59,45.59,205.0,WERN
2023-05-04 14:13:00,45.59,45.59,45.57,45.585,2355.0,WERN
2023-05-04 14:12:00,45.67,45.685,45.59,45.59,2801.0,WERN
2023-05-04 14:11:00,45.65,45.69,45.65,45.68,4449.0,WERN
2023-05-04 14:10:00,45.65,45.65,45.65,45.65,431.0,WERN
2023-05-04 14:09:00,45.65,45.65,45.65,45.65,337.0,WERN
2023-05-04 14:08:00,45.69,45.715,45.66,45.66,2587.0,WERN
2023-05-04 14:07:00,45.775,45.775,45.68,45.68,1120.0,WERN
2023-05-04 14:06:00,45.775,45.775,45.775,45.775,349.0,WERN
2023-05-04 14:05:00,45.84,45.84,45.745,45.775,3056.0,WERN
2023-05-04 14:04:00,45.755,45.84,45.755,45.84,2038.0,WERN
2023-05-04 14:03:00,45.71,45.75,45.71,45.75,879.0,WERN
2023-05-04 14:02:00,45.735,45.735,45.71,45.71,811.0,WERN
2023-05-04 14:01:00,45.715,45.715,45.69,45.71,2842.0,WERN
2023-05-04 14:00:00,45.72,45.72,45.71,45.72,1087.0,WERN
2023-05-04 13:59:00,45.71,45.71,45.68,45.7,637.0,WERN
2023-05-04 13:58:00,45.715,45.715,45.66,45.69,2491.0,WERN
2023-05-04 13:57:00,45.69,45.71,45.69,45.71,915.0,WERN
2023-05-04 13:56:00,45.76,45.76,45.675,45.675,3207.0,WERN
2023-05-04 13:55:00,45.76,45.778,45.755,45.76,2776.0,WERN
2023-05-04 13:54:00,45.665,45.735,45.665,45.735,2906.0,WERN
2023-05-04 13:53:00,45.665,45.665,45.665,45.665,436.0,WERN
2023-05-04 13:52:00,45.665,45.665,45.64,45.66,2713.0,WERN
2023-05-04 13:51:00,45.665,45.675,45.665,45.675,361.0,WERN
2023-05-04 13:50:00,45.66,45.66,45.66,45.66,502.0,WERN
2023-05-04 13:49:00,45.71,45.71,45.64,45.64,6228.0,WERN
2023-05-04 13:48:00,45.715,45.715,45.705,45.71,1378.0,WERN
2023-05-04 13:47:00,45.71,45.715,45.71,45.715,654.0,WERN
2023-05-04 13:46:00,45.74,45.74,45.705,45.71,2891.0,WERN
2023-05-04 13:45:00,45.74,45.74,45.71,45.715,1797.0,WERN
2023-05-04 13:44:00,45.74,45.74,45.7329,45.74,1068.0,WERN
2023-05-04 13:43:00,45.71,45.76,45.71,45.74,2293.0,WERN
2023-05-04 13:42:00,45.715,45.715,45.71,45.71,546.0,WERN
2023-05-04 13:41:00,45.715,45.715,45.69,45.705,2960.0,WERN
2023-05-04 13:40:00,45.71,45.73,45.7,45.715,3772.0,WERN
2023-05-04 13:38:00,45.84,45.84,45.71,45.71,3532.0,WERN
2023-05-04 13:37:00,45.81,45.85,45.77,45.85,3741.0,WERN
2023-05-04 13:36:00,45.79,45.795,45.79,45.795,626.0,WERN
2023-05-04 13:35:00,45.74,45.795,45.74,45.795,2274.0,WERN
2023-05-04 13:34:00,45.72,45.72,45.72,45.72,574.0,WERN
2023-05-04 13:33:00,45.725,45.725,45.725,45.725,368.0,WERN
2023-05-04 13:32:00,45.725,45.725,45.725,45.725,445.0,WERN
2023-05-04 13:31:00,45.725,45.725,45.725,45.725,311.0,WERN
2023-05-04 13:30:00,45.725,45.725,45.725,45.725,278.0,WERN
2023-05-04 13:29:00,45.7,45.7225,45.7,45.7225,721.0,WERN
2023-05-04 13:28:00,45.7,45.7,45.7,45.7,199.0,WERN
2023-05-04 13:27:00,45.77,45.77,45.67,45.67,1458.0,WERN
2023-05-04 13:26:00,45.77,45.77,45.77,45.77,261.0,WERN
2023-05-04 13:25:00,45.795,45.795,45.77,45.77,1102.0,WERN
2023-05-04 13:24:00,45.85,45.85,45.79,45.79,1392.0,WERN
2023-05-04 13:23:00,45.74,45.85,45.72,45.85,2823.0,WERN
2023-05-04 13:22:00,45.695,45.695,45.695,45.695,376.0,WERN
2023-05-04 13:20:00,45.75,45.75,45.7,45.7,1876.0,WERN
2023-05-04 13:19:00,45.76,45.76,45.75,45.75,822.0,WERN
2023-05-04 13:18:00,45.705,45.74,45.705,45.74,1164.0,WERN
2023-05-04 13:17:00,45.705,45.705,45.705,45.705,268.0,WERN
2023-05-04 13:16:00,45.735,45.735,45.7,45.705,1296.0,WERN
2023-05-04 13:15:00,45.735,45.735,45.735,45.735,211.0,WERN
2023-05-04 13:13:00,45.82,45.855,45.74,45.74,3097.0,WERN
2023-05-04 13:12:00,45.82,45.82,45.82,45.82,191.0,WERN
2023-05-04 13:11:00,45.825,45.825,45.765,45.81,3157.0,WERN
2023-05-04 13:09:00,45.82,45.82,45.805,45.805,587.0,WERN
2023-05-04 13:08:00,45.88,45.89,45.8464,45.8464,2158.0,WERN
2023-05-04 13:07:00,45.86,45.86,45.86,45.86,169.0,WERN
2023-05-04 13:06:00,45.85,45.85,45.82,45.845,1274.0,WERN
2023-05-04 13:05:00,45.84,45.84,45.775,45.83,2887.0,WERN
2023-05-04 13:03:00,45.845,45.845,45.845,45.845,219.0,WERN
2023-05-04 13:02:00,45.85,45.85,45.85,45.85,306.0,WERN
2023-05-04 13:01:00,45.85,45.87,45.8,45.835,2639.0,WERN
2023-05-04 13:00:00,45.87,45.87,45.87,45.87,294.0,WERN
2023-05-04 12:59:00,45.825,45.83,45.825,45.83,582.0,WERN
2023-05-04 12:58:00,45.765,45.8,45.765,45.8,684.0,WERN
2023-05-04 12:57:00,45.76,45.77,45.76,45.77,568.0,WERN
2023-05-04 12:56:00,45.69,45.73,45.69,45.73,1248.0,WERN
2023-05-04 12:54:00,45.72,45.72,45.645,45.66,3086.0,WERN
2023-05-04 12:53:00,45.74,45.74,45.71,45.71,3619.0,WERN
2023-05-04 12:52:00,45.725,45.75,45.725,45.75,886.0,WERN
2023-05-04 12:51:00,45.7,45.725,45.7,45.725,491.0,WERN
2023-05-04 12:50:00,45.555,45.76,45.555,45.76,2006.0,WERN
2023-05-04 12:49:00,45.575,45.575,45.575,45.575,202.0,WERN
2023-05-04 12:48:00,45.5,45.58,45.5,45.58,902.0,WERN
2023-05-04 12:46:00,45.465,45.465,45.405,45.405,518.0,WERN
2023-05-04 12:45:00,45.455,45.465,45.4,45.465,2915.0,WERN
2023-05-04 12:44:00,45.43,45.48,45.43,45.455,1308.0,WERN
2023-05-04 12:43:00,45.4,45.41,45.39,45.41,1553.0,WERN
2023-05-04 12:42:00,45.39,45.39,45.39,45.39,124.0,WERN
2023-05-04 12:40:00,45.37,45.37,45.37,45.37,1114.0,WERN
2023-05-04 12:39:00,45.29,45.33,45.29,45.32,2125.0,WERN
2023-05-04 12:38:00,45.29,45.29,45.29,45.29,358.0,WERN
2023-05-04 12:37:00,45.285,45.285,45.285,45.285,125.0,WERN
2023-05-04 12:36:00,45.313,45.335,45.25,45.25,4979.0,WERN
2023-05-04 12:35:00,45.335,45.335,45.335,45.335,203.0,WERN
2023-05-04 12:34:00,45.37,45.37,45.37,45.37,107.0,WERN
2023-05-04 12:33:00,45.345,45.345,45.31,45.335,780.0,WERN
2023-05-04 12:32:00,45.41,45.41,45.3,45.345,4286.0,WERN
2023-05-04 12:31:00,45.41,45.41,45.41,45.41,340.0,WERN
2023-05-04 12:30:00,45.37,45.405,45.33,45.405,1343.0,WERN
2023-05-04 12:29:00,45.34,45.355,45.3,45.3,1022.0,WERN
2023-05-04 12:27:00,45.33,45.33,45.32,45.32,295.0,WERN
2023-05-04 12:26:00,45.38,45.43,45.35,45.35,4717.0,WERN
2023-05-04 12:25:00,45.37,45.4,45.37,45.395,3133.0,WERN
2023-05-04 12:24:00,45.33,45.38,45.3,45.36,1422.0,WERN
2023-05-04 12:23:00,45.29,45.29,45.29,45.29,342.0,WERN
2023-05-04 12:22:00,45.32,45.32,45.32,45.32,1012.0,WERN
2023-05-04 12:20:00,45.31,45.35,45.28,45.33,1513.0,WERN
2023-05-04 12:19:00,45.4,45.4,45.33,45.33,1136.0,WERN
2023-05-04 12:18:00,45.33,45.42,45.33,45.37,4021.0,WERN
2023-05-04 12:17:00,45.325,45.39,45.325,45.33,2381.0,WERN
2023-05-04 12:16:00,45.29,45.32,45.29,45.295,1133.0,WERN
2023-05-04 12:14:00,45.29,45.29,45.25,45.275,1960.0,WERN
2023-05-04 12:13:00,45.25,45.28,45.25,45.27,679.0,WERN
2023-05-04 12:11:00,45.23,45.27,45.21,45.22,2624.0,WERN
2023-05-04 12:10:00,45.25,45.25,45.245,45.245,452.0,WERN
2023-05-04 12:09:00,45.29,45.29,45.24,45.24,2460.0,WERN
2023-05-04 12:08:00,45.32,45.365,45.29,45.3175,2351.0,WERN
2023-05-04 12:07:00,45.35,45.41,45.35,45.36,1436.0,WERN
2023-05-04 12:05:00,45.43,45.43,45.34,45.3625,1889.0,WERN
2023-05-04 12:04:00,45.38,45.41,45.305,45.41,4600.0,WERN
2023-05-04 12:03:00,45.655,45.67,45.52,45.52,2001.0,WERN
2023-05-04 12:02:00,45.73,45.73,45.675,45.68,886.0,WERN
2023-05-04 12:01:00,45.81,45.82,45.745,45.745,1928.0,WERN
2023-05-04 12:00:00,45.83,45.86,45.82,45.82,2911.0,WERN
2023-05-04 11:59:00,45.77,45.82,45.75,45.82,1355.0,WERN
2023-05-04 11:58:00,45.73,45.74,45.72,45.72,1637.0,WERN
2023-05-04 11:57:00,45.8,45.8,45.68,45.685,2286.0,WERN
2023-05-04 11:56:00,45.8,45.815,45.77,45.77,2256.0,WERN
2023-05-04 11:55:00,45.825,45.85,45.79,45.85,1579.0,WERN
2023-05-04 11:54:00,45.825,45.825,45.825,45.825,708.0,WERN
2023-05-04 11:53:00,45.845,45.845,45.825,45.825,1452.0,WERN
2023-05-04 11:52:00,45.82,45.85,45.81,45.845,4026.0,WERN
2023-05-04 11:51:00,45.845,45.845,45.835,45.84,1053.0,WERN
2023-05-04 11:50:00,45.83,45.87,45.8,45.8625,2851.0,WERN
2023-05-04 11:49:00,45.785,45.84,45.75,45.835,3058.0,WERN
2023-05-04 11:48:00,45.76,45.79,45.76,45.79,1286.0,WERN
2023-05-04 11:47:00,45.91,45.94,45.705,45.76,11194.0,WERN
2023-05-04 11:46:00,45.895,45.895,45.87,45.89,2721.0,WERN
2023-05-04 11:45:00,45.9,45.9,45.895,45.895,247.0,WERN
2023-05-04 11:44:00,45.85,45.89,45.85,45.89,904.0,WERN
2023-05-04 11:43:00,45.79,45.84,45.785,45.835,2023.0,WERN
2023-05-04 11:42:00,45.805,45.805,45.785,45.785,3063.0,WERN
2023-05-04 11:41:00,45.76,45.82,45.75,45.82,3154.0,WERN
2023-05-04 11:39:00,45.72,45.72,45.72,45.72,244.0,WERN
2023-05-04 11:38:00,45.73,45.75,45.72,45.75,839.0,WERN
2023-05-04 11:37:00,45.74,45.74,45.74,45.74,324.0,WERN
2023-05-04 11:35:00,45.72,45.72,45.72,45.72,172.0,WERN
2023-05-04 11:34:00,45.735,45.735,45.69,45.71,4860.0,WERN
2023-05-04 11:33:00,45.74,45.74,45.73,45.73,463.0,WERN
2023-05-04 11:32:00,45.69,45.735,45.64,45.735,3348.0,WERN
2023-05-04 11:31:00,45.77,45.77,45.73,45.73,2249.0,WERN
2023-05-04 11:30:00,45.73,45.765,45.7,45.765,1725.0,WERN
2023-05-04 11:29:00,45.78,45.78,45.695,45.695,4299.0,WERN
2023-05-04 11:28:00,45.83,45.83,45.74,45.77,4534.0,WERN
2023-05-04 11:27:00,45.805,45.805,45.805,45.805,207.0,WERN
2023-05-04 11:26:00,45.71,45.835,45.71,45.835,1409.0,WERN
2023-05-04 11:25:00,45.64,45.71,45.64,45.66,1557.0,WERN
2023-05-04 11:24:00,45.64,45.71,45.64,45.71,528.0,WERN
2023-05-04 11:21:00,45.655,45.67,45.61,45.64,4637.0,WERN
2023-05-04 11:20:00,45.64,45.64,45.6,45.64,879.0,WERN
2023-05-04 11:19:00,45.555,45.66,45.4675,45.6,6559.0,WERN
2023-05-04 11:18:00,45.685,45.75,45.5175,45.6,6022.0,WERN
2023-05-04 11:17:00,45.75,45.75,45.75,45.75,163.0,WERN
2023-05-04 11:16:00,45.66,45.74,45.52,45.65,13969.0,WERN
2023-05-04 11:15:00,45.61,45.71,45.57,45.71,4954.0,WERN
2023-05-04 11:14:00,45.52,45.65,45.52,45.65,786.0,WERN
2023-05-04 11:13:00,45.46,45.53,45.43,45.53,1647.0,WERN
2023-05-04 11:12:00,45.45,45.46,45.42,45.45,1102.0,WERN
2023-05-04 11:11:00,45.39,45.45,45.38,45.42,1062.0,WERN
2023-05-04 11:10:00,45.29,45.47,45.28,45.39,3946.0,WERN
2023-05-04 11:08:00,45.25,45.295,45.23,45.295,2297.0,WERN
2023-05-04 11:06:00,45.2,45.2,45.2,45.2,358.0,WERN
2023-05-04 11:05:00,45.2,45.2,45.2,45.2,232.0,WERN
2023-05-04 11:04:00,45.22,45.26,45.18,45.2,3564.0,WERN
2023-05-04 11:03:00,45.25,45.26,45.25,45.26,525.0,WERN
2023-05-04 11:02:00,45.23,45.245,45.2,45.24,1084.0,WERN
2023-05-04 11:01:00,45.195,45.21,45.15,45.2,1639.0,WERN
2023-05-04 11:00:00,45.21,45.22,45.2,45.2,2633.0,WERN
2023-05-04 10:59:00,45.1,45.16,45.1,45.13,1756.0,WERN
2023-05-04 10:58:00,45.44,45.44,45.2,45.2,5960.0,WERN
2023-05-04 10:57:00,45.35,45.445,45.33,45.43,3264.0,WERN
2023-05-04 10:56:00,45.45,45.45,45.45,45.45,611.0,WERN
2023-05-04 10:55:00,45.39,45.395,45.39,45.395,734.0,WERN
2023-05-04 10:54:00,45.34,45.39,45.34,45.34,949.0,WERN
2023-05-04 10:53:00,45.3,45.36,45.3,45.34,2681.0,WERN
2023-05-04 10:51:00,45.455,45.49,45.245,45.245,5501.0,WERN
2023-05-04 10:50:00,45.45,45.52,45.41,45.455,5693.0,WERN
2023-05-04 10:49:00,45.49,45.53,45.49,45.53,866.0,WERN
2023-05-04 10:48:00,45.37,45.48,45.37,45.445,1013.0,WERN
2023-05-04 10:47:00,45.185,45.36,45.185,45.36,3117.0,WERN
2023-05-04 10:46:00,45.18,45.18,45.18,45.18,420.0,WERN
2023-05-04 10:45:00,45.265,45.265,45.17,45.24,5144.0,WERN
2023-05-04 10:44:00,45.3,45.3,45.3,45.3,463.0,WERN
2023-05-04 10:43:00,45.25,45.26,45.195,45.26,1186.0,WERN
2023-05-04 10:42:00,45.22,45.31,45.19,45.19,2443.0,WERN
2023-05-04 10:41:00,45.16,45.26,45.16,45.22,5151.0,WERN
2023-05-04 10:40:00,45.275,45.28,45.15,45.25,2010.0,WERN
2023-05-04 10:39:00,45.275,45.29,45.275,45.275,842.0,WERN
2023-05-04 10:38:00,45.275,45.31,45.25,45.25,3241.0,WERN
2023-05-04 10:37:00,45.385,45.385,45.3,45.3,7707.0,WERN
2023-05-04 10:36:00,45.32,45.44,45.32,45.44,858.0,WERN
2023-05-04 10:35:00,45.22,45.305,45.22,45.305,2705.0,WERN
2023-05-04 10:34:00,45.24,45.24,45.22,45.22,283.0,WERN
2023-05-04 10:33:00,45.2,45.34,45.17,45.21,8570.0,WERN
2023-05-04 10:32:00,45.02,45.17,45.01,45.17,12933.0,WERN
2023-05-04 10:31:00,45.075,45.075,45.06,45.06,403.0,WERN
2023-05-04 10:30:00,45.075,45.14,45.075,45.14,427.0,WERN
2023-05-04 10:29:00,45.14,45.14,45.135,45.135,227.0,WERN
2023-05-04 10:28:00,44.98,45.03,44.98,45.02,924.0,WERN
2023-05-04 10:27:00,44.955,44.98,44.93,44.95,1649.0,WERN
2023-05-04 10:26:00,44.955,45.01,44.955,45.0,910.0,WERN
2023-05-04 10:24:00,44.93,44.98,44.93,44.98,1004.0,WERN
2023-05-04 10:23:00,44.96,44.96,44.93,44.93,1426.0,WERN
2023-05-04 10:22:00,45.035,45.075,44.99,44.99,1597.0,WERN
2023-05-04 10:21:00,45.08,45.08,45.015,45.045,1765.0,WERN
2023-05-04 10:20:00,45.14,45.19,45.14,45.19,335.0,WERN
2023-05-04 10:19:00,45.04,45.07,45.0,45.04,1788.0,WERN
2023-05-04 10:18:00,45.09,45.09,44.99,45.02,2973.0,WERN
2023-05-04 10:17:00,45.24,45.24,45.24,45.24,250.0,WERN
2023-05-04 10:15:00,45.13,45.13,45.13,45.13,536.0,WERN
2023-05-04 10:14:00,45.15,45.155,45.03,45.15,1303.0,WERN
2023-05-04 10:13:00,45.27,45.27,45.17,45.195,1804.0,WERN
2023-05-04 10:12:00,45.15,45.33,45.15,45.27,1105.0,WERN
2023-05-04 10:11:00,45.11,45.18,45.105,45.15,1322.0,WERN
2023-05-04 10:09:00,45.01,45.11,44.97,45.11,2441.0,WERN
2023-05-04 10:08:00,44.85,44.93,44.83,44.88,1486.0,WERN
2023-05-04 10:07:00,44.75,44.93,44.75,44.93,1307.0,WERN
2023-05-04 10:06:00,44.775,44.775,44.775,44.775,121.0,WERN
2023-05-04 10:05:00,44.82,44.83,44.715,44.78,8419.0,WERN
2023-05-04 10:04:00,44.83,44.98,44.75,44.84,7084.0,WERN
2023-05-04 10:03:00,44.96,45.03,44.74,44.75,4346.0,WERN
2023-05-04 10:02:00,44.96,44.975,44.96,44.975,666.0,WERN
2023-05-04 10:01:00,44.8543,44.93,44.8,44.84,3836.0,WERN
2023-05-04 10:00:00,44.995,44.995,44.975,44.975,315.0,WERN
2023-05-04 09:59:00,44.47,44.8,44.47,44.76,2961.0,WERN
2023-05-04 09:58:00,44.53,44.53,44.47,44.47,1234.0,WERN
2023-05-04 09:57:00,44.37,44.37,44.37,44.37,253.0,WERN
2023-05-04 09:56:00,44.43,44.51,44.405,44.51,2156.0,WERN
2023-05-04 09:55:00,44.25,44.4,44.23,44.4,1164.0,WERN
2023-05-04 09:54:00,44.06,44.3,44.06,44.25,5361.0,WERN
2023-05-04 09:53:00,44.27,44.27,43.94,44.07,6302.0,WERN
2023-05-04 09:52:00,44.32,44.32,44.185,44.27,10237.0,WERN
2023-05-04 09:51:00,44.18,44.31,44.17,44.31,5882.0,WERN
2023-05-04 09:50:00,44.06,44.31,44.055,44.185,10590.0,WERN
2023-05-04 09:48:00,44.3,44.3,43.925,44.0575,5971.0,WERN
2023-05-04 09:47:00,44.57,44.585,44.32,44.425,7056.0,WERN
2023-05-04 09:46:00,44.59,44.6725,44.53,44.66,5744.0,WERN
2023-05-04 09:45:00,45.12,45.12,44.7,44.7,17329.0,WERN
2023-05-04 09:44:00,45.205,45.205,45.135,45.135,1100.0,WERN
2023-05-04 09:43:00,45.39,45.39,45.245,45.245,1824.0,WERN
2023-05-04 09:40:00,45.61,45.73,45.335,45.72,5511.0,WERN
2023-05-04 09:39:00,46.165,46.415,45.345,45.56,8003.0,WERN
2023-05-04 09:38:00,45.31,45.9,45.26,45.9,9844.0,WERN
2023-05-04 09:37:00,45.165,45.165,45.165,45.165,309.0,WERN
2023-05-04 09:36:00,45.15,45.15,45.15,45.15,238.0,WERN
2023-05-04 09:35:00,45.1,45.29,44.94,45.29,7710.0,WERN
2023-05-04 09:34:00,45.08,45.105,44.81,45.105,12577.0,WERN
2023-05-04 09:33:00,44.7384,45.56,44.6,45.065,2868.0,WERN
2023-05-04 09:32:00,45.17,45.17,44.59,44.95,7061.0,WERN
2023-05-04 09:31:00,45.51,45.59,44.593,45.02,9154.0,WERN
2023-05-03 16:06:00,45.26,45.26,45.01,45.01,2155.0,WERN
2023-05-03 16:02:00,46.16,46.16,46.16,46.16,7006.0,WERN
2023-05-03 16:01:00,46.16,46.16,46.16,46.16,29908.0,WERN
2023-05-03 16:00:00,46.07,46.16,46.06,46.16,34247.0,WERN
2023-05-03 15:59:00,46.06,46.07,46.02,46.07,16621.0,WERN
2023-05-03 15:58:00,46.07,46.08,46.041,46.06,12797.0,WERN
2023-05-03 15:57:00,46.08,46.095,46.07,46.08,10081.0,WERN
2023-05-03 15:56:00,46.05,46.1,46.02,46.082,10001.0,WERN
2023-05-03 15:55:00,46.09,46.11,46.03,46.05,10890.0,WERN
2023-05-03 15:54:00,46.09,46.11,46.04,46.07,5942.0,WERN
2023-05-03 15:53:00,46.18,46.18,46.07,46.07,5164.0,WERN
2023-05-03 15:52:00,46.172,46.172,46.12,46.14,5728.0,WERN
2023-05-03 15:51:00,46.18,46.21,46.16,46.17,7714.0,WERN
2023-05-03 15:50:00,46.21,46.215,46.18,46.19,4732.0,WERN
2023-05-03 15:49:00,46.21,46.24,46.2,46.23,6326.0,WERN
2023-05-03 15:48:00,46.17,46.21,46.14,46.19,6513.0,WERN
2023-05-03 15:47:00,46.15,46.165,46.14,46.15,4556.0,WERN
2023-05-03 15:46:00,46.09,46.18,46.09,46.18,3988.0,WERN
2023-05-03 15:45:00,46.1,46.11,46.08,46.09,8129.0,WERN
2023-05-03 15:44:00,46.162,46.17,46.1,46.1,3008.0,WERN
2023-05-03 15:43:00,46.18,46.18,46.11,46.16,4553.0,WERN
2023-05-03 15:42:00,46.15,46.22,46.15,46.21,2271.0,WERN
2023-05-03 15:41:00,46.22,46.23,46.17,46.175,4303.0,WERN
2023-05-03 15:40:00,46.265,46.265,46.23,46.24,3333.0,WERN
2023-05-03 15:39:00,46.25,46.28,46.25,46.26,2863.0,WERN
2023-05-03 15:38:00,46.29,46.3,46.25,46.25,2510.0,WERN
2023-05-03 15:37:00,46.31,46.31,46.28,46.28,1884.0,WERN
2023-05-03 15:36:00,46.29,46.3,46.25,46.25,1833.0,WERN
2023-05-03 15:35:00,46.23,46.295,46.23,46.27,5289.0,WERN
2023-05-03 15:34:00,46.26,46.27,46.24,46.25,4644.0,WERN
2023-05-03 15:33:00,46.25,46.25,46.215,46.215,282.0,WERN
2023-05-03 15:32:00,46.25,46.27,46.22,46.22,2461.0,WERN
2023-05-03 15:31:00,46.32,46.32,46.23,46.25,4787.0,WERN
2023-05-03 15:30:00,46.37,46.37,46.29,46.32,3102.0,WERN
2023-05-03 15:29:00,46.43,46.44,46.35,46.351,2199.0,WERN
2023-05-03 15:28:00,46.515,46.515,46.46,46.47,1569.0,WERN
2023-05-03 15:27:00,46.47,46.5121,46.47,46.5121,1273.0,WERN
2023-05-03 15:26:00,46.5,46.51,46.4812,46.49,3030.0,WERN
2023-05-03 15:25:00,46.48,46.515,46.43,46.43,1553.0,WERN
2023-05-03 15:24:00,46.43,46.5,46.43,46.5,2862.0,WERN
2023-05-03 15:23:00,46.375,46.39,46.29,46.39,7840.0,WERN
2023-05-03 15:22:00,46.415,46.415,46.36,46.36,633.0,WERN
2023-05-03 15:21:00,46.46,46.46,46.4,46.415,648.0,WERN
2023-05-03 15:20:00,46.47,46.48,46.47,46.48,316.0,WERN
2023-05-03 15:19:00,46.54,46.54,46.54,46.54,322.0,WERN
2023-05-03 15:18:00,46.53,46.59,46.5,46.55,4887.0,WERN
2023-05-03 15:17:00,46.5,46.51,46.47,46.49,2824.0,WERN
2023-05-03 15:16:00,46.49,46.49,46.4677,46.4677,1074.0,WERN
2023-05-03 15:14:00,46.5,46.57,46.48,46.54,4231.0,WERN
2023-05-03 15:13:00,46.56,46.56,46.53,46.53,1151.0,WERN
2023-05-03 15:12:00,46.565,46.64,46.565,46.63,3242.0,WERN
2023-05-03 15:11:00,46.64,46.65,46.58,46.595,2737.0,WERN
2023-05-03 15:09:00,46.72,46.72,46.72,46.72,451.0,WERN
2023-05-03 15:08:00,46.83,46.83,46.76,46.77,3807.0,WERN
2023-05-03 15:07:00,46.94,46.94,46.86,46.86,2013.0,WERN
2023-05-03 15:06:00,46.91,46.98,46.86,46.95,1348.0,WERN
2023-05-03 15:05:00,46.84,46.88,46.83,46.88,2051.0,WERN
2023-05-03 15:04:00,46.81,46.81,46.76,46.8,2261.0,WERN
2023-05-03 15:03:00,46.83,46.84,46.82,46.825,2004.0,WERN
2023-05-03 15:02:00,46.91,46.91,46.86,46.86,4719.0,WERN
2023-05-03 15:00:00,46.88,46.91,46.88,46.91,207.0,WERN
2023-05-03 14:59:00,46.83,46.87,46.83,46.8675,1419.0,WERN
2023-05-03 14:58:00,46.85,46.85,46.83,46.83,1235.0,WERN
2023-05-03 14:57:00,46.82,46.88,46.79,46.87,6127.0,WERN
2023-05-03 14:56:00,46.74,46.82,46.74,46.82,266.0,WERN
2023-05-03 14:55:00,46.7991,46.7991,46.785,46.785,552.0,WERN
2023-05-03 14:54:00,46.73,46.75,46.73,46.75,1363.0,WERN
2023-05-03 14:53:00,46.65,46.7,46.63,46.6925,1372.0,WERN
2023-05-03 14:52:00,46.75,46.77,46.71,46.71,4620.0,WERN
2023-05-03 14:51:00,46.8,46.8,46.77,46.77,1109.0,WERN
2023-05-03 14:50:00,46.82,46.85,46.82,46.82,1489.0,WERN
2023-05-03 14:49:00,46.81,46.87,46.81,46.87,1563.0,WERN
2023-05-03 14:48:00,46.79,46.79,46.79,46.79,347.0,WERN
2023-05-03 14:47:00,46.885,46.885,46.8,46.81,2691.0,WERN
2023-05-03 14:46:00,46.81,46.89,46.796,46.89,4742.0,WERN
2023-05-03 14:44:00,46.77,46.77,46.77,46.77,485.0,WERN
2023-05-03 14:43:00,46.87,46.87,46.77,46.77,1314.0,WERN
2023-05-03 14:42:00,46.92,46.92,46.9,46.9,1045.0,WERN
2023-05-03 14:41:00,46.84,46.96,46.79,46.94,5363.0,WERN
2023-05-03 14:40:00,46.83,46.83,46.75,46.79,5293.0,WERN
2023-05-03 14:39:00,46.75,46.79,46.75,46.79,1263.0,WERN
2023-05-03 14:38:00,46.555,46.67,46.555,46.67,2529.0,WERN
2023-05-03 14:37:00,46.61,46.615,46.57,46.57,847.0,WERN
2023-05-03 14:36:00,46.745,46.745,46.61,46.61,1704.0,WERN
2023-05-03 14:35:00,46.78,46.78,46.745,46.745,1682.0,WERN
2023-05-03 14:34:00,46.74,46.81,46.74,46.81,1276.0,WERN
2023-05-03 14:33:00,46.75,46.75,46.75,46.75,194.0,WERN
2023-05-03 14:32:00,46.81,46.81,46.77,46.795,4018.0,WERN
2023-05-03 14:30:00,46.811,46.84,46.811,46.84,337.0,WERN
2023-05-03 14:29:00,46.87,46.87,46.84,46.86,1355.0,WERN
2023-05-03 14:27:00,46.89,46.9,46.88,46.89,2775.0,WERN
2023-05-03 14:26:00,46.88,46.88,46.87,46.87,1021.0,WERN
2023-05-03 14:25:00,46.87,46.87,46.84,46.84,784.0,WERN
2023-05-03 14:24:00,46.91,46.91,46.87,46.88,2684.0,WERN
2023-05-03 14:23:00,46.915,46.915,46.915,46.915,118.0,WERN
2023-05-03 14:22:00,46.95,46.95,46.88,46.88,2227.0,WERN
2023-05-03 14:21:00,46.89,46.89,46.89,46.89,312.0,WERN
2023-05-03 14:19:00,46.77,46.86,46.77,46.86,2665.0,WERN
2023-05-03 14:18:00,46.85,46.85,46.85,46.85,111.0,WERN
2023-05-03 14:17:00,46.85,46.85,46.85,46.85,312.0,WERN
2023-05-03 14:14:00,46.86,46.86,46.86,46.86,177.0,WERN
2023-05-03 14:13:00,46.8,46.8,46.8,46.8,610.0,WERN
2023-05-03 14:12:00,46.79,46.79,46.76,46.79,707.0,WERN
2023-05-03 14:11:00,46.815,46.815,46.815,46.815,204.0,WERN
2023-05-03 14:10:00,46.89,46.925,46.85,46.85,2453.0,WERN
2023-05-03 14:09:00,46.92,46.99,46.92,46.955,1462.0,WERN
2023-05-03 14:08:00,46.855,46.88,46.825,46.88,1577.0,WERN
2023-05-03 14:07:00,46.825,46.83,46.82,46.82,620.0,WERN
2023-05-03 14:06:00,46.82,46.825,46.78,46.78,327.0,WERN
2023-05-03 14:05:00,46.755,46.83,46.755,46.83,702.0,WERN
2023-05-03 14:04:00,46.755,46.83,46.755,46.83,375.0,WERN
2023-05-03 14:03:00,46.74,46.74,46.74,46.74,162.0,WERN
2023-05-03 14:01:00,46.78,46.81,46.53,46.53,954.0,WERN
2023-05-03 13:59:00,46.895,46.895,46.82,46.82,1187.0,WERN
2023-05-03 13:58:00,46.87,46.875,46.87,46.875,839.0,WERN
2023-05-03 13:57:00,46.82,46.88,46.82,46.88,784.0,WERN
2023-05-03 13:56:00,46.8,46.8,46.78,46.78,971.0,WERN
2023-05-03 13:55:00,46.69,46.7,46.69,46.7,1652.0,WERN
2023-05-03 13:54:00,46.62,46.675,46.62,46.665,3983.0,WERN
2023-05-03 13:53:00,46.62,46.62,46.62,46.62,170.0,WERN
2023-05-03 13:51:00,46.65,46.65,46.65,46.65,444.0,WERN
2023-05-03 13:48:00,46.71,46.71,46.675,46.675,1059.0,WERN
2023-05-03 13:46:00,46.72,46.73,46.72,46.72,1510.0,WERN
2023-05-03 13:45:00,46.73,46.73,46.72,46.72,1247.0,WERN
2023-05-03 13:41:00,46.77,46.77,46.72,46.72,1223.0,WERN
2023-05-03 13:40:00,46.77,46.77,46.77,46.77,659.0,WERN
2023-05-03 13:39:00,46.78,46.78,46.78,46.78,417.0,WERN
2023-05-03 13:38:00,46.83,46.83,46.8,46.8,1079.0,WERN
2023-05-03 13:37:00,46.82,46.82,46.82,46.82,407.0,WERN
2023-05-03 13:34:00,46.82,46.82,46.82,46.82,120.0,WERN
2023-05-03 13:32:00,46.92,46.92,46.85,46.86,2947.0,WERN
2023-05-03 13:30:00,46.92,46.92,46.92,46.92,252.0,WERN
2023-05-03 13:29:00,46.91,46.915,46.91,46.915,1325.0,WERN
2023-05-03 13:28:00,46.91,46.91,46.91,46.91,104.0,WERN
2023-05-03 13:27:00,46.885,46.91,46.885,46.91,1185.0,WERN
2023-05-03 13:23:00,46.89,46.89,46.89,46.89,1256.0,WERN
2023-05-03 13:22:00,46.88,46.88,46.88,46.88,370.0,WERN
2023-05-03 13:21:00,46.92,46.92,46.88,46.88,555.0,WERN
2023-05-03 13:18:00,46.91,46.92,46.91,46.91,552.0,WERN
2023-05-03 13:17:00,46.9,46.92,46.9,46.92,742.0,WERN
2023-05-03 13:16:00,46.95,46.95,46.95,46.95,184.0,WERN
2023-05-03 13:14:00,46.95,46.95,46.94,46.94,1205.0,WERN
2023-05-03 13:13:00,46.97,46.97,46.97,46.97,940.0,WERN
2023-05-03 13:06:00,47.005,47.005,46.97,46.97,319.0,WERN
2023-05-03 13:04:00,47.005,47.005,47.005,47.005,179.0,WERN
2023-05-03 13:02:00,47.005,47.005,47.005,47.005,114.0,WERN
2023-05-03 13:01:00,47.01,47.01,47.01,47.01,334.0,WERN
2023-05-03 12:59:00,46.92,46.95,46.92,46.95,1011.0,WERN
2023-05-03 12:58:00,46.92,46.925,46.9,46.9,1409.0,WERN
2023-05-03 12:57:00,46.99,46.99,46.99,46.99,354.0,WERN
2023-05-03 12:56:00,46.98,46.98,46.98,46.98,191.0,WERN
2023-05-03 12:55:00,46.98,46.98,46.98,46.98,161.0,WERN
2023-05-03 12:54:00,46.99,46.99,46.99,46.99,409.0,WERN
2023-05-03 12:53:00,46.965,46.965,46.965,46.965,262.0,WERN
2023-05-03 12:52:00,46.94,46.94,46.94,46.94,786.0,WERN
2023-05-03 12:51:00,46.92,46.925,46.92,46.92,967.0,WERN
2023-05-03 12:50:00,46.95,46.95,46.92,46.92,1070.0,WERN
2023-05-03 12:49:00,46.96,46.96,46.96,46.96,377.0,WERN
2023-05-03 12:48:00,46.94,46.965,46.94,46.965,551.0,WERN
2023-05-03 12:46:00,46.91,46.92,46.91,46.91,724.0,WERN
2023-05-03 12:45:00,46.91,46.91,46.91,46.91,314.0,WERN
2023-05-03 12:39:00,46.85,46.86,46.85,46.86,551.0,WERN
2023-05-03 12:36:00,46.81,46.81,46.81,46.81,742.0,WERN
2023-05-03 12:35:00,46.8,46.8,46.77,46.77,1790.0,WERN
2023-05-03 12:34:00,46.85,46.85,46.81,46.81,866.0,WERN
2023-05-03 12:33:00,46.85,46.85,46.85,46.85,221.0,WERN
2023-05-03 12:32:00,46.84,46.84,46.84,46.84,409.0,WERN
2023-05-03 12:31:00,46.8,46.8,46.8,46.8,697.0,WERN
2023-05-03 12:29:00,46.78,46.78,46.78,46.78,870.0,WERN
2023-05-03 12:28:00,46.76,46.78,46.76,46.78,1759.0,WERN
2023-05-03 12:26:00,46.77,46.77,46.77,46.77,335.0,WERN
2023-05-03 12:25:00,46.77,46.77,46.77,46.77,243.0,WERN
2023-05-03 12:23:00,46.765,46.765,46.765,46.765,110.0,WERN
2023-05-03 12:22:00,46.75,46.76,46.75,46.76,1972.0,WERN
2023-05-03 12:18:00,46.755,46.755,46.74,46.74,473.0,WERN
2023-05-03 12:16:00,46.76,46.78,46.76,46.78,1157.0,WERN
2023-05-03 12:15:00,46.8,46.8,46.8,46.8,800.0,WERN
2023-05-03 12:13:00,46.905,46.905,46.84,46.84,2270.0,WERN
2023-05-03 12:08:00,46.91,46.91,46.91,46.91,163.0,WERN
2023-05-03 12:07:00,46.91,46.91,46.91,46.91,638.0,WERN
2023-05-03 12:04:00,46.88,46.9,46.88,46.9,714.0,WERN
2023-05-03 12:01:00,46.87,46.87,46.87,46.87,450.0,WERN
2023-05-03 12:00:00,46.9,46.9,46.9,46.9,558.0,WERN
2023-05-03 11:59:00,46.86,46.87,46.86,46.87,1156.0,WERN
2023-05-03 11:58:00,46.8714,46.8714,46.84,46.84,2092.0,WERN
2023-05-03 11:57:00,46.82,46.89,46.82,46.89,1451.0,WERN
2023-05-03 11:56:00,46.82,46.82,46.82,46.82,243.0,WERN
2023-05-03 11:54:00,46.81,46.81,46.81,46.81,741.0,WERN
2023-05-03 11:51:00,46.8,46.8,46.8,46.8,351.0,WERN
2023-05-03 11:50:00,46.82,46.83,46.82,46.83,629.0,WERN
2023-05-03 11:49:00,46.83,46.83,46.83,46.83,486.0,WERN
2023-05-03 11:47:00,46.88,46.88,46.85,46.855,3754.0,WERN
2023-05-03 11:44:00,46.88,46.88,46.88,46.88,154.0,WERN
2023-05-03 11:43:00,46.88,46.88,46.88,46.88,203.0,WERN
2023-05-03 11:42:00,46.87,46.87,46.87,46.87,305.0,WERN
2023-05-03 11:40:00,46.89,46.89,46.87,46.87,932.0,WERN
2023-05-03 11:39:00,46.8825,46.8825,46.8825,46.8825,449.0,WERN
2023-05-03 11:37:00,46.88,46.88,46.87,46.87,955.0,WERN
2023-05-03 11:36:00,46.83,46.845,46.83,46.845,866.0,WERN
2023-05-03 11:35:00,46.81,46.81,46.81,46.81,862.0,WERN
2023-05-03 11:33:00,46.78,46.78,46.78,46.78,923.0,WERN
2023-05-03 11:31:00,46.78,46.78,46.78,46.78,138.0,WERN
2023-05-03 11:30:00,46.78,46.78,46.78,46.78,134.0,WERN
2023-05-03 11:29:00,46.79,46.79,46.76,46.78,1435.0,WERN
2023-05-03 11:28:00,46.88,46.88,46.81,46.825,1118.0,WERN
2023-05-03 11:25:00,46.84,46.85,46.84,46.845,914.0,WERN
2023-05-03 11:24:00,46.805,46.805,46.805,46.805,248.0,WERN
2023-05-03 11:23:00,46.79,46.79,46.79,46.79,1812.0,WERN
2023-05-03 11:22:00,46.84,46.84,46.84,46.84,255.0,WERN
2023-05-03 11:21:00,46.84,46.84,46.84,46.84,205.0,WERN
2023-05-03 11:19:00,46.8,46.82,46.8,46.82,515.0,WERN
2023-05-03 11:18:00,46.75,46.79,46.75,46.79,772.0,WERN
2023-05-03 11:17:00,46.73,46.73,46.73,46.73,1151.0,WERN
2023-05-03 11:16:00,46.75,46.75,46.75,46.75,339.0,WERN
2023-05-03 11:15:00,46.75,46.75,46.74,46.74,740.0,WERN
2023-05-03 11:14:00,46.69,46.73,46.69,46.725,1540.0,WERN
2023-05-03 11:13:00,46.68,46.68,46.68,46.68,1802.0,WERN
2023-05-03 11:12:00,46.67,46.67,46.67,46.67,807.0,WERN
2023-05-03 11:10:00,46.65,46.65,46.65,46.65,468.0,WERN
2023-05-03 11:09:00,46.64,46.65,46.64,46.65,899.0,WERN
2023-05-03 11:08:00,46.63,46.665,46.63,46.665,1728.0,WERN
2023-05-03 11:07:00,46.61,46.61,46.61,46.61,738.0,WERN
2023-05-03 11:06:00,46.655,46.675,46.63,46.64,2116.0,WERN
2023-05-03 11:04:00,46.68,46.68,46.68,46.68,486.0,WERN
2023-05-03 11:03:00,46.62,46.68,46.62,46.63,665.0,WERN
2023-05-03 11:02:00,46.74,46.74,46.67,46.67,463.0,WERN
2023-05-03 10:59:00,46.7775,46.7775,46.73,46.73,1035.0,WERN
2023-05-03 10:58:00,46.74,46.77,46.74,46.77,1179.0,WERN
2023-05-03 10:57:00,46.73,46.73,46.73,46.73,1136.0,WERN
2023-05-03 10:56:00,46.705,46.705,46.63,46.63,357.0,WERN
2023-05-03 10:55:00,46.78,46.78,46.67,46.67,726.0,WERN
2023-05-03 10:54:00,46.78,46.78,46.77,46.77,1043.0,WERN
2023-05-03 10:53:00,46.79,46.79,46.74,46.79,2324.0,WERN
2023-05-03 10:52:00,46.79,46.79,46.79,46.79,203.0,WERN
2023-05-03 10:51:00,46.765,46.765,46.765,46.765,413.0,WERN
2023-05-03 10:49:00,46.77,46.77,46.76,46.77,1645.0,WERN
2023-05-03 10:48:00,46.75,46.75,46.75,46.75,411.0,WERN
2023-05-03 10:47:00,46.74,46.74,46.74,46.74,494.0,WERN
2023-05-03 10:46:00,46.76,46.77,46.74,46.77,1988.0,WERN
2023-05-03 10:45:00,46.68,46.74,46.68,46.74,1351.0,WERN
2023-05-03 10:44:00,46.68,46.74,46.68,46.74,1546.0,WERN
2023-05-03 10:43:00,46.78,46.78,46.68,46.76,1627.0,WERN
2023-05-03 10:42:00,46.85,46.93,46.7269,46.7269,3139.0,WERN
2023-05-03 10:40:00,46.905,46.905,46.85,46.85,1297.0,WERN
2023-05-03 10:39:00,46.915,46.915,46.915,46.915,235.0,WERN
2023-05-03 10:38:00,46.95,46.95,46.945,46.945,721.0,WERN
2023-05-03 10:37:00,46.95,46.96,46.95,46.96,1772.0,WERN
2023-05-03 10:36:00,47.015,47.015,46.91,46.91,1692.0,WERN
2023-05-03 10:35:00,47.02,47.02,46.96,46.96,326.0,WERN
2023-05-03 10:34:00,47.015,47.02,47.0,47.0,346.0,WERN
2023-05-03 10:33:00,46.975,47.01,46.975,47.01,308.0,WERN
2023-05-03 10:32:00,46.97,47.0,46.97,46.9975,1031.0,WERN
2023-05-03 10:30:00,46.98,46.98,46.98,46.98,291.0,WERN
2023-05-03 10:29:00,46.92,46.93,46.92,46.92,741.0,WERN
2023-05-03 10:28:00,46.95,46.95,46.88,46.88,1916.0,WERN
2023-05-03 10:26:00,46.95,46.96,46.94,46.94,2374.0,WERN
2023-05-03 10:23:00,46.935,46.935,46.92,46.925,1515.0,WERN
2023-05-03 10:22:00,46.945,46.945,46.945,46.945,799.0,WERN
2023-05-03 10:21:00,46.94,46.94,46.94,46.94,280.0,WERN
2023-05-03 10:19:00,46.935,46.935,46.935,46.935,230.0,WERN
2023-05-03 10:18:00,46.84,46.869,46.84,46.85,1229.0,WERN
2023-05-03 10:17:00,46.84,46.84,46.84,46.84,210.0,WERN
2023-05-03 10:16:00,46.75,46.79,46.73,46.785,1695.0,WERN
2023-05-03 10:15:00,46.72,46.72,46.685,46.685,1450.0,WERN
2023-05-03 10:14:00,46.755,46.755,46.75,46.75,300.0,WERN
2023-05-03 10:13:00,46.75,46.755,46.73,46.755,2209.0,WERN
2023-05-03 10:12:00,46.71,46.77,46.71,46.72,1284.0,WERN
2023-05-03 10:11:00,46.71,46.72,46.67,46.69,2200.0,WERN
2023-05-03 10:10:00,46.68,46.68,46.67,46.67,1122.0,WERN
2023-05-03 10:09:00,46.745,46.745,46.745,46.745,222.0,WERN
2023-05-03 10:08:00,46.745,46.745,46.745,46.745,205.0,WERN
2023-05-03 10:07:00,46.74,46.74,46.74,46.74,204.0,WERN
2023-05-03 10:06:00,46.695,46.745,46.695,46.745,559.0,WERN
2023-05-03 10:05:00,46.715,46.715,46.69,46.69,306.0,WERN
2023-05-03 10:04:00,46.715,46.715,46.715,46.715,101.0,WERN
2023-05-03 10:03:00,46.7,46.725,46.7,46.725,1266.0,WERN
2023-05-03 10:02:00,46.68,46.68,46.64,46.64,395.0,WERN
2023-05-03 10:01:00,46.6575,46.66,46.6575,46.66,471.0,WERN
2023-05-03 10:00:00,46.65,46.665,46.65,46.665,302.0,WERN
2023-05-03 09:58:00,46.67,46.67,46.67,46.67,762.0,WERN
2023-05-03 09:57:00,46.67,46.74,46.67,46.74,392.0,WERN
2023-05-03 09:56:00,46.69,46.745,46.69,46.745,444.0,WERN
2023-05-03 09:54:00,46.62,46.62,46.605,46.605,259.0,WERN
2023-05-03 09:53:00,46.545,46.62,46.545,46.62,565.0,WERN
2023-05-03 09:52:00,46.5175,46.54,46.5,46.52,1576.0,WERN
2023-05-03 09:51:00,46.595,46.595,46.59,46.59,434.0,WERN
2023-05-03 09:50:00,46.54,46.545,46.54,46.545,357.0,WERN
2023-05-03 09:49:00,46.5425,46.545,46.5425,46.545,214.0,WERN
2023-05-03 09:48:00,46.5575,46.575,46.5425,46.5425,305.0,WERN
2023-05-03 09:46:00,46.44,46.46,46.435,46.45,1371.0,WERN
2023-05-03 09:45:00,46.43,46.43,46.43,46.43,111.0,WERN
2023-05-03 09:44:00,46.485,46.485,46.41,46.41,1127.0,WERN
2023-05-03 09:41:00,46.495,46.4996,46.495,46.4996,462.0,WERN
2023-05-03 09:40:00,46.44,46.44,46.44,46.44,169.0,WERN
2023-05-03 09:39:00,46.3851,46.43,46.3851,46.395,464.0,WERN
2023-05-03 09:38:00,46.42,46.42,46.42,46.42,323.0,WERN
2023-05-03 09:36:00,46.4299,46.4299,46.4299,46.4299,204.0,WERN
2023-05-03 09:34:00,46.46,46.46,46.46,46.46,172.0,WERN
2023-05-03 09:33:00,46.08,46.505,46.08,46.505,557.0,WERN
2023-05-03 09:32:00,46.25,46.25,45.875,45.875,712.0,WERN
2023-05-03 09:31:00,46.07,46.07,46.07,46.07,2514.0,WERN
2023-05-02 16:01:00,46.07,46.07,46.07,46.07,10919.0,WERN
2023-05-02 16:00:00,46.15,46.15,46.05,46.06,19786.0,WERN
2023-05-02 15:59:00,46.15,46.16,46.12,46.14,10440.0,WERN
2023-05-02 15:58:00,46.13,46.18,46.13,46.15,10346.0,WERN
2023-05-02 15:57:00,46.15,46.165,46.12,46.13,9023.0,WERN
2023-05-02 15:56:00,46.175,46.175,46.14,46.14,5800.0,WERN
2023-05-02 15:55:00,46.17,46.19,46.13,46.18,8502.0,WERN
2023-05-02 15:54:00,46.14,46.2,46.14,46.18,5186.0,WERN
2023-05-02 15:53:00,46.13,46.135,46.13,46.13,2108.0,WERN
2023-05-02 15:52:00,46.18,46.18,46.11,46.14,4425.0,WERN
2023-05-02 15:51:00,46.065,46.175,46.065,46.175,14080.0,WERN
2023-05-02 15:50:00,46.055,46.08,46.055,46.07,3381.0,WERN
2023-05-02 15:49:00,46.07,46.085,46.055,46.055,2965.0,WERN
2023-05-02 15:48:00,46.1,46.11,46.09,46.09,2734.0,WERN
2023-05-02 15:47:00,46.115,46.125,46.1,46.1,2313.0,WERN
2023-05-02 15:46:00,46.16,46.16,46.1,46.12,3894.0,WERN
2023-05-02 15:45:00,46.16,46.17,46.16,46.16,896.0,WERN
2023-05-02 15:44:00,46.19,46.19,46.16,46.18,2907.0,WERN
2023-05-02 15:43:00,46.17,46.195,46.17,46.17,3244.0,WERN
2023-05-02 15:42:00,46.15,46.15,46.15,46.15,926.0,WERN
2023-05-02 15:41:00,46.15,46.15,46.15,46.15,155.0,WERN
2023-05-02 15:40:00,46.145,46.145,46.145,46.145,963.0,WERN
2023-05-02 15:39:00,46.07,46.12,46.07,46.12,1515.0,WERN
2023-05-02 15:38:00,46.04,46.055,46.04,46.055,1520.0,WERN
2023-05-02 15:37:00,46.04,46.055,46.03,46.03,3249.0,WERN
2023-05-02 15:36:00,46.07,46.07,46.07,46.07,298.0,WERN
2023-05-02 15:35:00,46.06,46.07,46.06,46.07,354.0,WERN
2023-05-02 15:34:00,46.065,46.065,46.06,46.06,416.0,WERN
2023-05-02 15:33:00,46.06,46.085,46.06,46.075,1561.0,WERN
2023-05-02 15:32:00,46.08,46.08,46.06,46.06,638.0,WERN
2023-05-02 15:31:00,46.105,46.105,46.07,46.09,1713.0,WERN
2023-05-02 15:30:00,46.11,46.11,46.1,46.1,943.0,WERN
2023-05-02 15:29:00,46.095,46.115,46.07,46.095,2597.0,WERN
2023-05-02 15:28:00,46.07,46.105,46.07,46.105,1028.0,WERN
2023-05-02 15:27:00,46.04,46.07,46.04,46.06,1490.0,WERN
2023-05-02 15:26:00,46.06,46.06,46.06,46.06,626.0,WERN
2023-05-02 15:25:00,46.03,46.04,46.03,46.04,713.0,WERN
2023-05-02 15:24:00,46.0,46.03,46.0,46.0,630.0,WERN
2023-05-02 15:23:00,45.95,45.97,45.95,45.97,1607.0,WERN
2023-05-02 15:22:00,45.92,45.92,45.92,45.92,229.0,WERN
2023-05-02 15:20:00,45.94,45.94,45.94,45.94,129.0,WERN
2023-05-02 15:19:00,45.9,45.92,45.9,45.92,1006.0,WERN
2023-05-02 15:18:00,45.915,45.915,45.9,45.9,869.0,WERN
2023-05-02 15:17:00,45.96,45.96,45.91,45.91,1599.0,WERN
2023-05-02 15:16:00,45.97,45.97,45.97,45.97,302.0,WERN
2023-05-02 15:15:00,45.935,45.97,45.935,45.97,1283.0,WERN
2023-05-02 15:14:00,45.94,45.94,45.93,45.93,1882.0,WERN
2023-05-02 15:11:00,45.935,45.96,45.93,45.96,763.0,WERN
2023-05-02 15:09:00,45.9,45.91,45.9,45.91,923.0,WERN
2023-05-02 15:06:00,45.9,45.9,45.9,45.9,1196.0,WERN
2023-05-02 15:05:00,45.9,45.91,45.88,45.88,1542.0,WERN
2023-05-02 15:01:00,45.9,45.95,45.9,45.95,1541.0,WERN
2023-05-02 15:00:00,45.9,45.9,45.9,45.9,173.0,WERN
2023-05-02 14:59:00,45.89,45.89,45.89,45.89,734.0,WERN
2023-05-02 14:58:00,45.93,45.93,45.915,45.915,1381.0,WERN
2023-05-02 14:57:00,45.91,45.91,45.91,45.91,457.0,WERN
2023-05-02 14:56:00,45.91,45.91,45.91,45.91,826.0,WERN
2023-05-02 14:55:00,45.91,45.91,45.91,45.91,340.0,WERN
2023-05-02 14:54:00,45.91,45.91,45.9,45.91,1179.0,WERN
2023-05-02 14:53:00,45.935,45.935,45.91,45.91,630.0,WERN
2023-05-02 14:52:00,45.955,45.955,45.955,45.955,263.0,WERN
2023-05-02 14:50:00,45.93,45.93,45.93,45.93,935.0,WERN
2023-05-02 14:49:00,45.9,45.9,45.9,45.9,513.0,WERN
2023-05-02 14:48:00,45.87,45.87,45.87,45.87,221.0,WERN
2023-05-02 14:47:00,45.855,45.855,45.855,45.855,276.0,WERN
2023-05-02 14:46:00,45.79,45.84,45.79,45.84,935.0,WERN
2023-05-02 14:45:00,45.78,45.78,45.78,45.78,890.0,WERN
2023-05-02 14:44:00,45.77,45.7799,45.7691,45.77,1276.0,WERN
2023-05-02 14:42:00,45.79,45.79,45.77,45.77,1791.0,WERN
2023-05-02 14:41:00,45.81,45.81,45.81,45.81,730.0,WERN
2023-05-02 14:40:00,45.81,45.81,45.81,45.81,478.0,WERN
2023-05-02 14:37:00,45.77,45.79,45.77,45.79,869.0,WERN
2023-05-02 14:36:00,45.77,45.78,45.77,45.78,539.0,WERN
2023-05-02 14:34:00,45.77,45.77,45.77,45.77,313.0,WERN
2023-05-02 14:33:00,45.88,45.88,45.8,45.8,1658.0,WERN
2023-05-02 14:32:00,45.955,45.97,45.93,45.93,1233.0,WERN
2023-05-02 14:31:00,45.955,45.955,45.955,45.955,396.0,WERN
2023-05-02 14:30:00,45.95,45.95,45.95,45.95,233.0,WERN
2023-05-02 14:28:00,45.98,45.98,45.98,45.98,263.0,WERN
2023-05-02 14:26:00,45.96,45.96,45.94,45.94,716.0,WERN
2023-05-02 14:25:00,45.92,45.96,45.92,45.945,1246.0,WERN
2023-05-02 14:24:00,45.93,45.93,45.91,45.91,791.0,WERN
2023-05-02 14:22:00,45.975,45.98,45.92,45.92,1279.0,WERN
2023-05-02 14:21:00,46.0,46.0,46.0,46.0,1274.0,WERN
2023-05-02 14:20:00,46.03,46.03,46.01,46.015,1454.0,WERN
2023-05-02 14:19:00,46.02,46.04,46.015,46.04,917.0,WERN
2023-05-02 14:18:00,46.01,46.04,45.94,46.04,3014.0,WERN
2023-05-02 14:17:00,45.99,46.0,45.975,46.0,1581.0,WERN
2023-05-02 14:16:00,45.96,46.01,45.96,45.98,1793.0,WERN
2023-05-02 14:15:00,46.0,46.0,45.93,45.95,1831.0,WERN
2023-05-02 14:14:00,46.06,46.07,45.995,46.03,2886.0,WERN
2023-05-02 14:13:00,45.99,46.05,45.96,46.05,4941.0,WERN
2023-05-02 14:12:00,46.03,46.04,45.99,46.04,1866.0,WERN
2023-05-02 14:11:00,45.99,46.03,45.97,46.02,4352.0,WERN
2023-05-02 14:10:00,45.97,45.98,45.95,45.98,1307.0,WERN
2023-05-02 14:09:00,45.91,45.96,45.91,45.96,2149.0,WERN
2023-05-02 14:08:00,45.91,45.91,45.91,45.91,276.0,WERN
2023-05-02 14:07:00,45.88,45.88,45.88,45.88,632.0,WERN
2023-05-02 14:06:00,45.905,45.905,45.9,45.9,266.0,WERN
2023-05-02 14:05:00,45.88,45.9,45.88,45.895,830.0,WERN
2023-05-02 14:04:00,45.87,45.87,45.87,45.87,429.0,WERN
2023-05-02 14:02:00,45.88,45.88,45.85,45.85,820.0,WERN
2023-05-02 14:01:00,45.905,45.905,45.905,45.905,650.0,WERN
2023-05-02 14:00:00,45.915,45.915,45.915,45.915,241.0,WERN
2023-05-02 13:58:00,45.93,45.93,45.93,45.93,355.0,WERN
2023-05-02 13:57:00,45.93,45.93,45.88,45.895,1823.0,WERN
2023-05-02 13:56:00,45.955,45.955,45.955,45.955,548.0,WERN
2023-05-02 13:55:00,45.93,45.93,45.92,45.93,823.0,WERN
2023-05-02 13:54:00,45.94,45.995,45.94,45.985,576.0,WERN
2023-05-02 13:53:00,45.97,45.975,45.97,45.975,254.0,WERN
2023-05-02 13:52:00,45.95,45.95,45.94,45.94,419.0,WERN
2023-05-02 13:51:00,45.96,45.96,45.93,45.93,416.0,WERN
2023-05-02 13:50:00,45.91,45.91,45.905,45.905,949.0,WERN
2023-05-02 13:48:00,45.89,45.89,45.89,45.89,272.0,WERN
2023-05-02 13:47:00,45.86,45.86,45.85,45.86,898.0,WERN
2023-05-02 13:46:00,45.85,45.875,45.85,45.875,1019.0,WERN
2023-05-02 13:44:00,45.88,45.89,45.86,45.86,903.0,WERN
2023-05-02 13:43:00,45.9,45.94,45.9,45.91,843.0,WERN
2023-05-02 13:41:00,45.88,45.88,45.88,45.88,456.0,WERN
2023-05-02 13:39:00,45.87,45.87,45.87,45.87,268.0,WERN
2023-05-02 13:38:00,45.87,45.9,45.87,45.87,394.0,WERN
2023-05-02 13:37:00,45.865,45.865,45.865,45.865,489.0,WERN
2023-05-02 13:36:00,45.83,45.9,45.83,45.9,1002.0,WERN
2023-05-02 13:35:00,45.79,45.79,45.79,45.79,382.0,WERN
2023-05-02 13:32:00,45.795,45.81,45.795,45.8,1559.0,WERN
2023-05-02 13:30:00,45.79,45.8,45.79,45.8,1204.0,WERN
2023-05-02 13:28:00,45.785,45.785,45.785,45.785,119.0,WERN
2023-05-02 13:27:00,45.785,45.785,45.785,45.785,435.0,WERN
2023-05-02 13:25:00,45.78,45.78,45.78,45.78,567.0,WERN
2023-05-02 13:23:00,45.75,45.78,45.75,45.78,481.0,WERN
2023-05-02 13:21:00,45.75,45.75,45.75,45.75,159.0,WERN
2023-05-02 13:19:00,45.785,45.785,45.78,45.78,937.0,WERN
2023-05-02 13:18:00,45.78,45.78,45.78,45.78,553.0,WERN
2023-05-02 13:15:00,45.74,45.74,45.74,45.74,938.0,WERN
2023-05-02 13:14:00,45.78,45.78,45.78,45.78,622.0,WERN
2023-05-02 13:13:00,45.76,45.76,45.76,45.76,1561.0,WERN
2023-05-02 13:11:00,45.78,45.78,45.78,45.78,273.0,WERN
2023-05-02 13:10:00,45.72,45.75,45.72,45.75,423.0,WERN
2023-05-02 13:08:00,45.68,45.7,45.68,45.7,735.0,WERN
2023-05-02 13:05:00,45.66,45.685,45.66,45.685,755.0,WERN
2023-05-02 13:02:00,45.65,45.65,45.65,45.65,367.0,WERN
2023-05-02 13:00:00,45.61,45.62,45.61,45.62,316.0,WERN
2023-05-02 12:59:00,45.555,45.6,45.555,45.6,787.0,WERN
2023-05-02 12:58:00,45.57,45.57,45.56,45.56,614.0,WERN
2023-05-02 12:52:00,45.59,45.59,45.59,45.59,280.0,WERN
2023-05-02 12:50:00,45.575,45.575,45.575,45.575,443.0,WERN
2023-05-02 12:49:00,45.57,45.57,45.57,45.57,588.0,WERN
2023-05-02 12:48:00,45.53,45.54,45.515,45.54,891.0,WERN
2023-05-02 12:47:00,45.55,45.55,45.54,45.545,1163.0,WERN
2023-05-02 12:46:00,45.57,45.57,45.57,45.57,260.0,WERN
2023-05-02 12:45:00,45.57,45.57,45.57,45.57,124.0,WERN
2023-05-02 12:44:00,45.55,45.55,45.55,45.55,217.0,WERN
2023-05-02 12:43:00,45.55,45.55,45.55,45.55,417.0,WERN
2023-05-02 12:42:00,45.55,45.55,45.55,45.55,401.0,WERN
2023-05-02 12:39:00,45.55,45.55,45.55,45.55,320.0,WERN
2023-05-02 12:38:00,45.57,45.57,45.56,45.57,1313.0,WERN
2023-05-02 12:36:00,45.59,45.59,45.59,45.59,410.0,WERN
2023-05-02 12:35:00,45.56,45.56,45.56,45.56,189.0,WERN
2023-05-02 12:34:00,45.56,45.56,45.56,45.56,132.0,WERN
2023-05-02 12:30:00,45.49,45.54,45.49,45.54,437.0,WERN
2023-05-02 12:29:00,45.5,45.5,45.49,45.49,270.0,WERN
2023-05-02 12:25:00,45.46,45.46,45.46,45.46,497.0,WERN
2023-05-02 12:23:00,45.45,45.45,45.45,45.45,128.0,WERN
2023-05-02 12:22:00,45.455,45.455,45.455,45.455,169.0,WERN
2023-05-02 12:21:00,45.41,45.44,45.41,45.44,939.0,WERN
2023-05-02 12:18:00,45.41,45.41,45.36,45.36,418.0,WERN
2023-05-02 12:16:00,45.41,45.41,45.38,45.4,1252.0,WERN
2023-05-02 12:14:00,45.4,45.4,45.4,45.4,597.0,WERN
2023-05-02 12:13:00,45.37,45.37,45.37,45.37,234.0,WERN
2023-05-02 12:10:00,45.38,45.38,45.38,45.38,132.0,WERN
2023-05-02 12:08:00,45.43,45.45,45.43,45.45,585.0,WERN
2023-05-02 12:07:00,45.37,45.37,45.37,45.37,352.0,WERN
2023-05-02 12:05:00,45.41,45.41,45.41,45.41,575.0,WERN
2023-05-02 12:04:00,45.41,45.41,45.37,45.4,1618.0,WERN
2023-05-02 12:02:00,45.47,45.47,45.44,45.44,1244.0,WERN
2023-05-02 12:01:00,45.52,45.55,45.48,45.48,1080.0,WERN
2023-05-02 12:00:00,45.5066,45.5066,45.5066,45.5066,415.0,WERN
2023-05-02 11:58:00,45.5,45.5,45.5,45.5,743.0,WERN
2023-05-02 11:56:00,45.55,45.55,45.55,45.55,267.0,WERN
2023-05-02 11:54:00,45.46,45.5,45.43,45.5,897.0,WERN
2023-05-02 11:53:00,45.46,45.46,45.44,45.44,1472.0,WERN
2023-05-02 11:51:00,45.48,45.48,45.48,45.48,453.0,WERN
2023-05-02 11:50:00,45.5,45.5,45.5,45.5,181.0,WERN
2023-05-02 11:48:00,45.48,45.51,45.47,45.51,1313.0,WERN
2023-05-02 11:45:00,45.5,45.5,45.5,45.5,224.0,WERN
2023-05-02 11:44:00,45.4664,45.495,45.4664,45.495,697.0,WERN
2023-05-02 11:42:00,45.4,45.4,45.37,45.37,477.0,WERN
2023-05-02 11:41:00,45.36,45.36,45.35,45.35,278.0,WERN
2023-05-02 11:40:00,45.3,45.3,45.3,45.3,276.0,WERN
2023-05-02 11:37:00,45.2999,45.2999,45.265,45.265,373.0,WERN
2023-05-02 11:35:00,45.18,45.27,45.18,45.27,718.0,WERN
2023-05-02 11:34:00,45.2,45.2,45.16,45.16,1331.0,WERN
2023-05-02 11:32:00,45.2,45.2,45.2,45.2,451.0,WERN
2023-05-02 11:31:00,45.17,45.17,45.17,45.17,371.0,WERN
2023-05-02 11:30:00,45.18,45.18,45.18,45.18,177.0,WERN
2023-05-02 11:28:00,45.12,45.14,45.12,45.14,667.0,WERN
2023-05-02 11:27:00,45.07,45.1,45.07,45.0767,543.0,WERN
2023-05-02 11:26:00,45.09,45.12,45.09,45.09,758.0,WERN
2023-05-02 11:24:00,45.08,45.13,45.08,45.13,1744.0,WERN
2023-05-02 11:23:00,45.07,45.07,45.07,45.07,352.0,WERN
2023-05-02 11:20:00,45.13,45.13,45.09,45.13,2679.0,WERN
2023-05-02 11:19:00,45.17,45.17,45.14,45.14,620.0,WERN
2023-05-02 11:18:00,45.2042,45.2042,45.2042,45.2042,178.0,WERN
2023-05-02 11:16:00,45.205,45.205,45.205,45.205,164.0,WERN
2023-05-02 11:15:00,45.14,45.14,45.14,45.14,200.0,WERN
2023-05-02 11:14:00,45.22,45.22,45.22,45.22,233.0,WERN
2023-05-02 11:12:00,45.2,45.2,45.19,45.19,522.0,WERN
2023-05-02 11:11:00,45.1926,45.1926,45.1926,45.1926,218.0,WERN
2023-05-02 11:10:00,45.16,45.18,45.16,45.18,636.0,WERN
2023-05-02 11:09:00,45.15,45.15,45.1,45.1,331.0,WERN
2023-05-02 11:08:00,45.11,45.11,45.11,45.11,142.0,WERN
2023-05-02 11:07:00,45.16,45.16,45.16,45.16,201.0,WERN
2023-05-02 11:05:00,45.16,45.19,45.16,45.17,924.0,WERN
2023-05-02 11:03:00,45.1,45.1,45.1,45.1,380.0,WERN
2023-05-02 11:01:00,45.2,45.2,45.15,45.15,691.0,WERN
2023-05-02 11:00:00,45.1433,45.195,45.1433,45.195,679.0,WERN
2023-05-02 10:57:00,45.23,45.23,45.23,45.23,415.0,WERN
2023-05-02 10:55:00,45.21,45.22,45.21,45.22,264.0,WERN
2023-05-02 10:54:00,45.16,45.165,45.16,45.165,367.0,WERN
2023-05-02 10:53:00,45.2,45.2,45.2,45.2,125.0,WERN
2023-05-02 10:51:00,45.21,45.21,45.21,45.21,100.0,WERN
2023-05-02 10:48:00,45.17,45.22,45.17,45.22,920.0,WERN
2023-05-02 10:47:00,45.19,45.22,45.14,45.17,1754.0,WERN
2023-05-02 10:46:00,45.24,45.25,45.215,45.22,1678.0,WERN
2023-05-02 10:44:00,45.295,45.295,45.295,45.295,237.0,WERN
2023-05-02 10:42:00,45.28,45.28,45.28,45.28,459.0,WERN
2023-05-02 10:38:00,45.15,45.215,45.14,45.215,1149.0,WERN
2023-05-02 10:36:00,45.21,45.21,45.195,45.195,396.0,WERN
2023-05-02 10:35:00,45.18,45.18,45.18,45.18,209.0,WERN
2023-05-02 10:34:00,45.22,45.24,45.19,45.19,1143.0,WERN
2023-05-02 10:33:00,45.19,45.195,45.19,45.195,887.0,WERN
2023-05-02 10:32:00,45.27,45.27,45.27,45.27,153.0,WERN
2023-05-02 10:30:00,45.19,45.21,45.19,45.21,732.0,WERN
2023-05-02 10:27:00,45.21,45.21,45.15,45.15,206.0,WERN
2023-05-02 10:24:00,45.24,45.24,45.24,45.24,100.0,WERN
2023-05-02 10:22:00,45.27,45.31,45.27,45.31,271.0,WERN
2023-05-02 10:20:00,45.36,45.4,45.36,45.4,1023.0,WERN
2023-05-02 10:18:00,45.28,45.32,45.28,45.31,438.0,WERN
2023-05-02 10:17:00,45.26,45.27,45.26,45.27,559.0,WERN
2023-05-02 10:16:00,45.22,45.22,45.22,45.22,316.0,WERN
2023-05-02 10:15:00,45.19,45.19,45.19,45.19,109.0,WERN
2023-05-02 10:14:00,45.28,45.28,45.25,45.25,1115.0,WERN
2023-05-02 10:13:00,45.33,45.33,45.33,45.33,620.0,WERN
2023-05-02 10:12:00,45.24,45.24,45.24,45.24,286.0,WERN
2023-05-02 10:11:00,45.4505,45.4505,45.38,45.38,2659.0,WERN
2023-05-02 10:10:00,45.5,45.5,45.5,45.5,252.0,WERN
2023-05-02 10:07:00,45.52,45.53,45.46,45.53,1442.0,WERN
2023-05-02 10:05:00,45.54,45.6,45.54,45.6,529.0,WERN
2023-05-02 10:04:00,45.6,45.6,45.6,45.6,201.0,WERN
2023-05-02 10:03:00,45.59,45.59,45.56,45.56,519.0,WERN
2023-05-02 10:02:00,45.62,45.62,45.525,45.57,1034.0,WERN
2023-05-02 10:01:00,45.52,45.52,45.52,45.52,315.0,WERN
2023-05-02 10:00:00,45.58,45.58,45.54,45.54,902.0,WERN
2023-05-02 09:58:00,45.6,45.63,45.59,45.63,625.0,WERN
2023-05-02 09:56:00,45.53,45.56,45.53,45.56,612.0,WERN
2023-05-02 09:55:00,45.5,45.5,45.46,45.46,372.0,WERN
2023-05-02 09:54:00,45.47,45.47,45.46,45.46,417.0,WERN
2023-05-02 09:52:00,45.49,45.49,45.49,45.49,225.0,WERN
2023-05-02 09:51:00,45.55,45.55,45.55,45.55,265.0,WERN
2023-05-02 09:50:00,45.71,45.72,45.595,45.595,1305.0,WERN
2023-05-02 09:48:00,45.82,45.84,45.82,45.84,921.0,WERN
2023-05-02 09:46:00,45.815,45.815,45.815,45.815,280.0,WERN
2023-05-02 09:42:00,45.82,45.86,45.82,45.86,819.0,WERN
2023-05-02 09:40:00,45.77,45.77,45.745,45.745,531.0,WERN
2023-05-02 09:38:00,45.67,45.705,45.67,45.705,312.0,WERN
2023-05-02 09:37:00,45.7,45.7,45.66,45.66,238.0,WERN
2023-05-02 09:35:00,45.73,45.75,45.7,45.7,843.0,WERN
2023-05-02 09:34:00,45.7,45.78,45.7,45.71,1565.0,WERN
2023-05-02 09:32:00,45.89,45.965,45.89,45.965,408.0,WERN
2023-05-02 09:31:00,46.0,46.0,46.0,46.0,3053.0,WERN
2023-05-02 09:30:00,46.03,46.03,46.03,46.03,149.0,WERN
2023-05-01 16:01:00,46.21,46.21,46.21,46.21,14520.0,WERN
2023-05-01 16:00:00,46.24,46.25,46.21,46.225,14924.0,WERN
2023-05-01 15:59:00,46.25,46.25,46.21,46.235,15702.0,WERN
2023-05-01 15:58:00,46.28,46.28,46.22,46.24,10782.0,WERN
2023-05-01 15:57:00,46.31,46.31,46.285,46.285,10602.0,WERN
2023-05-01 15:56:00,46.38,46.38,46.315,46.315,6199.0,WERN
2023-05-01 15:55:00,46.38,46.4,46.38,46.39,5854.0,WERN
2023-05-01 15:54:00,46.405,46.41,46.38,46.38,6143.0,WERN
2023-05-01 15:53:00,46.38,46.42,46.38,46.405,7620.0,WERN
2023-05-01 15:52:00,46.4,46.41,46.38,46.38,4538.0,WERN
2023-05-01 15:51:00,46.435,46.435,46.37,46.4,5491.0,WERN
2023-05-01 15:50:00,46.4,46.43,46.4,46.42,1714.0,WERN
2023-05-01 15:49:00,46.43,46.43,46.385,46.385,4908.0,WERN
2023-05-01 15:48:00,46.39,46.41,46.39,46.405,1507.0,WERN
2023-05-01 15:47:00,46.365,46.39,46.365,46.39,591.0,WERN
2023-05-01 15:46:00,46.34,46.38,46.34,46.375,1726.0,WERN
2023-05-01 15:45:00,46.32,46.33,46.32,46.33,1140.0,WERN
2023-05-01 15:44:00,46.28,46.31,46.28,46.31,2080.0,WERN
2023-05-01 15:43:00,46.285,46.285,46.25,46.28,4521.0,WERN
2023-05-01 15:42:00,46.28,46.29,46.28,46.29,1304.0,WERN
2023-05-01 15:41:00,46.24,46.27,46.24,46.27,2406.0,WERN
2023-05-01 15:40:00,46.26,46.26,46.25,46.26,3031.0,WERN
2023-05-01 15:39:00,46.28,46.28,46.28,46.28,708.0,WERN
2023-05-01 15:38:00,46.24,46.275,46.24,46.275,1084.0,WERN
2023-05-01 15:37:00,46.23,46.24,46.23,46.24,973.0,WERN
2023-05-01 15:36:00,46.245,46.26,46.22,46.22,2080.0,WERN
2023-05-01 15:35:00,46.24,46.26,46.24,46.26,551.0,WERN
2023-05-01 15:34:00,46.24,46.26,46.24,46.26,1240.0,WERN
2023-05-01 15:32:00,46.275,46.275,46.25,46.25,5258.0,WERN
2023-05-01 15:31:00,46.27,46.285,46.27,46.285,574.0,WERN
2023-05-01 15:30:00,46.26,46.27,46.26,46.27,998.0,WERN
2023-05-01 15:29:00,46.22,46.25,46.22,46.25,1242.0,WERN
2023-05-01 15:28:00,46.23,46.23,46.23,46.23,508.0,WERN
2023-05-01 15:27:00,46.29,46.29,46.26,46.26,3314.0,WERN
2023-05-01 15:26:00,46.29,46.29,46.29,46.29,673.0,WERN
2023-05-01 15:23:00,46.25,46.25,46.25,46.25,226.0,WERN
2023-05-01 15:22:00,46.265,46.28,46.26,46.26,2440.0,WERN
2023-05-01 15:20:00,46.25,46.265,46.25,46.25,1039.0,WERN
2023-05-01 15:18:00,46.22,46.22,46.22,46.22,1158.0,WERN
2023-05-01 15:17:00,46.28,46.28,46.23,46.23,2895.0,WERN
2023-05-01 15:15:00,46.27,46.27,46.27,46.27,565.0,WERN
2023-05-01 15:13:00,46.22,46.22,46.2,46.22,1124.0,WERN
2023-05-01 15:11:00,46.2,46.21,46.2,46.21,493.0,WERN
2023-05-01 15:10:00,46.17,46.197,46.17,46.197,618.0,WERN
2023-05-01 15:09:00,46.19,46.19,46.18,46.185,1110.0,WERN
2023-05-01 15:08:00,46.18,46.18,46.18,46.18,514.0,WERN
2023-05-01 15:07:00,46.25,46.25,46.18,46.18,2512.0,WERN
2023-05-01 15:06:00,46.25,46.25,46.25,46.25,357.0,WERN
2023-05-01 15:05:00,46.24,46.24,46.24,46.24,2214.0,WERN
2023-05-01 15:03:00,46.265,46.27,46.265,46.27,688.0,WERN
2023-05-01 15:02:00,46.25,46.26,46.24,46.26,920.0,WERN
2023-05-01 15:01:00,46.26,46.29,46.26,46.26,3817.0,WERN
2023-05-01 14:59:00,46.23,46.23,46.23,46.23,387.0,WERN
2023-05-01 14:58:00,46.235,46.235,46.235,46.235,315.0,WERN
2023-05-01 14:57:00,46.25,46.25,46.23,46.23,2502.0,WERN
2023-05-01 14:56:00,46.25,46.25,46.25,46.25,309.0,WERN
2023-05-01 14:55:00,46.24,46.25,46.24,46.24,1909.0,WERN
2023-05-01 14:54:00,46.24,46.24,46.235,46.2379,717.0,WERN
2023-05-01 14:53:00,46.24,46.24,46.24,46.24,561.0,WERN
2023-05-01 14:52:00,46.24,46.24,46.24,46.24,892.0,WERN
2023-05-01 14:49:00,46.19,46.215,46.19,46.215,384.0,WERN
2023-05-01 14:48:00,46.21,46.21,46.21,46.21,877.0,WERN
2023-05-01 14:47:00,46.265,46.265,46.23,46.235,3411.0,WERN
2023-05-01 14:46:00,46.255,46.27,46.255,46.255,1714.0,WERN
2023-05-01 14:45:00,46.25,46.26,46.25,46.26,783.0,WERN
2023-05-01 14:44:00,46.24,46.25,46.24,46.25,623.0,WERN
2023-05-01 14:43:00,46.21,46.24,46.21,46.22,555.0,WERN
2023-05-01 14:41:00,46.18,46.18,46.18,46.18,1415.0,WERN
2023-05-01 14:40:00,46.2,46.2,46.2,46.2,892.0,WERN
2023-05-01 14:38:00,46.105,46.13,46.09,46.12,1615.0,WERN
2023-05-01 14:35:00,46.165,46.17,46.13,46.13,2007.0,WERN
2023-05-01 14:33:00,46.175,46.175,46.175,46.175,298.0,WERN
2023-05-01 14:32:00,46.225,46.225,46.19,46.19,2934.0,WERN
2023-05-01 14:31:00,46.19,46.19,46.19,46.19,1223.0,WERN
2023-05-01 14:30:00,46.19,46.19,46.19,46.19,283.0,WERN
2023-05-01 14:28:00,46.17,46.17,46.17,46.17,450.0,WERN
2023-05-01 14:27:00,46.18,46.18,46.16,46.16,3338.0,WERN
2023-05-01 14:25:00,46.18,46.18,46.18,46.18,546.0,WERN
2023-05-01 14:24:00,46.1583,46.17,46.15,46.17,839.0,WERN
2023-05-01 14:23:00,46.17,46.17,46.17,46.17,652.0,WERN
2023-05-01 14:22:00,46.1799,46.1799,46.175,46.175,480.0,WERN
2023-05-01 14:21:00,46.16,46.16,46.16,46.16,533.0,WERN
2023-05-01 14:20:00,46.15,46.15,46.13,46.15,2613.0,WERN
2023-05-01 14:18:00,46.17,46.17,46.17,46.17,398.0,WERN
2023-05-01 14:12:00,46.1,46.12,46.1,46.12,763.0,WERN
2023-05-01 14:11:00,46.175,46.175,46.135,46.14,2504.0,WERN
2023-05-01 14:09:00,46.19,46.195,46.19,46.195,488.0,WERN
2023-05-01 14:08:00,46.165,46.165,46.165,46.165,236.0,WERN
2023-05-01 14:05:00,46.225,46.225,46.16,46.19,2476.0,WERN
2023-05-01 14:04:00,46.23,46.23,46.23,46.23,592.0,WERN
2023-05-01 14:03:00,46.23,46.23,46.23,46.23,339.0,WERN
2023-05-01 14:02:00,46.19,46.23,46.19,46.22,926.0,WERN
2023-05-01 14:01:00,46.21,46.21,46.19,46.19,2172.0,WERN
2023-05-01 13:58:00,46.18,46.19,46.16,46.16,2639.0,WERN
2023-05-01 13:57:00,46.15,46.17,46.15,46.17,832.0,WERN
2023-05-01 13:56:00,46.17,46.17,46.17,46.17,162.0,WERN
2023-05-01 13:55:00,46.17,46.17,46.17,46.17,310.0,WERN
2023-05-01 13:54:00,46.175,46.19,46.14,46.14,1510.0,WERN
2023-05-01 13:53:00,46.195,46.195,46.195,46.195,208.0,WERN
2023-05-01 13:52:00,46.19,46.19,46.17,46.175,1901.0,WERN
2023-05-01 13:51:00,46.21,46.21,46.21,46.21,353.0,WERN
2023-05-01 13:50:00,46.2,46.2,46.2,46.2,124.0,WERN
2023-05-01 13:48:00,46.14,46.17,46.14,46.17,1212.0,WERN
2023-05-01 13:47:00,46.14,46.14,46.12,46.12,1800.0,WERN
2023-05-01 13:46:00,46.15,46.15,46.14,46.14,954.0,WERN
2023-05-01 13:45:00,46.15,46.17,46.15,46.17,394.0,WERN
2023-05-01 13:44:00,46.15,46.15,46.15,46.15,115.0,WERN
2023-05-01 13:43:00,46.13,46.13,46.13,46.13,364.0,WERN
2023-05-01 13:42:00,46.1,46.12,46.1,46.12,1483.0,WERN
2023-05-01 13:41:00,46.1,46.1,46.1,46.1,225.0,WERN
2023-05-01 13:39:00,46.07,46.09,46.07,46.0862,2420.0,WERN
2023-05-01 13:38:00,46.17,46.17,46.11,46.11,2335.0,WERN
2023-05-01 13:37:00,46.165,46.185,46.165,46.185,235.0,WERN
2023-05-01 13:36:00,46.15,46.15,46.15,46.15,650.0,WERN
2023-05-01 13:35:00,46.13,46.13,46.12,46.12,1945.0,WERN
2023-05-01 13:34:00,46.12,46.12,46.12,46.12,877.0,WERN
2023-05-01 13:30:00,46.11,46.12,46.08,46.09,1714.0,WERN
2023-05-01 13:28:00,46.11,46.11,46.09,46.09,2005.0,WERN
2023-05-01 13:27:00,46.16,46.16,46.12,46.12,1268.0,WERN
2023-05-01 13:26:00,46.17,46.17,46.17,46.17,349.0,WERN
2023-05-01 13:25:00,46.14,46.14,46.14,46.14,711.0,WERN
2023-05-01 13:23:00,46.11,46.11,46.0901,46.0901,563.0,WERN
2023-05-01 13:22:00,46.08,46.09,46.075,46.09,1000.0,WERN
2023-05-01 13:21:00,46.07,46.08,46.07,46.08,1337.0,WERN
2023-05-01 13:20:00,46.14,46.14,46.03,46.055,2411.0,WERN
2023-05-01 13:19:00,46.19,46.19,46.19,46.19,172.0,WERN
2023-05-01 13:18:00,46.1483,46.19,46.1483,46.19,614.0,WERN
2023-05-01 13:16:00,46.15,46.17,46.15,46.169,350.0,WERN
2023-05-01 13:15:00,46.17,46.18,46.14,46.17,1786.0,WERN
2023-05-01 13:14:00,46.17,46.185,46.17,46.185,1367.0,WERN
2023-05-01 13:13:00,46.16,46.17,46.16,46.17,340.0,WERN
2023-05-01 13:12:00,46.175,46.18,46.17,46.17,1451.0,WERN
2023-05-01 13:11:00,46.18,46.18,46.165,46.165,443.0,WERN
2023-05-01 13:09:00,46.18,46.1804,46.15,46.15,2083.0,WERN
2023-05-01 13:08:00,46.18,46.18,46.175,46.175,739.0,WERN
2023-05-01 13:07:00,46.15,46.16,46.15,46.16,603.0,WERN
2023-05-01 13:06:00,46.12,46.12,46.12,46.12,476.0,WERN
2023-05-01 13:04:00,46.14,46.155,46.12,46.12,3735.0,WERN
2023-05-01 13:03:00,46.16,46.17,46.15,46.17,2039.0,WERN
2023-05-01 13:02:00,46.14,46.15,46.14,46.15,1085.0,WERN
2023-05-01 13:01:00,46.125,46.125,46.125,46.125,534.0,WERN
2023-05-01 13:00:00,46.1278,46.1278,46.1278,46.1278,245.0,WERN
2023-05-01 12:58:00,46.11,46.11,46.11,46.11,582.0,WERN
2023-05-01 12:57:00,46.14,46.14,46.1,46.13,1730.0,WERN
2023-05-01 12:55:00,46.129,46.129,46.115,46.115,421.0,WERN
2023-05-01 12:54:00,46.11,46.13,46.1,46.13,773.0,WERN
2023-05-01 12:52:00,46.09,46.09,46.07,46.08,2016.0,WERN
2023-05-01 12:51:00,46.09,46.09,46.08,46.09,622.0,WERN
2023-05-01 12:50:00,46.09,46.1,46.08,46.09,2198.0,WERN
2023-05-01 12:49:00,46.07,46.09,46.07,46.09,805.0,WERN
2023-05-01 12:48:00,46.03,46.035,46.03,46.035,1803.0,WERN
2023-05-01 12:47:00,46.045,46.065,46.045,46.05,1062.0,WERN
2023-05-01 12:46:00,46.065,46.065,46.065,46.065,531.0,WERN
2023-05-01 12:45:00,46.05,46.05,46.05,46.05,1313.0,WERN
2023-05-01 12:44:00,46.025,46.025,46.025,46.025,393.0,WERN
2023-05-01 12:41:00,46.02,46.045,46.015,46.03,2268.0,WERN
2023-05-01 12:40:00,46.06,46.065,46.06,46.065,544.0,WERN
2023-05-01 12:39:00,46.065,46.065,46.045,46.045,346.0,WERN
2023-05-01 12:38:00,46.06,46.065,46.02,46.065,536.0,WERN
2023-05-01 12:37:00,46.065,46.065,46.065,46.065,336.0,WERN
2023-05-01 12:35:00,46.045,46.065,46.045,46.065,507.0,WERN
2023-05-01 12:34:00,46.04,46.04,46.04,46.04,312.0,WERN
2023-05-01 12:32:00,45.94,46.035,45.94,46.035,1803.0,WERN
2023-05-01 12:31:00,45.93,45.945,45.925,45.94,1636.0,WERN
2023-05-01 12:30:00,45.945,45.945,45.945,45.945,354.0,WERN
2023-05-01 12:29:00,45.95,45.95,45.95,45.95,547.0,WERN
2023-05-01 12:26:00,45.94,45.94,45.94,45.94,162.0,WERN
2023-05-01 12:24:00,45.895,45.935,45.895,45.935,917.0,WERN
2023-05-01 12:23:00,45.94,45.94,45.88,45.885,1631.0,WERN
2023-05-01 12:22:00,45.94,45.945,45.94,45.945,825.0,WERN
2023-05-01 12:21:00,45.93,45.94,45.925,45.94,1774.0,WERN
2023-05-01 12:19:00,45.925,45.925,45.925,45.925,509.0,WERN
2023-05-01 12:18:00,45.94,45.95,45.92,45.925,1472.0,WERN
2023-05-01 12:17:00,45.975,45.975,45.94,45.94,2255.0,WERN
2023-05-01 12:16:00,45.98,45.98,45.98,45.98,667.0,WERN
2023-05-01 12:15:00,45.935,45.95,45.935,45.95,1178.0,WERN
2023-05-01 12:14:00,45.945,45.95,45.9,45.93,3226.0,WERN
2023-05-01 12:13:00,45.94,45.94,45.94,45.94,134.0,WERN
2023-05-01 12:12:00,45.91,45.945,45.91,45.945,442.0,WERN
2023-05-01 12:11:00,45.94,45.95,45.89,45.89,485.0,WERN
2023-05-01 12:10:00,45.945,45.945,45.945,45.945,337.0,WERN
2023-05-01 12:09:00,45.905,45.945,45.905,45.945,325.0,WERN
2023-05-01 12:08:00,45.87,45.885,45.87,45.885,1192.0,WERN
2023-05-01 12:06:00,45.86,45.86,45.86,45.86,376.0,WERN
2023-05-01 12:05:00,45.78,45.78,45.78,45.78,354.0,WERN
2023-05-01 12:04:00,45.8175,45.8175,45.79,45.81,877.0,WERN
2023-05-01 12:03:00,45.79,45.8,45.79,45.8,636.0,WERN
2023-05-01 12:02:00,45.74,45.76,45.74,45.76,1785.0,WERN
2023-05-01 12:01:00,45.74,45.74,45.74,45.74,659.0,WERN
2023-05-01 12:00:00,45.74,45.74,45.74,45.74,345.0,WERN
2023-05-01 11:58:00,45.75,45.75,45.735,45.735,343.0,WERN
2023-05-01 11:56:00,45.74,45.74,45.74,45.74,196.0,WERN
2023-05-01 11:53:00,45.65,45.71,45.65,45.71,1036.0,WERN
2023-05-01 11:52:00,45.715,45.715,45.66,45.66,1051.0,WERN
2023-05-01 11:51:00,45.775,45.775,45.72,45.72,1607.0,WERN
2023-05-01 11:50:00,45.81,45.81,45.775,45.775,313.0,WERN
2023-05-01 11:44:00,45.675,45.74,45.675,45.74,973.0,WERN
2023-05-01 11:43:00,45.68,45.68,45.68,45.68,475.0,WERN
2023-05-01 11:42:00,45.65,45.67,45.65,45.67,610.0,WERN
2023-05-01 11:39:00,45.685,45.685,45.685,45.685,217.0,WERN
2023-05-01 11:37:00,45.57,45.65,45.57,45.65,839.0,WERN
2023-05-01 11:34:00,45.645,45.645,45.61,45.61,578.0,WERN
2023-05-01 11:33:00,45.613,45.645,45.613,45.645,561.0,WERN
2023-05-01 11:32:00,45.6,45.6,45.6,45.6,447.0,WERN
2023-05-01 11:31:00,45.65,45.65,45.62,45.62,747.0,WERN
2023-05-01 11:30:00,45.655,45.655,45.655,45.655,155.0,WERN
2023-05-01 11:28:00,45.62,45.62,45.62,45.62,500.0,WERN
2023-05-01 11:26:00,45.59,45.595,45.57,45.595,858.0,WERN
2023-05-01 11:25:00,45.63,45.63,45.63,45.63,764.0,WERN
2023-05-01 11:23:00,45.685,45.685,45.685,45.685,390.0,WERN
2023-05-01 11:22:00,45.6835,45.685,45.6835,45.685,400.0,WERN
2023-05-01 11:21:00,45.69,45.69,45.69,45.69,521.0,WERN
2023-05-01 11:19:00,45.63,45.63,45.63,45.63,758.0,WERN
2023-05-01 11:18:00,45.59,45.59,45.59,45.59,137.0,WERN
2023-05-01 11:17:00,45.595,45.595,45.54,45.56,1404.0,WERN
2023-05-01 11:15:00,45.595,45.595,45.595,45.595,115.0,WERN
2023-05-01 11:14:00,45.67,45.67,45.6,45.62,1752.0,WERN
2023-05-01 11:13:00,45.72,45.72,45.72,45.72,315.0,WERN
2023-05-01 11:08:00,45.61,45.66,45.61,45.66,1993.0,WERN
2023-05-01 11:06:00,45.63,45.63,45.63,45.63,298.0,WERN
2023-05-01 11:05:00,45.62,45.62,45.61,45.62,962.0,WERN
2023-05-01 11:04:00,45.67,45.67,45.67,45.67,195.0,WERN
2023-05-01 11:03:00,45.69,45.69,45.685,45.685,526.0,WERN
2023-05-01 11:00:00,45.71,45.71,45.71,45.71,901.0,WERN
2023-05-01 10:59:00,45.72,45.73,45.7,45.71,2049.0,WERN
2023-05-01 10:58:00,45.73,45.76,45.73,45.76,744.0,WERN
2023-05-01 10:57:00,45.78,45.785,45.78,45.785,593.0,WERN
2023-05-01 10:56:00,45.71,45.725,45.71,45.71,1039.0,WERN
2023-05-01 10:55:00,45.69,45.69,45.69,45.69,200.0,WERN
2023-05-01 10:54:00,45.72,45.72,45.67,45.67,514.0,WERN
2023-05-01 10:52:00,45.765,45.765,45.765,45.765,203.0,WERN
2023-05-01 10:51:00,45.785,45.785,45.72,45.72,625.0,WERN
2023-05-01 10:50:00,45.75,45.8,45.75,45.8,426.0,WERN
2023-05-01 10:49:00,45.745,45.745,45.745,45.745,208.0,WERN
2023-05-01 10:48:00,45.69,45.71,45.69,45.71,1051.0,WERN
2023-05-01 10:47:00,45.65,45.68,45.65,45.6525,1076.0,WERN
2023-05-01 10:46:00,45.61,45.65,45.61,45.65,697.0,WERN
2023-05-01 10:45:00,45.7,45.7,45.64,45.64,286.0,WERN
2023-05-01 10:44:00,45.67,45.67,45.67,45.67,517.0,WERN
2023-05-01 10:43:00,45.64,45.64,45.64,45.64,213.0,WERN
2023-05-01 10:42:00,45.64,45.67,45.64,45.67,429.0,WERN
2023-05-01 10:41:00,45.65,45.65,45.64,45.64,723.0,WERN
2023-05-01 10:35:00,45.67,45.67,45.62,45.62,767.0,WERN
2023-05-01 10:34:00,45.615,45.615,45.615,45.615,369.0,WERN
2023-05-01 10:32:00,45.65,45.65,45.61,45.61,865.0,WERN
2023-05-01 10:31:00,45.7,45.71,45.7,45.71,1539.0,WERN
2023-05-01 10:30:00,45.64,45.64,45.64,45.64,329.0,WERN
2023-05-01 10:29:00,45.66,45.66,45.64,45.65,702.0,WERN
2023-05-01 10:28:00,45.67,45.67,45.67,45.67,103.0,WERN
2023-05-01 10:27:00,45.67,45.67,45.67,45.67,238.0,WERN
2023-05-01 10:25:00,45.59,45.62,45.59,45.62,1587.0,WERN
2023-05-01 10:24:00,45.57,45.57,45.57,45.57,162.0,WERN
2023-05-01 10:21:00,45.69,45.69,45.63,45.63,801.0,WERN
2023-05-01 10:20:00,45.73,45.73,45.69,45.73,838.0,WERN
2023-05-01 10:17:00,45.74,45.75,45.74,45.75,903.0,WERN
2023-05-01 10:09:00,45.705,45.73,45.705,45.715,688.0,WERN
2023-05-01 10:06:00,45.74,45.74,45.74,45.74,423.0,WERN
2023-05-01 10:05:00,45.76,45.76,45.76,45.76,134.0,WERN
2023-05-01 10:03:00,45.57,45.73,45.57,45.73,1925.0,WERN
2023-05-01 10:02:00,45.545,45.545,45.545,45.545,167.0,WERN
2023-05-01 10:01:00,45.47,45.565,45.44,45.49,1036.0,WERN
2023-05-01 09:54:00,45.48,45.48,45.48,45.48,151.0,WERN
2023-05-01 09:53:00,45.515,45.515,45.515,45.515,114.0,WERN
2023-05-01 09:52:00,45.44,45.56,45.44,45.53,804.0,WERN
2023-05-01 09:50:00,45.49,45.49,45.49,45.49,323.0,WERN
2023-05-01 09:48:00,45.49,45.49,45.49,45.49,177.0,WERN
2023-05-01 09:45:00,45.32,45.375,45.3,45.375,1484.0,WERN
2023-05-01 09:44:00,45.44,45.44,45.385,45.385,1556.0,WERN
2023-05-01 09:43:00,45.505,45.505,45.505,45.505,105.0,WERN
2023-05-01 09:42:00,45.55,45.55,45.53,45.54,671.0,WERN
2023-05-01 09:41:00,45.61,45.705,45.61,45.69,462.0,WERN
2023-05-01 09:39:00,45.5,45.5,45.5,45.5,725.0,WERN
2023-05-01 09:37:00,45.305,45.5,45.305,45.5,432.0,WERN
2023-05-01 09:36:00,45.24,45.28,45.24,45.28,435.0,WERN
2023-05-01 09:35:00,45.18,45.18,45.18,45.18,369.0,WERN
2023-05-01 09:34:00,44.99,45.12,44.99,45.05,1331.0,WERN
2023-05-01 09:31:00,44.89,44.89,44.89,44.89,3788.0,WERN
2023-04-28 16:01:00,45.17,45.17,45.17,45.17,8225.0,WERN
2023-04-28 16:00:00,45.15,45.18,45.14,45.16,15498.0,WERN
2023-04-28 15:59:00,45.17,45.17,45.15,45.16,6507.0,WERN
2023-04-28 15:58:00,45.17,45.17,45.14,45.17,7006.0,WERN
2023-04-28 15:57:00,45.18,45.2,45.16,45.16,5907.0,WERN
2023-04-28 15:56:00,45.16,45.18,45.13,45.17,8928.0,WERN
2023-04-28 15:55:00,45.13,45.16,45.115,45.14,3987.0,WERN
2023-04-28 15:54:00,45.15,45.15,45.13,45.13,6405.0,WERN
2023-04-28 15:53:00,45.13,45.145,45.11,45.13,1742.0,WERN
2023-04-28 15:52:00,45.11,45.14,45.07,45.13,7223.0,WERN
2023-04-28 15:51:00,45.11,45.12,45.03,45.07,4840.0,WERN
2023-04-28 15:50:00,45.17,45.17,45.115,45.115,2166.0,WERN
2023-04-28 15:49:00,45.07,45.18,45.06,45.165,3982.0,WERN
2023-04-28 15:48:00,45.11,45.15,45.08,45.08,5616.0,WERN
2023-04-28 15:47:00,45.14,45.14,45.12,45.128,2100.0,WERN
2023-04-28 15:46:00,45.18,45.18,45.12,45.14,5344.0,WERN
2023-04-28 15:45:00,45.18,45.18,45.18,45.18,563.0,WERN
2023-04-28 15:44:00,45.229,45.229,45.17,45.19,5593.0,WERN
2023-04-28 15:43:00,45.23,45.23,45.22,45.22,1046.0,WERN
2023-04-28 15:42:00,45.23,45.23,45.23,45.23,434.0,WERN
2023-04-28 15:41:00,45.21,45.2546,45.21,45.2546,1406.0,WERN
2023-04-28 15:40:00,45.23,45.23,45.19,45.19,2917.0,WERN
2023-04-28 15:39:00,45.25,45.26,45.23,45.23,1951.0,WERN
2023-04-28 15:38:00,45.23,45.27,45.23,45.25,3366.0,WERN
2023-04-28 15:37:00,45.2,45.22,45.2,45.22,741.0,WERN
2023-04-28 15:36:00,45.13,45.19,45.13,45.19,2557.0,WERN
2023-04-28 15:35:00,45.12,45.135,45.12,45.135,899.0,WERN
2023-04-28 15:34:00,45.12,45.135,45.12,45.135,893.0,WERN
2023-04-28 15:33:00,45.12,45.13,45.115,45.115,1007.0,WERN
2023-04-28 15:32:00,45.14,45.14,45.14,45.14,353.0,WERN
2023-04-28 15:31:00,45.14,45.165,45.14,45.1525,2952.0,WERN
2023-04-28 15:29:00,45.15,45.15,45.15,45.15,1030.0,WERN
2023-04-28 15:28:00,45.13,45.135,45.11,45.13,884.0,WERN
2023-04-28 15:27:00,45.135,45.149,45.13,45.13,638.0,WERN
2023-04-28 15:26:00,45.14,45.14,45.13,45.13,947.0,WERN
2023-04-28 15:25:00,45.11,45.11,45.11,45.11,1272.0,WERN
2023-04-28 15:24:00,45.07,45.09,45.07,45.09,864.0,WERN
2023-04-28 15:22:00,45.13,45.13,45.11,45.11,1412.0,WERN
2023-04-28 15:21:00,45.155,45.155,45.13,45.14,1340.0,WERN
2023-04-28 15:20:00,45.13,45.155,45.13,45.155,978.0,WERN
2023-04-28 15:19:00,45.12,45.12,45.11,45.115,928.0,WERN
2023-04-28 15:18:00,45.08,45.11,45.08,45.09,2424.0,WERN
2023-04-28 15:17:00,45.07,45.1,45.07,45.1,992.0,WERN
2023-04-28 15:16:00,45.095,45.095,45.04,45.08,3507.0,WERN
2023-04-28 15:14:00,45.11,45.11,45.09,45.11,2196.0,WERN
2023-04-28 15:13:00,45.13,45.13,45.11,45.11,1379.0,WERN
2023-04-28 15:12:00,45.15,45.16,45.145,45.145,923.0,WERN
2023-04-28 15:11:00,45.16,45.175,45.13,45.13,2206.0,WERN
2023-04-28 15:09:00,45.16,45.189,45.15,45.175,1311.0,WERN
2023-04-28 15:08:00,45.18,45.195,45.15,45.15,2600.0,WERN
2023-04-28 15:07:00,45.14,45.18,45.14,45.18,917.0,WERN
2023-04-28 15:06:00,45.13,45.13,45.13,45.13,145.0,WERN
2023-04-28 15:05:00,45.12,45.13,45.12,45.13,756.0,WERN
2023-04-28 15:04:00,45.14,45.14,45.09,45.11,3311.0,WERN
2023-04-28 15:03:00,45.09,45.15,45.09,45.15,1123.0,WERN
2023-04-28 15:01:00,45.05,45.09,45.05,45.09,1162.0,WERN
2023-04-28 15:00:00,45.065,45.065,45.05,45.05,332.0,WERN
2023-04-28 14:59:00,45.06,45.07,45.06,45.06,1166.0,WERN
2023-04-28 14:58:00,45.06,45.06,45.06,45.06,508.0,WERN
2023-04-28 14:57:00,45.06,45.07,45.06,45.07,296.0,WERN
2023-04-28 14:56:00,45.04,45.06,45.04,45.055,1247.0,WERN
2023-04-28 14:55:00,45.05,45.05,45.035,45.035,1211.0,WERN
2023-04-28 14:54:00,45.065,45.065,45.065,45.065,262.0,WERN
2023-04-28 14:52:00,45.065,45.065,45.065,45.065,108.0,WERN
2023-04-28 14:51:00,45.12,45.12,45.06,45.08,1563.0,WERN
2023-04-28 14:50:00,45.11,45.115,45.11,45.115,1355.0,WERN
2023-04-28 14:49:00,45.12,45.13,45.11,45.11,639.0,WERN
2023-04-28 14:48:00,45.13,45.13,45.13,45.13,628.0,WERN
2023-04-28 14:46:00,45.11,45.14,45.07,45.14,3203.0,WERN
2023-04-28 14:43:00,45.105,45.185,45.105,45.14,3642.0,WERN
2023-04-28 14:42:00,45.105,45.12,45.105,45.12,436.0,WERN
2023-04-28 14:41:00,45.115,45.115,45.115,45.115,247.0,WERN
2023-04-28 14:40:00,45.12,45.12,45.09,45.12,2776.0,WERN
2023-04-28 14:38:00,45.135,45.135,45.135,45.135,116.0,WERN
2023-04-28 14:37:00,45.18,45.18,45.13,45.14,2387.0,WERN
2023-04-28 14:36:00,45.2,45.2,45.19,45.19,871.0,WERN
2023-04-28 14:35:00,45.22,45.22,45.22,45.22,187.0,WERN
2023-04-28 14:34:00,45.2,45.21,45.2,45.21,1090.0,WERN
2023-04-28 14:32:00,45.23,45.23,45.18,45.21,6142.0,WERN
2023-04-28 14:31:00,45.23,45.23,45.23,45.23,374.0,WERN
2023-04-28 14:30:00,45.23,45.25,45.23,45.25,412.0,WERN
2023-04-28 14:29:00,45.2,45.25,45.2,45.24,1141.0,WERN
2023-04-28 14:27:00,45.145,45.18,45.1425,45.18,8160.0,WERN
2023-04-28 14:26:00,45.14,45.14,45.12,45.12,1027.0,WERN
2023-04-28 14:25:00,45.16,45.16,45.16,45.16,310.0,WERN
2023-04-28 14:24:00,45.14,45.14,45.14,45.14,634.0,WERN
2023-04-28 14:23:00,45.24,45.24,45.19,45.19,3341.0,WERN
2023-04-28 14:22:00,45.25,45.25,45.24,45.24,402.0,WERN
2023-04-28 14:21:00,45.25,45.26,45.235,45.26,853.0,WERN
2023-04-28 14:20:00,45.24,45.24,45.235,45.235,454.0,WERN
2023-04-28 14:19:00,45.25,45.25,45.22,45.22,1122.0,WERN
2023-04-28 14:18:00,45.23,45.27,45.23,45.27,1068.0,WERN
2023-04-28 14:17:00,45.24,45.24,45.24,45.24,246.0,WERN
2023-04-28 14:16:00,45.245,45.245,45.245,45.245,301.0,WERN
2023-04-28 14:15:00,45.235,45.255,45.235,45.255,982.0,WERN
2023-04-28 14:14:00,45.18,45.23,45.18,45.23,1961.0,WERN
2023-04-28 14:13:00,45.18,45.195,45.18,45.195,574.0,WERN
2023-04-28 14:12:00,45.2,45.2,45.2,45.2,363.0,WERN
2023-04-28 14:11:00,45.23,45.23,45.18,45.18,1956.0,WERN
2023-04-28 14:10:00,45.24,45.24,45.24,45.24,142.0,WERN
2023-04-28 14:09:00,45.27,45.27,45.23,45.25,3108.0,WERN
2023-04-28 14:07:00,45.27,45.27,45.27,45.27,205.0,WERN
2023-04-28 14:06:00,45.355,45.355,45.3,45.3,1551.0,WERN
2023-04-28 14:05:00,45.315,45.359,45.315,45.359,1448.0,WERN
2023-04-28 14:04:00,45.315,45.315,45.315,45.315,106.0,WERN
2023-04-28 14:03:00,45.31,45.31,45.31,45.31,273.0,WERN
2023-04-28 14:02:00,45.3,45.31,45.3,45.31,399.0,WERN
2023-04-28 14:01:00,45.27,45.32,45.27,45.28,1340.0,WERN
2023-04-28 14:00:00,45.2575,45.27,45.2575,45.27,555.0,WERN
2023-04-28 13:59:00,45.22,45.23,45.22,45.23,1950.0,WERN
2023-04-28 13:58:00,45.21,45.245,45.19,45.245,1226.0,WERN
2023-04-28 13:57:00,45.17,45.17,45.17,45.17,252.0,WERN
2023-04-28 13:56:00,45.19,45.2,45.19,45.2,307.0,WERN
2023-04-28 13:55:00,45.22,45.22,45.18,45.18,1497.0,WERN
2023-04-28 13:54:00,45.26,45.26,45.22,45.22,756.0,WERN
2023-04-28 13:53:00,45.27,45.27,45.23,45.26,2276.0,WERN
2023-04-28 13:52:00,45.28,45.3,45.28,45.3,1432.0,WERN
2023-04-28 13:51:00,45.325,45.36,45.28,45.28,3721.0,WERN
2023-04-28 13:50:00,45.29,45.325,45.29,45.325,344.0,WERN
2023-04-28 13:49:00,45.29,45.325,45.29,45.325,983.0,WERN
2023-04-28 13:48:00,45.29,45.29,45.29,45.29,414.0,WERN
2023-04-28 13:47:00,45.305,45.305,45.28,45.28,340.0,WERN
2023-04-28 13:46:00,45.29,45.29,45.28,45.28,811.0,WERN
2023-04-28 13:45:00,45.31,45.31,45.27,45.275,2513.0,WERN
2023-04-28 13:44:00,45.325,45.325,45.325,45.325,322.0,WERN
2023-04-28 13:43:00,45.26,45.34,45.26,45.29,2786.0,WERN
2023-04-28 13:42:00,45.32,45.36,45.26,45.26,3580.0,WERN
2023-04-28 13:41:00,45.31,45.32,45.29,45.305,768.0,WERN
2023-04-28 13:40:00,45.37,45.37,45.3,45.3,3230.0,WERN
2023-04-28 13:39:00,45.3375,45.38,45.33,45.33,928.0,WERN
2023-04-28 13:38:00,45.4,45.4,45.35,45.35,4376.0,WERN
2023-04-28 13:37:00,45.38,45.38,45.37,45.37,478.0,WERN
2023-04-28 13:36:00,45.4,45.43,45.37,45.37,525.0,WERN
2023-04-28 13:35:00,45.4,45.4,45.37,45.37,1346.0,WERN
2023-04-28 13:34:00,45.4,45.4,45.37,45.37,407.0,WERN
2023-04-28 13:33:00,45.4,45.4,45.37,45.37,221.0,WERN
2023-04-28 13:32:00,45.4,45.4,45.4,45.4,201.0,WERN
2023-04-28 13:29:00,45.375,45.42,45.37,45.37,2922.0,WERN
2023-04-28 13:28:00,45.35,45.375,45.35,45.375,432.0,WERN
2023-04-28 13:27:00,45.35,45.35,45.35,45.35,318.0,WERN
2023-04-28 13:26:00,45.408,45.408,45.36,45.36,790.0,WERN
2023-04-28 13:25:00,45.4,45.4,45.35,45.39,3767.0,WERN
2023-04-28 13:24:00,45.43,45.43,45.39,45.39,777.0,WERN
2023-04-28 13:23:00,45.38,45.38,45.38,45.38,702.0,WERN
2023-04-28 13:22:00,45.38,45.4,45.37,45.38,2596.0,WERN
2023-04-28 13:21:00,45.32,45.32,45.32,45.32,272.0,WERN
2023-04-28 13:20:00,45.38,45.38,45.35,45.35,1002.0,WERN
2023-04-28 13:19:00,45.39,45.39,45.36,45.36,588.0,WERN
2023-04-28 13:18:00,45.37,45.41,45.36,45.36,921.0,WERN
2023-04-28 13:17:00,45.44,45.44,45.41,45.41,1511.0,WERN
2023-04-28 13:16:00,45.455,45.455,45.41,45.41,1124.0,WERN
2023-04-28 13:15:00,45.51,45.5202,45.47,45.47,2922.0,WERN
2023-04-28 13:14:00,45.54,45.54,45.54,45.54,404.0,WERN
2023-04-28 13:13:00,45.5,45.535,45.5,45.51,516.0,WERN
2023-04-28 13:12:00,45.475,45.52,45.475,45.51,950.0,WERN
2023-04-28 13:11:00,45.5,45.5,45.49,45.49,1464.0,WERN
2023-04-28 13:10:00,45.53,45.53,45.49,45.49,410.0,WERN
2023-04-28 13:09:00,45.56,45.56,45.55,45.55,942.0,WERN
2023-04-28 13:08:00,45.6,45.6,45.56,45.56,1225.0,WERN
2023-04-28 13:06:00,45.6,45.6,45.6,45.6,849.0,WERN
2023-04-28 13:05:00,45.58,45.58,45.58,45.58,311.0,WERN
2023-04-28 13:04:00,45.58,45.58,45.57,45.57,527.0,WERN
2023-04-28 13:03:00,45.57,45.59,45.54,45.59,2406.0,WERN
2023-04-28 13:02:00,45.62,45.62,45.59,45.59,399.0,WERN
2023-04-28 13:01:00,45.68,45.68,45.64,45.65,1764.0,WERN
2023-04-28 13:00:00,45.669,45.669,45.669,45.669,152.0,WERN
2023-04-28 12:58:00,45.61,45.64,45.61,45.64,530.0,WERN
2023-04-28 12:57:00,45.615,45.615,45.615,45.615,543.0,WERN
2023-04-28 12:56:00,45.56,45.59,45.56,45.59,521.0,WERN
2023-04-28 12:55:00,45.57,45.57,45.56,45.56,272.0,WERN
2023-04-28 12:54:00,45.57,45.57,45.565,45.565,513.0,WERN
2023-04-28 12:53:00,45.59,45.59,45.565,45.565,718.0,WERN
2023-04-28 12:52:00,45.61,45.61,45.6,45.6,502.0,WERN
2023-04-28 12:51:00,45.57,45.605,45.57,45.605,681.0,WERN
2023-04-28 12:49:00,45.545,45.56,45.545,45.56,658.0,WERN
2023-04-28 12:47:00,45.565,45.565,45.55,45.55,1008.0,WERN
2023-04-28 12:46:00,45.555,45.555,45.555,45.555,236.0,WERN
2023-04-28 12:45:00,45.59,45.6,45.57,45.57,1420.0,WERN
2023-04-28 12:44:00,45.6,45.61,45.6,45.61,487.0,WERN
2023-04-28 12:43:00,45.645,45.645,45.61,45.61,1551.0,WERN
2023-04-28 12:42:00,45.61,45.64,45.61,45.64,798.0,WERN
2023-04-28 12:41:00,45.58,45.59,45.58,45.59,660.0,WERN
2023-04-28 12:40:00,45.585,45.59,45.585,45.589,529.0,WERN
2023-04-28 12:36:00,45.55,45.61,45.55,45.59,2629.0,WERN
2023-04-28 12:35:00,45.54,45.54,45.54,45.54,414.0,WERN
2023-04-28 12:33:00,45.54,45.54,45.54,45.54,200.0,WERN
2023-04-28 12:31:00,45.54,45.55,45.52,45.52,964.0,WERN
2023-04-28 12:30:00,45.515,45.53,45.515,45.52,1294.0,WERN
2023-04-28 12:28:00,45.51,45.525,45.51,45.525,419.0,WERN
2023-04-28 12:27:00,45.5275,45.5275,45.5275,45.5275,100.0,WERN
2023-04-28 12:26:00,45.54,45.54,45.54,45.54,1041.0,WERN
2023-04-28 12:25:00,45.565,45.565,45.565,45.565,100.0,WERN
2023-04-28 12:24:00,45.53,45.565,45.53,45.565,1452.0,WERN
2023-04-28 12:23:00,45.51,45.53,45.51,45.53,941.0,WERN
2023-04-28 12:22:00,45.49,45.49,45.49,45.49,100.0,WERN
2023-04-28 12:21:00,45.49,45.49,45.49,45.49,324.0,WERN
2023-04-28 12:20:00,45.45,45.52,45.45,45.51,1809.0,WERN
2023-04-28 12:18:00,45.46,45.46,45.46,45.46,375.0,WERN
2023-04-28 12:17:00,45.54,45.54,45.445,45.47,2722.0,WERN
2023-04-28 12:16:00,45.53,45.54,45.52,45.54,1540.0,WERN
2023-04-28 12:15:00,45.53,45.55,45.53,45.55,593.0,WERN
2023-04-28 12:12:00,45.53,45.56,45.53,45.56,378.0,WERN
2023-04-28 12:11:00,45.54,45.54,45.53,45.53,394.0,WERN
2023-04-28 12:10:00,45.495,45.52,45.495,45.52,1547.0,WERN
2023-04-28 12:09:00,45.495,45.495,45.495,45.495,113.0,WERN
2023-04-28 12:08:00,45.56,45.56,45.5,45.5,2166.0,WERN
2023-04-28 12:07:00,45.565,45.5895,45.55,45.56,2361.0,WERN
2023-04-28 12:06:00,45.59,45.59,45.56,45.59,1267.0,WERN
2023-04-28 12:05:00,45.59,45.59,45.59,45.59,101.0,WERN
2023-04-28 12:03:00,45.6,45.6,45.55,45.5929,3106.0,WERN
2023-04-28 12:02:00,45.6003,45.625,45.6003,45.625,401.0,WERN
2023-04-28 11:59:00,45.615,45.66,45.615,45.625,2156.0,WERN
2023-04-28 11:58:00,45.65,45.65,45.62,45.65,1296.0,WERN
2023-04-28 11:57:00,45.68,45.68,45.655,45.68,1755.0,WERN
2023-04-28 11:56:00,45.65,45.68,45.64,45.65,1486.0,WERN
2023-04-28 11:55:00,45.66,45.67,45.64,45.645,1133.0,WERN
2023-04-28 11:54:00,45.68,45.685,45.68,45.68,927.0,WERN
2023-04-28 11:53:00,45.65,45.665,45.65,45.665,667.0,WERN
2023-04-28 11:52:00,45.67,45.67,45.65,45.65,532.0,WERN
2023-04-28 11:51:00,45.68,45.68,45.68,45.68,342.0,WERN
2023-04-28 11:50:00,45.64,45.675,45.64,45.675,454.0,WERN
2023-04-28 11:49:00,45.63,45.63,45.63,45.63,123.0,WERN
2023-04-28 11:48:00,45.62,45.65,45.62,45.65,1545.0,WERN
2023-04-28 11:45:00,45.63,45.63,45.63,45.63,504.0,WERN
2023-04-28 11:44:00,45.58,45.6,45.54,45.6,1083.0,WERN
2023-04-28 11:43:00,45.54,45.54,45.54,45.54,566.0,WERN
2023-04-28 11:42:00,45.47,45.47,45.4601,45.4601,859.0,WERN
2023-04-28 11:41:00,45.43,45.45,45.43,45.45,775.0,WERN
2023-04-28 11:40:00,45.4907,45.4907,45.43,45.43,2143.0,WERN
2023-04-28 11:37:00,45.48,45.48,45.48,45.48,144.0,WERN
2023-04-28 11:36:00,45.49,45.49,45.49,45.49,618.0,WERN
2023-04-28 11:34:00,45.48,45.48,45.47,45.47,1382.0,WERN
2023-04-28 11:31:00,45.48,45.51,45.46,45.51,1389.0,WERN
2023-04-28 11:29:00,45.455,45.455,45.455,45.455,152.0,WERN
2023-04-28 11:28:00,45.45,45.45,45.45,45.45,260.0,WERN
2023-04-28 11:27:00,45.43,45.43,45.43,45.43,260.0,WERN
2023-04-28 11:26:00,45.44,45.48,45.43,45.43,1678.0,WERN
2023-04-28 11:25:00,45.42,45.42,45.42,45.42,244.0,WERN
2023-04-28 11:24:00,45.5,45.5,45.4,45.4,2231.0,WERN
2023-04-28 11:23:00,45.5,45.54,45.5,45.54,228.0,WERN
2023-04-28 11:22:00,45.6,45.6,45.5,45.5,250.0,WERN
2023-04-28 11:20:00,45.45,45.6,45.45,45.6,1454.0,WERN
2023-04-28 11:19:00,45.465,45.465,45.4,45.42,5998.0,WERN
2023-04-28 11:18:00,45.44,45.44,45.44,45.44,228.0,WERN
2023-04-28 11:17:00,45.44,45.44,45.44,45.44,114.0,WERN
2023-04-28 11:16:00,45.33,45.37,45.33,45.37,807.0,WERN
2023-04-28 11:15:00,45.33,45.33,45.33,45.33,654.0,WERN
2023-04-28 11:14:00,45.26,45.345,45.26,45.33,1005.0,WERN
2023-04-28 11:13:00,45.21,45.26,45.21,45.24,950.0,WERN
2023-04-28 11:12:00,45.17,45.17,45.17,45.17,241.0,WERN
2023-04-28 11:11:00,45.17,45.17,45.17,45.17,639.0,WERN
2023-04-28 11:09:00,45.2,45.2,45.12,45.12,643.0,WERN
2023-04-28 11:08:00,45.205,45.215,45.2,45.2,609.0,WERN
2023-04-28 11:07:00,45.135,45.2,45.135,45.2,1720.0,WERN
2023-04-28 11:06:00,45.145,45.15,45.145,45.15,694.0,WERN
2023-04-28 11:05:00,45.145,45.145,45.13,45.13,413.0,WERN
2023-04-28 11:03:00,45.1,45.1525,45.1,45.13,791.0,WERN
2023-04-28 11:02:00,45.13,45.13,45.13,45.13,1134.0,WERN
2023-04-28 11:01:00,45.15,45.15,45.1,45.1,2558.0,WERN
2023-04-28 11:00:00,45.13,45.16,45.13,45.16,370.0,WERN
2023-04-28 10:59:00,45.13,45.13,45.11,45.13,1976.0,WERN
2023-04-28 10:58:00,45.24,45.24,45.14,45.15,7015.0,WERN
2023-04-28 10:57:00,45.3,45.3,45.29,45.29,1312.0,WERN
2023-04-28 10:56:00,45.33,45.33,45.3,45.3,1414.0,WERN
2023-04-28 10:55:00,45.44,45.44,45.36,45.3675,1528.0,WERN
2023-04-28 10:54:00,45.48,45.48,45.455,45.455,1323.0,WERN
2023-04-28 10:53:00,45.48,45.48,45.48,45.48,857.0,WERN
2023-04-28 10:52:00,45.48,45.51,45.48,45.51,950.0,WERN
2023-04-28 10:51:00,45.51,45.51,45.49,45.49,501.0,WERN
2023-04-28 10:50:00,45.485,45.51,45.48,45.49,14623.0,WERN
2023-04-28 10:49:00,45.46,45.47,45.46,45.46,688.0,WERN
2023-04-28 10:48:00,45.37,45.37,45.37,45.37,120.0,WERN
2023-04-28 10:46:00,45.375,45.375,45.375,45.375,116.0,WERN
2023-04-28 10:43:00,45.26,45.3,45.24,45.3,674.0,WERN
2023-04-28 10:40:00,45.12,45.21,45.12,45.18,1365.0,WERN
2023-04-28 10:39:00,45.06,45.06,45.05,45.05,425.0,WERN
2023-04-28 10:38:00,45.11,45.145,45.08,45.08,1948.0,WERN
2023-04-28 10:37:00,45.12,45.18,45.11,45.18,995.0,WERN
2023-04-28 10:36:00,45.19,45.19,45.12,45.12,1071.0,WERN
2023-04-28 10:35:00,45.15,45.18,45.13,45.18,907.0,WERN
2023-04-28 10:34:00,45.21,45.21,45.15,45.16,1580.0,WERN
2023-04-28 10:33:00,45.3,45.3,45.2,45.2,1799.0,WERN
2023-04-28 10:32:00,45.36,45.36,45.3,45.32,2308.0,WERN
2023-04-28 10:31:00,45.4,45.42,45.38,45.38,542.0,WERN
2023-04-28 10:30:00,45.39,45.39,45.345,45.345,468.0,WERN
2023-04-28 10:28:00,45.45,45.45,45.42,45.44,1416.0,WERN
2023-04-28 10:27:00,45.46,45.46,45.46,45.46,134.0,WERN
2023-04-28 10:26:00,45.49,45.49,45.49,45.49,279.0,WERN
2023-04-28 10:25:00,45.46,45.48,45.44,45.46,893.0,WERN
2023-04-28 10:24:00,45.495,45.495,45.425,45.45,1640.0,WERN
2023-04-28 10:21:00,45.51,45.58,45.51,45.525,1351.0,WERN
2023-04-28 10:20:00,45.5,45.53,45.48,45.48,1207.0,WERN
2023-04-28 10:19:00,45.54,45.54,45.54,45.54,935.0,WERN
2023-04-28 10:18:00,45.5249,45.5249,45.5249,45.5249,213.0,WERN
2023-04-28 10:17:00,45.465,45.51,45.43,45.51,3281.0,WERN
2023-04-28 10:15:00,45.47,45.485,45.47,45.48,922.0,WERN
2023-04-28 10:14:00,45.46,45.469,45.45,45.469,2430.0,WERN
2023-04-28 10:12:00,45.43,45.43,45.42,45.42,290.0,WERN
2023-04-28 10:09:00,45.33,45.34,45.33,45.33,623.0,WERN
2023-04-28 10:08:00,45.28,45.28,45.28,45.28,118.0,WERN
2023-04-28 10:07:00,45.31,45.31,45.31,45.31,154.0,WERN
2023-04-28 10:06:00,45.31,45.31,45.275,45.275,2045.0,WERN
2023-04-28 10:05:00,45.34,45.34,45.34,45.34,185.0,WERN
2023-04-28 10:04:00,45.295,45.295,45.295,45.295,309.0,WERN
2023-04-28 10:03:00,45.24,45.24,45.24,45.24,1971.0,WERN
2023-04-28 10:02:00,45.19,45.19,45.19,45.19,106.0,WERN
2023-04-28 10:01:00,45.21,45.21,45.17,45.17,1377.0,WERN
2023-04-28 09:59:00,45.18,45.21,45.18,45.21,484.0,WERN
2023-04-28 09:58:00,45.21,45.21,45.21,45.21,308.0,WERN
2023-04-28 09:57:00,45.2,45.2,45.165,45.165,223.0,WERN
2023-04-28 09:55:00,45.19,45.19,45.19,45.19,236.0,WERN
2023-04-28 09:54:00,45.16,45.17,45.16,45.16,1045.0,WERN
2023-04-28 09:53:00,45.065,45.11,45.065,45.11,313.0,WERN
2023-04-28 09:52:00,44.98,45.03,44.98,45.03,868.0,WERN
2023-04-28 09:51:00,45.08,45.09,45.0,45.03,3138.0,WERN
2023-04-28 09:50:00,45.0,45.01,44.995,45.01,2038.0,WERN
2023-04-28 09:49:00,45.0,45.0,44.9001,45.0,1056.0,WERN
2023-04-28 09:48:00,44.89,45.025,44.885,45.025,5269.0,WERN
2023-04-28 09:47:00,44.79,44.89,44.78,44.89,1590.0,WERN
2023-04-28 09:46:00,44.86,44.925,44.79,44.79,2248.0,WERN
2023-04-28 09:45:00,44.98,44.98,44.86,44.86,2590.0,WERN
2023-04-28 09:44:00,45.06,45.06,45.05,45.05,949.0,WERN
2023-04-28 09:43:00,45.06,45.06,44.88,45.05,3586.0,WERN
2023-04-28 09:41:00,45.035,45.035,45.035,45.035,114.0,WERN
2023-04-28 09:40:00,45.03,45.03,45.03,45.03,112.0,WERN
2023-04-28 09:39:00,44.985,45.09,44.985,45.055,970.0,WERN
2023-04-28 09:37:00,45.07,45.07,45.07,45.07,123.0,WERN
2023-04-28 09:36:00,44.83,44.945,44.83,44.945,354.0,WERN
2023-04-28 09:33:00,44.92,45.02,44.89,45.02,2115.0,WERN
2023-04-28 09:32:00,44.685,44.96,44.685,44.96,283.0,WERN
2023-04-28 09:31:00,44.68,44.68,44.61,44.61,3368.0,WERN
2023-04-28 09:30:00,44.7,44.7,44.7,44.7,136.0,WERN
2023-04-27 16:01:00,44.55,44.55,44.55,44.55,10809.0,WERN
2023-04-27 16:00:00,44.52,44.55,44.45,44.55,32877.0,WERN
2023-04-27 15:59:00,44.53,44.59,44.5,44.51,25441.0,WERN
2023-04-27 15:58:00,44.54,44.56,44.51,44.53,9495.0,WERN
2023-04-27 15:57:00,44.5,44.53,44.48,44.53,8672.0,WERN
2023-04-27 15:56:00,44.4,44.52,44.4,44.5,14383.0,WERN
2023-04-27 15:55:00,44.51,44.52,44.4,44.42,9698.0,WERN
2023-04-27 15:54:00,44.46,44.53,44.46,44.51,6676.0,WERN
2023-04-27 15:53:00,44.435,44.48,44.435,44.46,3936.0,WERN
2023-04-27 15:52:00,44.46,44.46,44.41,44.43,6709.0,WERN
2023-04-27 15:51:00,44.48,44.53,44.47,44.49,4158.0,WERN
2023-04-27 15:50:00,44.53,44.54,44.49,44.49,2910.0,WERN
2023-04-27 15:49:00,44.53,44.54,44.53,44.535,1255.0,WERN
2023-04-27 15:48:00,44.5,44.55,44.5,44.51,3554.0,WERN
2023-04-27 15:47:00,44.525,44.525,44.49,44.5,2197.0,WERN
2023-04-27 15:46:00,44.54,44.54,44.53,44.53,1205.0,WERN
2023-04-27 15:45:00,44.62,44.62,44.56,44.56,3103.0,WERN
2023-04-27 15:44:00,44.605,44.605,44.605,44.605,338.0,WERN
2023-04-27 15:43:00,44.57,44.619,44.56,44.619,3308.0,WERN
2023-04-27 15:42:00,44.555,44.555,44.555,44.555,753.0,WERN
2023-04-27 15:41:00,44.545,44.56,44.545,44.56,1416.0,WERN
2023-04-27 15:40:00,44.55,44.55,44.55,44.55,895.0,WERN
2023-04-27 15:39:00,44.56,44.56,44.53,44.545,1008.0,WERN
2023-04-27 15:38:00,44.545,44.575,44.545,44.57,3624.0,WERN
2023-04-27 15:37:00,44.53,44.55,44.53,44.54,2290.0,WERN
2023-04-27 15:36:00,44.59,44.59,44.55,44.55,1444.0,WERN
2023-04-27 15:34:00,44.635,44.635,44.59,44.59,1667.0,WERN
2023-04-27 15:33:00,44.645,44.645,44.64,44.64,389.0,WERN
2023-04-27 15:32:00,44.645,44.65,44.64,44.64,1402.0,WERN
2023-04-27 15:31:00,44.645,44.645,44.63,44.645,673.0,WERN
2023-04-27 15:30:00,44.645,44.645,44.645,44.645,545.0,WERN
2023-04-27 15:29:00,44.63,44.64,44.63,44.64,589.0,WERN
2023-04-27 15:28:00,44.66,44.665,44.64,44.64,1507.0,WERN
2023-04-27 15:27:00,44.67,44.67,44.67,44.67,507.0,WERN
2023-04-27 15:26:00,44.695,44.695,44.67,44.67,1141.0,WERN
2023-04-27 15:25:00,44.69,44.705,44.69,44.705,802.0,WERN
2023-04-27 15:24:00,44.71,44.71,44.68,44.68,1772.0,WERN
2023-04-27 15:23:00,44.71,44.71,44.705,44.705,222.0,WERN
2023-04-27 15:22:00,44.695,44.7,44.695,44.7,254.0,WERN
2023-04-27 15:21:00,44.71,44.73,44.7,44.705,1887.0,WERN
2023-04-27 15:20:00,44.72,44.72,44.7,44.71,1393.0,WERN
2023-04-27 15:19:00,44.715,44.73,44.715,44.73,1026.0,WERN
2023-04-27 15:18:00,44.74,44.74,44.71,44.715,3256.0,WERN
2023-04-27 15:17:00,44.75,44.75,44.74,44.75,747.0,WERN
2023-04-27 15:16:00,44.745,44.745,44.745,44.745,287.0,WERN
2023-04-27 15:15:00,44.745,44.745,44.745,44.745,338.0,WERN
2023-04-27 15:14:00,44.74,44.745,44.74,44.745,459.0,WERN
2023-04-27 15:13:00,44.745,44.745,44.745,44.745,331.0,WERN
2023-04-27 15:12:00,44.745,44.745,44.745,44.745,259.0,WERN
2023-04-27 15:11:00,44.745,44.745,44.745,44.745,295.0,WERN
2023-04-27 15:10:00,44.74,44.76,44.74,44.76,503.0,WERN
2023-04-27 15:09:00,44.755,44.755,44.755,44.755,525.0,WERN
2023-04-27 15:07:00,44.73,44.73,44.73,44.73,609.0,WERN
2023-04-27 15:06:00,44.75,44.75,44.72,44.73,940.0,WERN
2023-04-27 15:05:00,44.73,44.73,44.73,44.73,331.0,WERN
2023-04-27 15:04:00,44.715,44.715,44.715,44.715,466.0,WERN
2023-04-27 15:03:00,44.71,44.715,44.71,44.715,846.0,WERN
2023-04-27 15:02:00,44.71,44.71,44.71,44.71,357.0,WERN
2023-04-27 15:00:00,44.66,44.7,44.66,44.7,886.0,WERN
2023-04-27 14:59:00,44.655,44.655,44.655,44.655,327.0,WERN
2023-04-27 14:58:00,44.575,44.62,44.575,44.62,1788.0,WERN
2023-04-27 14:57:00,44.575,44.575,44.575,44.575,324.0,WERN
2023-04-27 14:56:00,44.59,44.59,44.575,44.575,854.0,WERN
2023-04-27 14:55:00,44.59,44.605,44.59,44.605,228.0,WERN
2023-04-27 14:54:00,44.61,44.61,44.61,44.61,147.0,WERN
2023-04-27 14:53:00,44.575,44.6,44.575,44.59,1227.0,WERN
2023-04-27 14:51:00,44.58,44.58,44.58,44.58,1067.0,WERN
2023-04-27 14:50:00,44.56,44.56,44.545,44.545,582.0,WERN
2023-04-27 14:49:00,44.535,44.58,44.535,44.58,1018.0,WERN
2023-04-27 14:48:00,44.53,44.555,44.5,44.535,2483.0,WERN
2023-04-27 14:47:00,44.5899,44.5899,44.52,44.555,982.0,WERN
2023-04-27 14:46:00,44.555,44.555,44.555,44.555,388.0,WERN
2023-04-27 14:45:00,44.59,44.59,44.59,44.59,131.0,WERN
2023-04-27 14:44:00,44.56,44.56,44.56,44.56,329.0,WERN
2023-04-27 14:43:00,44.56,44.56,44.56,44.56,146.0,WERN
2023-04-27 14:42:00,44.56,44.56,44.56,44.56,115.0,WERN
2023-04-27 14:40:00,44.52,44.56,44.52,44.56,1799.0,WERN
2023-04-27 14:39:00,44.51,44.51,44.505,44.505,378.0,WERN
2023-04-27 14:38:00,44.53,44.53,44.51,44.51,1427.0,WERN
2023-04-27 14:37:00,44.565,44.565,44.565,44.565,153.0,WERN
2023-04-27 14:36:00,44.54,44.565,44.54,44.565,316.0,WERN
2023-04-27 14:35:00,44.56,44.58,44.56,44.565,1102.0,WERN
2023-04-27 14:34:00,44.545,44.545,44.5402,44.545,759.0,WERN
2023-04-27 14:32:00,44.545,44.545,44.54,44.54,352.0,WERN
2023-04-27 14:31:00,44.6,44.6,44.55,44.55,1955.0,WERN
2023-04-27 14:30:00,44.58,44.64,44.58,44.64,1572.0,WERN
2023-04-27 14:27:00,44.575,44.575,44.575,44.575,722.0,WERN
2023-04-27 14:26:00,44.575,44.575,44.575,44.575,100.0,WERN
2023-04-27 14:24:00,44.525,44.575,44.525,44.57,2356.0,WERN
2023-04-27 14:23:00,44.51,44.52,44.51,44.52,692.0,WERN
2023-04-27 14:22:00,44.5396,44.5396,44.51,44.51,854.0,WERN
2023-04-27 14:21:00,44.53,44.53,44.53,44.53,263.0,WERN
2023-04-27 14:20:00,44.515,44.54,44.515,44.54,987.0,WERN
2023-04-27 14:19:00,44.53,44.53,44.51,44.51,395.0,WERN
2023-04-27 14:18:00,44.51,44.52,44.51,44.51,1282.0,WERN
2023-04-27 14:17:00,44.58,44.59,44.54,44.54,1157.0,WERN
2023-04-27 14:16:00,44.58,44.58,44.58,44.58,130.0,WERN
2023-04-27 14:14:00,44.55,44.58,44.55,44.58,224.0,WERN
2023-04-27 14:13:00,44.525,44.585,44.525,44.585,1869.0,WERN
2023-04-27 14:12:00,44.525,44.525,44.525,44.525,117.0,WERN
2023-04-27 14:11:00,44.53,44.53,44.53,44.53,325.0,WERN
2023-04-27 14:10:00,44.52,44.54,44.52,44.54,447.0,WERN
2023-04-27 14:09:00,44.52,44.52,44.52,44.52,303.0,WERN
2023-04-27 14:08:00,44.525,44.525,44.52,44.52,495.0,WERN
2023-04-27 14:07:00,44.525,44.525,44.525,44.525,104.0,WERN
2023-04-27 14:05:00,44.545,44.545,44.51,44.54,4267.0,WERN
2023-04-27 14:03:00,44.54,44.545,44.54,44.545,613.0,WERN
2023-04-27 14:02:00,44.54,44.54,44.54,44.54,224.0,WERN
2023-04-27 14:01:00,44.545,44.545,44.545,44.545,260.0,WERN
2023-04-27 14:00:00,44.56,44.56,44.56,44.56,281.0,WERN
2023-04-27 13:59:00,44.545,44.545,44.545,44.545,247.0,WERN
2023-04-27 13:58:00,44.52,44.56,44.52,44.56,2047.0,WERN
2023-04-27 13:57:00,44.53,44.535,44.53,44.535,938.0,WERN
2023-04-27 13:56:00,44.52,44.53,44.52,44.525,529.0,WERN
2023-04-27 13:55:00,44.545,44.545,44.545,44.545,166.0,WERN
2023-04-27 13:52:00,44.58,44.58,44.58,44.58,243.0,WERN
2023-04-27 13:51:00,44.58,44.58,44.57,44.57,547.0,WERN
2023-04-27 13:50:00,44.59,44.62,44.59,44.62,961.0,WERN
2023-04-27 13:49:00,44.59,44.62,44.59,44.62,1492.0,WERN
2023-04-27 13:48:00,44.56,44.56,44.56,44.56,342.0,WERN
2023-04-27 13:45:00,44.535,44.57,44.535,44.57,1128.0,WERN
2023-04-27 13:42:00,44.57,44.57,44.57,44.57,107.0,WERN
2023-04-27 13:40:00,44.57,44.57,44.57,44.57,340.0,WERN
2023-04-27 13:39:00,44.62,44.62,44.58,44.58,982.0,WERN
2023-04-27 13:38:00,44.62,44.65,44.62,44.65,588.0,WERN
2023-04-27 13:36:00,44.595,44.605,44.595,44.605,448.0,WERN
2023-04-27 13:35:00,44.59,44.595,44.58,44.595,617.0,WERN
2023-04-27 13:34:00,44.56,44.56,44.56,44.56,596.0,WERN
2023-04-27 13:33:00,44.57,44.57,44.57,44.57,955.0,WERN
2023-04-27 13:31:00,44.54,44.54,44.54,44.54,1822.0,WERN
2023-04-27 13:29:00,44.535,44.535,44.52,44.53,1894.0,WERN
2023-04-27 13:28:00,44.5,44.54,44.5,44.54,1854.0,WERN
2023-04-27 13:27:00,44.53,44.53,44.515,44.515,433.0,WERN
2023-04-27 13:26:00,44.515,44.515,44.515,44.515,693.0,WERN
2023-04-27 13:23:00,44.535,44.57,44.535,44.57,1200.0,WERN
2023-04-27 13:20:00,44.58,44.58,44.54,44.545,1349.0,WERN
2023-04-27 13:18:00,44.59,44.59,44.59,44.59,697.0,WERN
2023-04-27 13:17:00,44.6,44.6,44.6,44.6,206.0,WERN
2023-04-27 13:16:00,44.61,44.61,44.6,44.6,336.0,WERN
2023-04-27 13:15:00,44.62,44.635,44.61,44.61,1591.0,WERN
2023-04-27 13:14:00,44.59,44.59,44.59,44.59,193.0,WERN
2023-04-27 13:13:00,44.6,44.6,44.6,44.6,278.0,WERN
2023-04-27 13:12:00,44.62,44.62,44.62,44.62,280.0,WERN
2023-04-27 13:11:00,44.65,44.65,44.63,44.64,1437.0,WERN
2023-04-27 13:10:00,44.65,44.67,44.65,44.67,651.0,WERN
2023-04-27 13:09:00,44.63,44.66,44.63,44.66,2378.0,WERN
2023-04-27 13:08:00,44.635,44.635,44.61,44.61,282.0,WERN
2023-04-27 13:07:00,44.63,44.65,44.62,44.65,1174.0,WERN
2023-04-27 13:06:00,44.635,44.635,44.635,44.635,540.0,WERN
2023-04-27 13:05:00,44.7,44.7,44.66,44.66,972.0,WERN
2023-04-27 13:04:00,44.72,44.75,44.72,44.72,1436.0,WERN
2023-04-27 13:03:00,44.705,44.705,44.705,44.705,349.0,WERN
2023-04-27 13:02:00,44.735,44.735,44.7,44.7,1577.0,WERN
2023-04-27 13:01:00,44.72,44.72,44.72,44.72,799.0,WERN
2023-04-27 12:56:00,44.68,44.68,44.64,44.68,2092.0,WERN
2023-04-27 12:55:00,44.73,44.73,44.69,44.69,1293.0,WERN
2023-04-27 12:54:00,44.74,44.76,44.73,44.73,541.0,WERN
2023-04-27 12:53:00,44.735,44.735,44.735,44.735,312.0,WERN
2023-04-27 12:51:00,44.72,44.73,44.72,44.73,452.0,WERN
2023-04-27 12:49:00,44.71,44.71,44.7,44.71,801.0,WERN
2023-04-27 12:48:00,44.655,44.71,44.655,44.71,923.0,WERN
2023-04-27 12:47:00,44.61,44.64,44.61,44.64,1201.0,WERN
2023-04-27 12:45:00,44.61,44.61,44.61,44.61,735.0,WERN
2023-04-27 12:44:00,44.64,44.64,44.64,44.64,223.0,WERN
2023-04-27 12:42:00,44.65,44.66,44.65,44.66,593.0,WERN
2023-04-27 12:41:00,44.68,44.68,44.65,44.65,1556.0,WERN
2023-04-27 12:40:00,44.73,44.73,44.73,44.73,198.0,WERN
2023-04-27 12:39:00,44.72,44.72,44.72,44.72,336.0,WERN
2023-04-27 12:38:00,44.69,44.7,44.69,44.7,532.0,WERN
2023-04-27 12:35:00,44.68,44.68,44.68,44.68,211.0,WERN
2023-04-27 12:34:00,44.67,44.6798,44.66,44.66,547.0,WERN
2023-04-27 12:33:00,44.66,44.68,44.66,44.68,272.0,WERN
2023-04-27 12:32:00,44.65,44.65,44.65,44.65,266.0,WERN
2023-04-27 12:31:00,44.69,44.69,44.69,44.69,355.0,WERN
2023-04-27 12:29:00,44.65,44.66,44.645,44.65,1539.0,WERN
2023-04-27 12:28:00,44.615,44.615,44.61,44.61,358.0,WERN
2023-04-27 12:26:00,44.666,44.67,44.63,44.66,1645.0,WERN
2023-04-27 12:24:00,44.66,44.66,44.66,44.66,598.0,WERN
2023-04-27 12:20:00,44.71,44.74,44.71,44.72,1730.0,WERN
2023-04-27 12:19:00,44.74,44.74,44.68,44.695,3895.0,WERN
2023-04-27 12:18:00,44.81,44.81,44.81,44.81,114.0,WERN
2023-04-27 12:16:00,44.71,44.8,44.71,44.8,1931.0,WERN
2023-04-27 12:12:00,44.675,44.675,44.675,44.675,224.0,WERN
2023-04-27 12:08:00,44.61,44.69,44.61,44.69,1077.0,WERN
2023-04-27 12:06:00,44.61,44.61,44.61,44.61,295.0,WERN
2023-04-27 12:05:00,44.6,44.6,44.6,44.6,510.0,WERN
2023-04-27 12:04:00,44.6,44.6,44.6,44.6,265.0,WERN
2023-04-27 12:03:00,44.57,44.6,44.57,44.6,1212.0,WERN
2023-04-27 12:02:00,44.59,44.59,44.59,44.59,176.0,WERN
2023-04-27 12:01:00,44.5,44.51,44.5,44.51,1035.0,WERN
2023-04-27 11:57:00,44.485,44.495,44.412,44.412,1046.0,WERN
2023-04-27 11:56:00,44.4,44.48,44.4,44.48,1205.0,WERN
2023-04-27 11:55:00,44.4,44.4,44.4,44.4,104.0,WERN
2023-04-27 11:54:00,44.395,44.395,44.395,44.395,143.0,WERN
2023-04-27 11:53:00,44.36,44.37,44.36,44.37,799.0,WERN
2023-04-27 11:52:00,44.475,44.475,44.33,44.335,5437.0,WERN
2023-04-27 11:51:00,44.44,44.44,44.435,44.44,606.0,WERN
2023-04-27 11:50:00,44.395,44.395,44.39,44.39,322.0,WERN
2023-04-27 11:49:00,44.43,44.43,44.43,44.43,159.0,WERN
2023-04-27 11:47:00,44.36,44.36,44.36,44.36,1007.0,WERN
2023-04-27 11:46:00,44.36,44.36,44.3,44.32,904.0,WERN
2023-04-27 11:44:00,44.305,44.31,44.305,44.31,358.0,WERN
2023-04-27 11:42:00,44.26,44.26,44.26,44.26,863.0,WERN
2023-04-27 11:41:00,44.29,44.3,44.22,44.22,3234.0,WERN
2023-04-27 11:34:00,44.34,44.34,44.34,44.34,108.0,WERN
2023-04-27 11:32:00,44.24,44.28,44.24,44.28,546.0,WERN
2023-04-27 11:31:00,44.225,44.27,44.225,44.27,806.0,WERN
2023-04-27 11:30:00,44.25,44.25,44.25,44.25,224.0,WERN
2023-04-27 11:28:00,44.165,44.165,44.165,44.165,243.0,WERN
2023-04-27 11:27:00,44.145,44.145,44.145,44.145,208.0,WERN
2023-04-27 11:26:00,44.13,44.13,44.13,44.13,494.0,WERN
2023-04-27 11:25:00,44.07,44.07,44.07,44.07,356.0,WERN
2023-04-27 11:20:00,44.01,44.01,44.01,44.01,118.0,WERN
2023-04-27 11:19:00,44.01,44.01,44.01,44.01,1015.0,WERN
2023-04-27 11:18:00,43.95,43.96,43.95,43.96,510.0,WERN
2023-04-27 11:16:00,44.035,44.035,43.98,43.99,2214.0,WERN
2023-04-27 11:10:00,43.92,43.98,43.9,43.98,1118.0,WERN
2023-04-27 11:09:00,43.87,43.87,43.87,43.87,319.0,WERN
2023-04-27 11:06:00,43.8463,43.8463,43.8463,43.8463,429.0,WERN
2023-04-27 11:05:00,43.86,43.86,43.86,43.86,666.0,WERN
2023-04-27 11:04:00,43.93,43.93,43.9,43.9,711.0,WERN
2023-04-27 11:03:00,43.91,43.92,43.91,43.92,357.0,WERN
2023-04-27 11:02:00,43.9,43.91,43.89,43.89,1005.0,WERN
2023-04-27 11:01:00,43.92,43.93,43.92,43.93,415.0,WERN
2023-04-27 10:57:00,43.88,43.88,43.83,43.83,268.0,WERN
2023-04-27 10:56:00,43.85,43.85,43.85,43.85,182.0,WERN
2023-04-27 10:53:00,43.87,43.87,43.87,43.87,467.0,WERN
2023-04-27 10:52:00,43.855,43.855,43.84,43.84,245.0,WERN
2023-04-27 10:51:00,43.91,43.93,43.89,43.93,1195.0,WERN
2023-04-27 10:48:00,43.86,43.91,43.86,43.91,1660.0,WERN
2023-04-27 10:47:00,43.83,43.83,43.83,43.83,272.0,WERN
2023-04-27 10:46:00,43.83,43.83,43.83,43.83,208.0,WERN
2023-04-27 10:44:00,43.78,43.79,43.75,43.765,1535.0,WERN
2023-04-27 10:43:00,43.77,43.77,43.74,43.75,688.0,WERN
2023-04-27 10:42:00,43.82,43.82,43.8,43.8,630.0,WERN
2023-04-27 10:41:00,43.82,43.83,43.82,43.83,697.0,WERN
2023-04-27 10:38:00,43.84,43.875,43.83,43.83,969.0,WERN
2023-04-27 10:37:00,43.86,43.87,43.85,43.85,1745.0,WERN
2023-04-27 10:36:00,43.835,43.84,43.835,43.84,458.0,WERN
2023-04-27 10:35:00,43.82,43.83,43.82,43.83,751.0,WERN
2023-04-27 10:34:00,43.85,43.85,43.83,43.84,1717.0,WERN
2023-04-27 10:33:00,43.89,43.89,43.89,43.89,771.0,WERN
2023-04-27 10:32:00,43.82,43.88,43.82,43.88,1087.0,WERN
2023-04-27 10:31:00,43.825,43.825,43.825,43.825,100.0,WERN
2023-04-27 10:28:00,43.875,43.875,43.84,43.84,1156.0,WERN
2023-04-27 10:27:00,43.89,43.89,43.87,43.88,510.0,WERN
2023-04-27 10:26:00,43.99,43.99,43.88,43.88,2154.0,WERN
2023-04-27 10:24:00,43.94,43.94,43.94,43.94,601.0,WERN
2023-04-27 10:18:00,43.98,43.98,43.98,43.98,216.0,WERN
2023-04-27 10:16:00,44.04,44.05,44.02,44.02,1317.0,WERN
2023-04-27 10:15:00,44.01,44.01,44.01,44.01,686.0,WERN
2023-04-27 10:14:00,43.99,43.99,43.99,43.99,160.0,WERN
2023-04-27 10:12:00,43.97,43.97,43.94,43.94,207.0,WERN
2023-04-27 10:10:00,43.92,43.95,43.91,43.95,455.0,WERN
2023-04-27 10:09:00,43.97,43.98,43.97,43.98,504.0,WERN
2023-04-27 10:08:00,43.89,43.92,43.89,43.92,837.0,WERN
2023-04-27 10:07:00,43.95,43.95,43.84,43.84,1982.0,WERN
2023-04-27 10:04:00,44.07,44.07,44.065,44.065,607.0,WERN
2023-04-27 10:02:00,44.13,44.13,44.11,44.125,484.0,WERN
2023-04-27 10:00:00,44.14,44.27,44.115,44.27,2868.0,WERN
2023-04-27 09:59:00,44.06,44.06,44.035,44.035,360.0,WERN
2023-04-27 09:58:00,44.0,44.05,44.0,44.02,1663.0,WERN
2023-04-27 09:57:00,43.91,43.91,43.91,43.91,100.0,WERN
2023-04-27 09:54:00,43.95,43.95,43.95,43.95,1039.0,WERN
2023-04-27 09:53:00,43.93,43.95,43.93,43.95,716.0,WERN
2023-04-27 09:52:00,43.99,43.99,43.99,43.99,249.0,WERN
2023-04-27 09:50:00,43.93,43.93,43.9,43.9,652.0,WERN
2023-04-27 09:49:00,43.865,43.93,43.865,43.93,2268.0,WERN
2023-04-27 09:48:00,43.85,43.87,43.81,43.87,1399.0,WERN
2023-04-27 09:47:00,43.88,43.88,43.88,43.88,105.0,WERN
2023-04-27 09:46:00,43.895,43.895,43.895,43.895,104.0,WERN
2023-04-27 09:45:00,43.905,43.905,43.905,43.905,138.0,WERN
2023-04-27 09:43:00,43.94,43.99,43.92,43.99,556.0,WERN
2023-04-27 09:41:00,43.9,44.04,43.89,43.99,1982.0,WERN
2023-04-27 09:40:00,43.78,43.78,43.78,43.78,165.0,WERN
2023-04-27 09:39:00,43.82,43.86,43.82,43.86,725.0,WERN
2023-04-27 09:38:00,43.67,43.78,43.67,43.78,556.0,WERN
2023-04-27 09:37:00,43.88,43.88,43.6,43.6,1245.0,WERN
2023-04-27 09:33:00,43.925,43.925,43.925,43.925,268.0,WERN
2023-04-27 09:31:00,43.78,43.78,43.78,43.78,3871.0,WERN
2023-04-26 16:01:00,43.51,43.51,43.51,43.51,17601.0,WERN
2023-04-26 16:00:00,43.53,43.55,43.5,43.51,22122.0,WERN
2023-04-26 15:59:00,43.595,43.6,43.53,43.53,8054.0,WERN
2023-04-26 15:58:00,43.55,43.6,43.55,43.595,5274.0,WERN
2023-04-26 15:57:00,43.52,43.57,43.515,43.555,6035.0,WERN
2023-04-26 15:56:00,43.42,43.52,43.42,43.515,5223.0,WERN
2023-04-26 15:55:00,43.43,43.485,43.4125,43.4125,8621.0,WERN
2023-04-26 15:54:00,43.43,43.435,43.42,43.42,2188.0,WERN
2023-04-26 15:53:00,43.41,43.45,43.41,43.45,5299.0,WERN
2023-04-26 15:52:00,43.44,43.44,43.415,43.415,3105.0,WERN
2023-04-26 15:51:00,43.45,43.49,43.45,43.45,2394.0,WERN
2023-04-26 15:50:00,43.45,43.5,43.45,43.5,1551.0,WERN
2023-04-26 15:49:00,43.43,43.45,43.425,43.435,3383.0,WERN
2023-04-26 15:48:00,43.475,43.475,43.395,43.415,1757.0,WERN
2023-04-26 15:47:00,43.51,43.51,43.465,43.5,804.0,WERN
2023-04-26 15:46:00,43.48,43.48,43.48,43.48,553.0,WERN
2023-04-26 15:45:00,43.43,43.505,43.43,43.505,3194.0,WERN
2023-04-26 15:44:00,43.48,43.48,43.4,43.4,2557.0,WERN
2023-04-26 15:43:00,43.49,43.49,43.4825,43.4825,1334.0,WERN
2023-04-26 15:42:00,43.45,43.49,43.45,43.49,2133.0,WERN
2023-04-26 15:41:00,43.52,43.52,43.45,43.45,3399.0,WERN
2023-04-26 15:40:00,43.505,43.505,43.505,43.505,297.0,WERN
2023-04-26 15:39:00,43.52,43.52,43.505,43.505,997.0,WERN
2023-04-26 15:38:00,43.53,43.55,43.525,43.55,1520.0,WERN
2023-04-26 15:37:00,43.48,43.51,43.48,43.51,1839.0,WERN
2023-04-26 15:36:00,43.47,43.47,43.47,43.47,2342.0,WERN
2023-04-26 15:35:00,43.49,43.49,43.48,43.485,1298.0,WERN
2023-04-26 15:34:00,43.5,43.5,43.46,43.495,2102.0,WERN
2023-04-26 15:33:00,43.485,43.485,43.48,43.48,389.0,WERN
2023-04-26 15:32:00,43.485,43.485,43.485,43.485,421.0,WERN
2023-04-26 15:31:00,43.44,43.485,43.435,43.485,2787.0,WERN
2023-04-26 15:30:00,43.45,43.45,43.4368,43.4368,3155.0,WERN
2023-04-26 15:29:00,43.46,43.485,43.445,43.45,2310.0,WERN
2023-04-26 15:28:00,43.5,43.5,43.485,43.485,366.0,WERN
2023-04-26 15:27:00,43.43,43.47,43.43,43.47,2902.0,WERN
2023-04-26 15:26:00,43.43,43.43,43.415,43.415,395.0,WERN
2023-04-26 15:25:00,43.405,43.43,43.405,43.415,777.0,WERN
2023-04-26 15:24:00,43.42,43.43,43.405,43.43,924.0,WERN
2023-04-26 15:23:00,43.415,43.415,43.4,43.415,678.0,WERN
2023-04-26 15:22:00,43.395,43.4299,43.395,43.4,4417.0,WERN
2023-04-26 15:21:00,43.425,43.425,43.395,43.4,4093.0,WERN
2023-04-26 15:20:00,43.405,43.46,43.405,43.435,3905.0,WERN
2023-04-26 15:19:00,43.41,43.41,43.405,43.405,464.0,WERN
2023-04-26 15:18:00,43.45,43.45,43.43,43.43,828.0,WERN
2023-04-26 15:17:00,43.465,43.465,43.445,43.445,320.0,WERN
2023-04-26 15:16:00,43.54,43.54,43.45,43.45,2699.0,WERN
2023-04-26 15:15:00,43.545,43.55,43.545,43.55,660.0,WERN
2023-04-26 15:14:00,43.62,43.65,43.56,43.565,2292.0,WERN
2023-04-26 15:13:00,43.63,43.65,43.63,43.65,1101.0,WERN
2023-04-26 15:12:00,43.6,43.6,43.6,43.6,970.0,WERN
2023-04-26 15:11:00,43.56,43.58,43.54,43.58,4615.0,WERN
2023-04-26 15:10:00,43.57,43.57,43.57,43.57,938.0,WERN
2023-04-26 15:08:00,43.57,43.59,43.57,43.59,673.0,WERN
2023-04-26 15:07:00,43.53,43.57,43.53,43.57,706.0,WERN
2023-04-26 15:06:00,43.465,43.51,43.46,43.51,2989.0,WERN
2023-04-26 15:05:00,43.535,43.535,43.48,43.48,2714.0,WERN
2023-04-26 15:04:00,43.535,43.535,43.535,43.535,446.0,WERN
2023-04-26 15:03:00,43.54,43.54,43.54,43.54,638.0,WERN
2023-04-26 15:02:00,43.54,43.54,43.54,43.54,195.0,WERN
2023-04-26 15:01:00,43.54,43.54,43.54,43.54,378.0,WERN
2023-04-26 15:00:00,43.55,43.57,43.52,43.56,3199.0,WERN
2023-04-26 14:59:00,43.55,43.55,43.52,43.52,307.0,WERN
2023-04-26 14:57:00,43.54,43.54,43.54,43.54,169.0,WERN
2023-04-26 14:56:00,43.48,43.51,43.48,43.51,1242.0,WERN
2023-04-26 14:55:00,43.43,43.475,43.43,43.475,1550.0,WERN
2023-04-26 14:53:00,43.485,43.485,43.42,43.42,2321.0,WERN
2023-04-26 14:52:00,43.45,43.485,43.45,43.485,1251.0,WERN
2023-04-26 14:51:00,43.43,43.46,43.43,43.46,872.0,WERN
2023-04-26 14:50:00,43.43,43.47,43.43,43.43,4257.0,WERN
2023-04-26 14:49:00,43.405,43.42,43.405,43.42,1298.0,WERN
2023-04-26 14:47:00,43.39,43.4,43.386,43.39,1019.0,WERN
2023-04-26 14:46:00,43.42,43.42,43.4,43.4,2130.0,WERN
2023-04-26 14:45:00,43.395,43.41,43.395,43.41,1921.0,WERN
2023-04-26 14:44:00,43.415,43.415,43.415,43.415,209.0,WERN
2023-04-26 14:43:00,43.43,43.43,43.42,43.43,1318.0,WERN
2023-04-26 14:42:00,43.44,43.445,43.44,43.445,726.0,WERN
2023-04-26 14:41:00,43.47,43.47,43.45,43.45,587.0,WERN
2023-04-26 14:39:00,43.469,43.47,43.469,43.47,807.0,WERN
2023-04-26 14:38:00,43.45,43.465,43.45,43.455,1679.0,WERN
2023-04-26 14:37:00,43.46,43.48,43.45,43.48,2419.0,WERN
2023-04-26 14:36:00,43.465,43.465,43.465,43.465,297.0,WERN
2023-04-26 14:35:00,43.52,43.53,43.51,43.515,1582.0,WERN
2023-04-26 14:34:00,43.54,43.54,43.52,43.52,595.0,WERN
2023-04-26 14:33:00,43.53,43.53,43.53,43.53,842.0,WERN
2023-04-26 14:32:00,43.535,43.535,43.535,43.535,268.0,WERN
2023-04-26 14:31:00,43.53,43.54,43.53,43.535,871.0,WERN
2023-04-26 14:30:00,43.54,43.54,43.54,43.54,884.0,WERN
2023-04-26 14:29:00,43.55,43.55,43.525,43.525,810.0,WERN
2023-04-26 14:28:00,43.57,43.57,43.55,43.55,1585.0,WERN
2023-04-26 14:27:00,43.57,43.587,43.57,43.587,481.0,WERN
2023-04-26 14:26:00,43.565,43.565,43.565,43.565,187.0,WERN
2023-04-26 14:25:00,43.56,43.56,43.56,43.56,495.0,WERN
2023-04-26 14:24:00,43.515,43.55,43.515,43.55,1019.0,WERN
2023-04-26 14:23:00,43.5,43.51,43.5,43.51,1198.0,WERN
2023-04-26 14:22:00,43.48,43.4819,43.46,43.48,990.0,WERN
2023-04-26 14:21:00,43.49,43.49,43.48,43.48,636.0,WERN
2023-04-26 14:20:00,43.535,43.535,43.49,43.49,960.0,WERN
2023-04-26 14:18:00,43.51,43.51,43.505,43.505,745.0,WERN
2023-04-26 14:16:00,43.52,43.52,43.51,43.51,668.0,WERN
2023-04-26 14:15:00,43.515,43.515,43.515,43.515,184.0,WERN
2023-04-26 14:14:00,43.525,43.525,43.51,43.51,1100.0,WERN
2023-04-26 14:13:00,43.525,43.525,43.525,43.525,370.0,WERN
2023-04-26 14:12:00,43.52,43.54,43.52,43.54,990.0,WERN
2023-04-26 14:11:00,43.5,43.5,43.5,43.5,507.0,WERN
2023-04-26 14:09:00,43.5,43.5,43.5,43.5,144.0,WERN
2023-04-26 14:08:00,43.445,43.52,43.445,43.4801,1755.0,WERN
2023-04-26 14:06:00,43.46,43.46,43.45,43.45,934.0,WERN
2023-04-26 14:05:00,43.495,43.495,43.46,43.485,818.0,WERN
2023-04-26 14:04:00,43.491,43.505,43.491,43.505,326.0,WERN
2023-04-26 14:03:00,43.5,43.5,43.485,43.485,853.0,WERN
2023-04-26 14:01:00,43.52,43.52,43.52,43.52,592.0,WERN
2023-04-26 14:00:00,43.51,43.51,43.51,43.51,389.0,WERN
2023-04-26 13:59:00,43.5,43.52,43.5,43.51,1137.0,WERN
2023-04-26 13:58:00,43.48,43.48,43.46,43.46,1040.0,WERN
2023-04-26 13:57:00,43.515,43.515,43.515,43.515,182.0,WERN
2023-04-26 13:53:00,43.485,43.5,43.46,43.5,1837.0,WERN
2023-04-26 13:52:00,43.52,43.52,43.52,43.52,933.0,WERN
2023-04-26 13:51:00,43.565,43.565,43.54,43.54,811.0,WERN
2023-04-26 13:50:00,43.525,43.54,43.51,43.53,1452.0,WERN
2023-04-26 13:49:00,43.505,43.505,43.505,43.505,596.0,WERN
2023-04-26 13:48:00,43.49,43.51,43.49,43.51,920.0,WERN
2023-04-26 13:47:00,43.42,43.455,43.42,43.455,325.0,WERN
2023-04-26 13:46:00,43.41,43.435,43.41,43.435,1627.0,WERN
2023-04-26 13:45:00,43.425,43.425,43.41,43.41,738.0,WERN
2023-04-26 13:44:00,43.425,43.425,43.425,43.425,235.0,WERN
2023-04-26 13:42:00,43.41,43.43,43.41,43.43,1001.0,WERN
2023-04-26 13:41:00,43.43,43.43,43.42,43.42,804.0,WERN
2023-04-26 13:40:00,43.48,43.48,43.46,43.46,1237.0,WERN
2023-04-26 13:39:00,43.521,43.521,43.495,43.495,1155.0,WERN
2023-04-26 13:38:00,43.55,43.555,43.55,43.555,405.0,WERN
2023-04-26 13:37:00,43.665,43.665,43.585,43.585,2431.0,WERN
2023-04-26 13:36:00,43.665,43.665,43.665,43.665,289.0,WERN
2023-04-26 13:35:00,43.67,43.67,43.67,43.67,240.0,WERN
2023-04-26 13:34:00,43.69,43.69,43.69,43.69,242.0,WERN
2023-04-26 13:33:00,43.67,43.71,43.66,43.69,2122.0,WERN
2023-04-26 13:32:00,43.74,43.74,43.71,43.71,386.0,WERN
2023-04-26 13:31:00,43.705,43.705,43.705,43.705,620.0,WERN
2023-04-26 13:30:00,43.7061,43.74,43.7061,43.74,654.0,WERN
2023-04-26 13:29:00,43.74,43.74,43.74,43.74,138.0,WERN
2023-04-26 13:28:00,43.69,43.7,43.69,43.7,1322.0,WERN
2023-04-26 13:27:00,43.68,43.69,43.68,43.68,1432.0,WERN
2023-04-26 13:25:00,43.71,43.71,43.71,43.71,458.0,WERN
2023-04-26 13:24:00,43.725,43.725,43.725,43.725,210.0,WERN
2023-04-26 13:22:00,43.74,43.74,43.74,43.74,359.0,WERN
2023-04-26 13:21:00,43.761,43.78,43.76,43.76,951.0,WERN
2023-04-26 13:19:00,43.79,43.79,43.79,43.79,241.0,WERN
2023-04-26 13:18:00,43.81,43.825,43.8,43.825,697.0,WERN
2023-04-26 13:17:00,43.86,43.86,43.81,43.81,1393.0,WERN
2023-04-26 13:16:00,43.86,43.86,43.86,43.86,165.0,WERN
2023-04-26 13:15:00,43.855,43.855,43.855,43.855,308.0,WERN
2023-04-26 13:14:00,43.85,43.85,43.83,43.83,813.0,WERN
2023-04-26 13:12:00,43.85,43.895,43.85,43.895,295.0,WERN
2023-04-26 13:11:00,43.88,43.88,43.88,43.88,110.0,WERN
2023-04-26 13:10:00,43.83,43.89,43.83,43.89,1369.0,WERN
2023-04-26 13:09:00,43.78,43.78,43.78,43.78,101.0,WERN
2023-04-26 13:08:00,43.78,43.78,43.78,43.78,148.0,WERN
2023-04-26 13:07:00,43.81,43.81,43.81,43.81,335.0,WERN
2023-04-26 13:06:00,43.83,43.83,43.82,43.82,874.0,WERN
2023-04-26 13:05:00,43.85,43.85,43.85,43.85,133.0,WERN
2023-04-26 13:04:00,43.82,43.82,43.817,43.817,541.0,WERN
2023-04-26 13:03:00,43.8,43.8,43.8,43.8,144.0,WERN
2023-04-26 13:00:00,43.82,43.82,43.79,43.79,2189.0,WERN
2023-04-26 12:58:00,43.86,43.86,43.86,43.86,110.0,WERN
2023-04-26 12:57:00,43.77,43.83,43.77,43.83,901.0,WERN
2023-04-26 12:56:00,43.8,43.8,43.8,43.8,203.0,WERN
2023-04-26 12:55:00,43.8,43.8,43.8,43.8,226.0,WERN
2023-04-26 12:54:00,43.815,43.815,43.77,43.77,336.0,WERN
2023-04-26 12:53:00,43.728,43.728,43.728,43.728,292.0,WERN
2023-04-26 12:52:00,43.7,43.74,43.7,43.74,241.0,WERN
2023-04-26 12:51:00,43.7,43.7,43.7,43.7,188.0,WERN
2023-04-26 12:50:00,43.705,43.72,43.705,43.72,614.0,WERN
2023-04-26 12:49:00,43.69,43.69,43.69,43.69,171.0,WERN
2023-04-26 12:48:00,43.71,43.71,43.71,43.71,663.0,WERN
2023-04-26 12:47:00,43.74,43.74,43.73,43.73,768.0,WERN
2023-04-26 12:45:00,43.76,43.76,43.76,43.76,292.0,WERN
2023-04-26 12:44:00,43.76,43.76,43.74,43.74,341.0,WERN
2023-04-26 12:43:00,43.77,43.82,43.74,43.74,1621.0,WERN
2023-04-26 12:42:00,43.77,43.77,43.77,43.77,378.0,WERN
2023-04-26 12:41:00,43.77,43.77,43.77,43.77,145.0,WERN
2023-04-26 12:40:00,43.77,43.77,43.77,43.77,238.0,WERN
2023-04-26 12:38:00,43.77,43.77,43.77,43.77,109.0,WERN
2023-04-26 12:37:00,43.69,43.76,43.69,43.76,1930.0,WERN
2023-04-26 12:36:00,43.663,43.663,43.663,43.663,147.0,WERN
2023-04-26 12:35:00,43.67,43.67,43.66,43.66,1128.0,WERN
2023-04-26 12:34:00,43.67,43.67,43.67,43.67,543.0,WERN
2023-04-26 12:33:00,43.6498,43.67,43.6498,43.67,612.0,WERN
2023-04-26 12:32:00,43.65,43.65,43.65,43.65,176.0,WERN
2023-04-26 12:29:00,43.68,43.68,43.68,43.68,200.0,WERN
2023-04-26 12:26:00,43.67,43.67,43.65,43.65,581.0,WERN
2023-04-26 12:24:00,43.67,43.67,43.66,43.66,781.0,WERN
2023-04-26 12:22:00,43.635,43.635,43.635,43.635,236.0,WERN
2023-04-26 12:20:00,43.64,43.65,43.64,43.65,677.0,WERN
2023-04-26 12:17:00,43.67,43.67,43.67,43.67,288.0,WERN
2023-04-26 12:14:00,43.63,43.66,43.63,43.66,602.0,WERN
2023-04-26 12:13:00,43.605,43.605,43.605,43.605,174.0,WERN
2023-04-26 12:12:00,43.62,43.62,43.62,43.62,510.0,WERN
2023-04-26 12:09:00,43.64,43.65,43.63,43.63,1139.0,WERN
2023-04-26 12:06:00,43.59,43.59,43.59,43.59,581.0,WERN
2023-04-26 12:05:00,43.59,43.59,43.59,43.59,404.0,WERN
2023-04-26 12:03:00,43.5289,43.56,43.5289,43.56,1179.0,WERN
2023-04-26 12:02:00,43.5,43.5,43.5,43.5,474.0,WERN
2023-04-26 12:01:00,43.525,43.535,43.5,43.5,1227.0,WERN
2023-04-26 12:00:00,43.52,43.52,43.5,43.515,2119.0,WERN
2023-04-26 11:59:00,43.45,43.47,43.43,43.47,1494.0,WERN
2023-04-26 11:58:00,43.43,43.45,43.43,43.43,592.0,WERN
2023-04-26 11:57:00,43.445,43.47,43.445,43.445,1543.0,WERN
2023-04-26 11:56:00,43.47,43.47,43.44,43.44,3082.0,WERN
2023-04-26 11:55:00,43.485,43.485,43.47,43.47,1119.0,WERN
2023-04-26 11:54:00,43.455,43.48,43.455,43.465,1606.0,WERN
2023-04-26 11:53:00,43.47,43.47,43.45,43.45,562.0,WERN
2023-04-26 11:52:00,43.47,43.47,43.47,43.47,194.0,WERN
2023-04-26 11:51:00,43.49,43.49,43.49,43.49,649.0,WERN
2023-04-26 11:50:00,43.51,43.51,43.51,43.51,255.0,WERN
2023-04-26 11:49:00,43.51,43.51,43.51,43.51,154.0,WERN
2023-04-26 11:48:00,43.535,43.535,43.5,43.5,1918.0,WERN
2023-04-26 11:47:00,43.52,43.535,43.52,43.535,1071.0,WERN
2023-04-26 11:46:00,43.56,43.56,43.54,43.54,336.0,WERN
2023-04-26 11:45:00,43.56,43.56,43.56,43.56,192.0,WERN
2023-04-26 11:40:00,43.55,43.59,43.55,43.59,1128.0,WERN
2023-04-26 11:39:00,43.61,43.61,43.53,43.54,1230.0,WERN
2023-04-26 11:37:00,43.64,43.64,43.61,43.61,1694.0,WERN
2023-04-26 11:36:00,43.74,43.74,43.68,43.68,732.0,WERN
2023-04-26 11:35:00,43.72,43.77,43.72,43.77,891.0,WERN
2023-04-26 11:34:00,43.69,43.69,43.69,43.69,714.0,WERN
2023-04-26 11:33:00,43.735,43.735,43.71,43.71,1342.0,WERN
2023-04-26 11:32:00,43.76,43.76,43.76,43.76,286.0,WERN
2023-04-26 11:31:00,43.75,43.75,43.735,43.735,449.0,WERN
2023-04-26 11:30:00,43.74,43.74,43.73,43.73,874.0,WERN
2023-04-26 11:29:00,43.7,43.71,43.7,43.71,386.0,WERN
2023-04-26 11:28:00,43.72,43.73,43.7,43.7,1498.0,WERN
2023-04-26 11:27:00,43.67,43.69,43.67,43.69,739.0,WERN
2023-04-26 11:26:00,43.7,43.7,43.65,43.65,3067.0,WERN
2023-04-26 11:25:00,43.735,43.74,43.7,43.7,1214.0,WERN
2023-04-26 11:24:00,43.74,43.74,43.7,43.72,934.0,WERN
2023-04-26 11:23:00,43.73,43.74,43.72,43.72,1377.0,WERN
2023-04-26 11:22:00,43.83,43.83,43.73,43.73,1999.0,WERN
2023-04-26 11:21:00,43.79,43.805,43.79,43.805,307.0,WERN
2023-04-26 11:20:00,43.8,43.8,43.77,43.77,1633.0,WERN
2023-04-26 11:19:00,43.88,43.88,43.8,43.847,1069.0,WERN
2023-04-26 11:18:00,43.9,43.9,43.89,43.89,787.0,WERN
2023-04-26 11:17:00,43.885,43.885,43.885,43.885,204.0,WERN
2023-04-26 11:16:00,43.86,43.87,43.86,43.86,827.0,WERN
2023-04-26 11:15:00,43.86,43.86,43.86,43.86,260.0,WERN
2023-04-26 11:14:00,43.8,43.83,43.8,43.83,1438.0,WERN
2023-04-26 11:13:00,43.795,43.795,43.73,43.73,355.0,WERN
2023-04-26 11:12:00,43.77,43.77,43.7475,43.7475,551.0,WERN
2023-04-26 11:11:00,43.84,43.85,43.73,43.73,2424.0,WERN
2023-04-26 11:10:00,43.88,43.88,43.88,43.88,184.0,WERN
2023-04-26 11:09:00,43.89,43.89,43.87,43.87,793.0,WERN
2023-04-26 11:07:00,43.87,43.87,43.84,43.84,572.0,WERN
2023-04-26 11:06:00,43.845,43.88,43.845,43.88,1267.0,WERN
2023-04-26 11:05:00,43.81,43.84,43.81,43.84,300.0,WERN
2023-04-26 11:04:00,43.855,43.87,43.83,43.83,423.0,WERN
2023-04-26 11:03:00,43.88,43.88,43.87,43.87,940.0,WERN
2023-04-26 11:02:00,43.9,43.9,43.9,43.9,653.0,WERN
2023-04-26 11:00:00,43.95,43.95,43.9167,43.9167,1301.0,WERN
2023-04-26 10:57:00,43.9,43.9,43.9,43.9,214.0,WERN
2023-04-26 10:56:00,43.88,43.91,43.865,43.865,926.0,WERN
2023-04-26 10:55:00,43.84,43.86,43.84,43.855,1230.0,WERN
2023-04-26 10:54:00,43.86,43.88,43.86,43.88,312.0,WERN
2023-04-26 10:53:00,43.91,43.91,43.9,43.9,784.0,WERN
2023-04-26 10:52:00,43.88,43.88,43.88,43.88,219.0,WERN
2023-04-26 10:51:00,43.84,43.86,43.84,43.86,847.0,WERN
2023-04-26 10:50:00,43.83,43.83,43.83,43.83,263.0,WERN
2023-04-26 10:49:00,43.79,43.79,43.79,43.79,448.0,WERN
2023-04-26 10:48:00,43.81,43.81,43.81,43.81,577.0,WERN
2023-04-26 10:47:00,43.83,43.83,43.77,43.77,610.0,WERN
2023-04-26 10:46:00,43.84,43.84,43.84,43.84,104.0,WERN
2023-04-26 10:44:00,43.89,43.89,43.83,43.84,2638.0,WERN
2023-04-26 10:42:00,43.87,43.9,43.87,43.9,513.0,WERN
2023-04-26 10:41:00,43.81,43.82,43.81,43.82,1007.0,WERN
2023-04-26 10:40:00,43.76,43.76,43.755,43.755,381.0,WERN
2023-04-26 10:38:00,43.725,43.725,43.725,43.725,275.0,WERN
2023-04-26 10:37:00,43.69,43.755,43.69,43.725,1094.0,WERN
2023-04-26 10:36:00,43.74,43.74,43.74,43.74,235.0,WERN
2023-04-26 10:35:00,43.69,43.76,43.69,43.76,1392.0,WERN
2023-04-26 10:34:00,43.77,43.77,43.69,43.69,810.0,WERN
2023-04-26 10:33:00,43.81,43.86,43.81,43.86,2381.0,WERN
2023-04-26 10:32:00,43.81,43.81,43.79,43.8,1207.0,WERN
2023-04-26 10:31:00,43.87,43.87,43.81,43.84,2112.0,WERN
2023-04-26 10:30:00,43.9414,43.9414,43.87,43.92,900.0,WERN
2023-04-26 10:29:00,43.905,43.905,43.905,43.905,234.0,WERN
2023-04-26 10:28:00,43.97,43.97,43.925,43.925,2661.0,WERN
2023-04-26 10:27:00,43.955,43.955,43.955,43.955,122.0,WERN
2023-04-26 10:25:00,43.96,43.96,43.96,43.96,249.0,WERN
2023-04-26 10:24:00,43.95,43.955,43.94,43.955,348.0,WERN
2023-04-26 10:23:00,44.01,44.01,44.01,44.01,447.0,WERN
2023-04-26 10:21:00,44.0,44.0,44.0,44.0,626.0,WERN
2023-04-26 10:20:00,44.04,44.05,44.04,44.05,952.0,WERN
2023-04-26 10:19:00,44.01,44.01,43.96,43.96,724.0,WERN
2023-04-26 10:18:00,44.12,44.12,43.99,43.99,2744.0,WERN
2023-04-26 10:15:00,44.325,44.325,44.24,44.24,1719.0,WERN
2023-04-26 10:14:00,44.32,44.35,44.32,44.32,594.0,WERN
2023-04-26 10:13:00,44.38,44.38,44.38,44.38,432.0,WERN
2023-04-26 10:12:00,44.41,44.41,44.37,44.39,499.0,WERN
2023-04-26 10:11:00,44.47,44.47,44.43,44.43,1423.0,WERN
2023-04-26 10:10:00,44.5,44.53,44.48,44.53,1515.0,WERN
2023-04-26 10:09:00,44.46,44.46,44.42,44.42,1004.0,WERN
2023-04-26 10:08:00,44.52,44.54,44.52,44.52,572.0,WERN
2023-04-26 10:07:00,44.56,44.56,44.55,44.55,1379.0,WERN
2023-04-26 10:06:00,44.56,44.58,44.56,44.58,898.0,WERN
2023-04-26 10:05:00,44.47,44.54,44.47,44.54,1127.0,WERN
2023-04-26 10:04:00,44.44,44.51,44.44,44.51,951.0,WERN
2023-04-26 10:02:00,44.42,44.43,44.42,44.43,460.0,WERN
2023-04-26 10:01:00,44.37,44.37,44.37,44.37,422.0,WERN
2023-04-26 10:00:00,44.38,44.4,44.38,44.4,587.0,WERN
2023-04-26 09:59:00,44.36,44.39,44.35,44.39,2079.0,WERN
2023-04-26 09:56:00,44.38,44.38,44.38,44.38,1215.0,WERN
2023-04-26 09:55:00,44.37,44.37,44.37,44.37,379.0,WERN
2023-04-26 09:54:00,44.47,44.47,44.37,44.38,2147.0,WERN
2023-04-26 09:53:00,44.4,44.4,44.4,44.4,238.0,WERN
2023-04-26 09:52:00,44.4,44.4,44.4,44.4,304.0,WERN
2023-04-26 09:51:00,44.345,44.375,44.345,44.375,702.0,WERN
2023-04-26 09:50:00,44.24,44.29,44.23,44.28,3576.0,WERN
2023-04-26 09:49:00,44.23,44.23,44.23,44.23,521.0,WERN
2023-04-26 09:47:00,44.09,44.09,44.05,44.05,876.0,WERN
2023-04-26 09:45:00,44.16,44.16,44.16,44.16,121.0,WERN
2023-04-26 09:43:00,43.99,44.16,43.99,44.16,1076.0,WERN
2023-04-26 09:41:00,43.99,44.025,43.91,43.91,2670.0,WERN
2023-04-26 09:40:00,44.01,44.05,44.01,44.01,981.0,WERN
2023-04-26 09:39:00,43.9,43.9,43.9,43.9,427.0,WERN
2023-04-26 09:38:00,44.09,44.09,44.09,44.09,951.0,WERN
2023-04-26 09:35:00,44.035,44.035,44.035,44.035,153.0,WERN
2023-04-26 09:34:00,44.41,44.52,44.03,44.03,7541.0,WERN
2023-04-26 09:33:00,44.38,44.67,44.37,44.67,1105.0,WERN
2023-04-26 09:31:00,44.52,44.52,44.22,44.22,5717.0,WERN
2023-04-25 16:34:00,45.12,45.12,45.12,45.12,3271.0,WERN
2023-04-25 16:01:00,45.12,45.12,45.12,45.12,3957.0,WERN
2023-04-25 16:00:00,45.115,45.13,45.08,45.11,18265.0,WERN
2023-04-25 15:59:00,45.11,45.115,45.09,45.115,7296.0,WERN
2023-04-25 15:58:00,45.11,45.13,45.11,45.11,5118.0,WERN
2023-04-25 15:57:00,45.11,45.11,45.095,45.11,5808.0,WERN
2023-04-25 15:56:00,45.11,45.12,45.08,45.12,3864.0,WERN
2023-04-25 15:55:00,45.1,45.11,45.09,45.1,3068.0,WERN
2023-04-25 15:54:00,45.08,45.1,45.065,45.099,3826.0,WERN
2023-04-25 15:53:00,45.13,45.14,45.09,45.09,4800.0,WERN
2023-04-25 15:52:00,45.13,45.139,45.12,45.12,1735.0,WERN
2023-04-25 15:51:00,45.08,45.12,45.07,45.12,3920.0,WERN
2023-04-25 15:50:00,45.11,45.11,45.08,45.08,2673.0,WERN
2023-04-25 15:49:00,45.15,45.15,45.12,45.12,1878.0,WERN
2023-04-25 15:48:00,45.11,45.17,45.11,45.165,1806.0,WERN
2023-04-25 15:47:00,45.14,45.14,45.11,45.125,2558.0,WERN
2023-04-25 15:46:00,45.115,45.16,45.115,45.14,2832.0,WERN
2023-04-25 15:45:00,45.12,45.12,45.1,45.115,3378.0,WERN
2023-04-25 15:44:00,45.09,45.11,45.07,45.11,2280.0,WERN
2023-04-25 15:43:00,45.11,45.11,45.11,45.11,315.0,WERN
2023-04-25 15:42:00,45.13,45.13,45.1,45.11,3616.0,WERN
2023-04-25 15:41:00,45.125,45.15,45.125,45.13,1805.0,WERN
2023-04-25 15:40:00,45.08,45.11,45.075,45.11,3222.0,WERN
2023-04-25 15:39:00,45.09,45.09,45.07,45.075,2803.0,WERN
2023-04-25 15:38:00,45.1,45.11,45.08,45.08,1601.0,WERN
2023-04-25 15:37:00,45.135,45.135,45.11,45.12,1159.0,WERN
2023-04-25 15:36:00,45.13,45.14,45.13,45.14,976.0,WERN
2023-04-25 15:35:00,45.1525,45.1525,45.1525,45.1525,133.0,WERN
2023-04-25 15:34:00,45.18,45.18,45.14,45.145,1561.0,WERN
2023-04-25 15:33:00,45.155,45.19,45.14,45.15,2962.0,WERN
2023-04-25 15:32:00,45.1,45.14,45.1,45.14,1123.0,WERN
2023-04-25 15:31:00,45.04,45.1,45.04,45.1,3327.0,WERN
2023-04-25 15:30:00,45.06,45.06,45.04,45.045,1294.0,WERN
2023-04-25 15:29:00,45.06,45.06,45.06,45.06,468.0,WERN
2023-04-25 15:28:00,45.07,45.08,45.05,45.06,2010.0,WERN
2023-04-25 15:27:00,45.085,45.085,45.085,45.085,203.0,WERN
2023-04-25 15:26:00,45.09,45.09,45.074,45.074,1025.0,WERN
2023-04-25 15:25:00,45.09,45.09,45.08,45.08,1294.0,WERN
2023-04-25 15:24:00,45.089,45.099,45.08,45.09,1675.0,WERN
2023-04-25 15:23:00,45.095,45.095,45.085,45.085,533.0,WERN
2023-04-25 15:22:00,45.095,45.095,45.08,45.08,2494.0,WERN
2023-04-25 15:21:00,45.08,45.1,45.08,45.1,2451.0,WERN
2023-04-25 15:20:00,45.09,45.09,45.085,45.085,432.0,WERN
2023-04-25 15:19:00,45.035,45.055,45.021,45.055,1214.0,WERN
2023-04-25 15:18:00,45.035,45.035,45.035,45.035,275.0,WERN
2023-04-25 15:17:00,45.02,45.04,45.02,45.04,2156.0,WERN
2023-04-25 15:16:00,45.01,45.035,45.01,45.035,1992.0,WERN
2023-04-25 15:15:00,44.99,45.01,44.99,44.99,675.0,WERN
2023-04-25 15:14:00,44.99,44.99,44.99,44.99,210.0,WERN
2023-04-25 15:13:00,45.01,45.01,44.99,44.99,1529.0,WERN
2023-04-25 15:12:00,44.99,44.99,44.99,44.99,714.0,WERN
2023-04-25 15:10:00,45.03,45.03,44.99,44.99,1733.0,WERN
2023-04-25 15:09:00,44.97,45.0,44.97,44.99,867.0,WERN
2023-04-25 15:08:00,44.96,44.98,44.955,44.97,827.0,WERN
2023-04-25 15:07:00,44.925,44.9375,44.925,44.93,485.0,WERN
2023-04-25 15:06:00,44.92,44.925,44.92,44.925,450.0,WERN
2023-04-25 15:05:00,44.9,44.9,44.9,44.9,994.0,WERN
2023-04-25 15:04:00,44.925,44.95,44.925,44.925,602.0,WERN
2023-04-25 15:03:00,44.925,44.925,44.91,44.91,724.0,WERN
2023-04-25 15:02:00,44.875,44.91,44.875,44.89,932.0,WERN
2023-04-25 15:01:00,44.825,44.87,44.825,44.87,1540.0,WERN
2023-04-25 15:00:00,44.84,44.84,44.82,44.82,1727.0,WERN
2023-04-25 14:59:00,44.855,44.855,44.83,44.85,2773.0,WERN
2023-04-25 14:58:00,44.86,44.86,44.84,44.84,898.0,WERN
2023-04-25 14:57:00,44.84,44.86,44.83,44.86,1557.0,WERN
2023-04-25 14:56:00,44.81,44.835,44.81,44.835,610.0,WERN
2023-04-25 14:55:00,44.82,44.85,44.81,44.835,1687.0,WERN
2023-04-25 14:54:00,44.79,44.795,44.78,44.795,1407.0,WERN
2023-04-25 14:53:00,44.8,44.815,44.785,44.815,1177.0,WERN
2023-04-25 14:52:00,44.78,44.78,44.78,44.78,1185.0,WERN
2023-04-25 14:51:00,44.81,44.81,44.8,44.8,789.0,WERN
2023-04-25 14:50:00,44.76,44.79,44.76,44.79,2178.0,WERN
2023-04-25 14:49:00,44.76,44.7615,44.75,44.76,1640.0,WERN
2023-04-25 14:48:00,44.74,44.78,44.74,44.77,2954.0,WERN
2023-04-25 14:47:00,44.76,44.76,44.74,44.76,613.0,WERN
2023-04-25 14:46:00,44.78,44.78,44.775,44.775,737.0,WERN
2023-04-25 14:45:00,44.82,44.82,44.77,44.785,1627.0,WERN
2023-04-25 14:44:00,44.795,44.82,44.795,44.82,1895.0,WERN
2023-04-25 14:43:00,44.8,44.8,44.795,44.795,879.0,WERN
2023-04-25 14:41:00,44.855,44.855,44.81,44.825,2360.0,WERN
2023-04-25 14:40:00,44.86,44.87,44.86,44.86,726.0,WERN
2023-04-25 14:39:00,44.885,44.885,44.885,44.885,202.0,WERN
2023-04-25 14:38:00,44.87,44.89,44.87,44.89,1880.0,WERN
2023-04-25 14:37:00,44.86,44.865,44.86,44.865,578.0,WERN
2023-04-25 14:36:00,44.91,44.91,44.88,44.89,1180.0,WERN
2023-04-25 14:35:00,44.91,44.91,44.91,44.91,222.0,WERN
2023-04-25 14:34:00,44.895,44.92,44.89,44.9,1627.0,WERN
2023-04-25 14:33:00,44.905,44.905,44.88,44.895,1498.0,WERN
2023-04-25 14:32:00,44.9,44.91,44.88,44.905,1247.0,WERN
2023-04-25 14:31:00,44.875,44.875,44.875,44.875,810.0,WERN
2023-04-25 14:30:00,44.87,44.875,44.87,44.875,352.0,WERN
2023-04-25 14:29:00,44.84,44.87,44.815,44.87,1140.0,WERN
2023-04-25 14:28:00,44.795,44.82,44.795,44.815,3561.0,WERN
2023-04-25 14:26:00,44.8,44.8,44.79,44.795,1354.0,WERN
2023-04-25 14:25:00,44.83,44.85,44.8,44.825,2508.0,WERN
2023-04-25 14:24:00,44.73,44.83,44.73,44.8,2651.0,WERN
2023-04-25 14:23:00,44.745,44.745,44.745,44.745,124.0,WERN
2023-04-25 14:22:00,44.785,44.785,44.74,44.745,1748.0,WERN
2023-04-25 14:21:00,44.8,44.8,44.765,44.77,1700.0,WERN
2023-04-25 14:20:00,44.765,44.78,44.765,44.78,534.0,WERN
2023-04-25 14:19:00,44.79,44.8,44.75,44.77,1773.0,WERN
2023-04-25 14:18:00,44.815,44.815,44.815,44.815,308.0,WERN
2023-04-25 14:17:00,44.81,44.81,44.81,44.81,402.0,WERN
2023-04-25 14:16:00,44.82,44.82,44.82,44.82,464.0,WERN
2023-04-25 14:15:00,44.8004,44.84,44.8,44.835,2156.0,WERN
2023-04-25 14:13:00,44.82,44.82,44.82,44.82,322.0,WERN
2023-04-25 14:12:00,44.83,44.83,44.8,44.825,2282.0,WERN
2023-04-25 14:11:00,44.84,44.86,44.84,44.86,386.0,WERN
2023-04-25 14:10:00,44.83,44.84,44.815,44.84,1203.0,WERN
2023-04-25 14:09:00,44.84,44.84,44.815,44.815,1011.0,WERN
2023-04-25 14:08:00,44.865,44.87,44.85,44.85,1614.0,WERN
2023-04-25 14:07:00,44.86,44.86,44.85,44.85,1913.0,WERN
2023-04-25 14:06:00,44.875,44.9,44.87,44.87,2018.0,WERN
2023-04-25 14:05:00,44.875,44.875,44.875,44.875,220.0,WERN
2023-04-25 14:03:00,44.91,44.91,44.88,44.89,1281.0,WERN
2023-04-25 14:02:00,44.925,44.925,44.9,44.91,761.0,WERN
2023-04-25 14:01:00,44.925,44.925,44.925,44.925,113.0,WERN
2023-04-25 14:00:00,44.94,44.95,44.92,44.92,1160.0,WERN
2023-04-25 13:59:00,44.96,44.97,44.96,44.97,408.0,WERN
2023-04-25 13:58:00,44.96,44.96,44.96,44.96,521.0,WERN
2023-04-25 13:57:00,44.95,44.95,44.95,44.95,397.0,WERN
2023-04-25 13:56:00,44.96,44.9725,44.96,44.965,314.0,WERN
2023-04-25 13:54:00,44.95,44.97,44.94,44.96,945.0,WERN
2023-04-25 13:53:00,44.92,44.96,44.92,44.94,1382.0,WERN
2023-04-25 13:51:00,44.94,44.94,44.94,44.94,116.0,WERN
2023-04-25 13:50:00,44.92,44.95,44.92,44.95,1477.0,WERN
2023-04-25 13:49:00,44.925,44.925,44.91,44.91,203.0,WERN
2023-04-25 13:48:00,44.92,44.925,44.92,44.925,450.0,WERN
2023-04-25 13:47:00,44.955,44.955,44.92,44.92,1069.0,WERN
2023-04-25 13:46:00,44.945,44.98,44.945,44.98,859.0,WERN
2023-04-25 13:45:00,44.95,44.95,44.94,44.945,805.0,WERN
2023-04-25 13:44:00,44.96,44.97,44.95,44.97,1606.0,WERN
2023-04-25 13:43:00,44.99,44.99,44.98,44.98,1561.0,WERN
2023-04-25 13:42:00,44.97,44.97,44.965,44.965,247.0,WERN
2023-04-25 13:41:00,44.99,44.99,44.96,44.97,1004.0,WERN
2023-04-25 13:40:00,45.0,45.0,44.99,44.99,307.0,WERN
2023-04-25 13:39:00,44.995,44.995,44.995,44.995,225.0,WERN
2023-04-25 13:38:00,44.965,45.0,44.96,45.0,1687.0,WERN
2023-04-25 13:37:00,44.96,44.96,44.96,44.96,905.0,WERN
2023-04-25 13:36:00,44.975,44.98,44.975,44.98,354.0,WERN
2023-04-25 13:35:00,44.98,44.98,44.96,44.96,349.0,WERN
2023-04-25 13:34:00,44.96,45.0,44.96,44.97,2612.0,WERN
2023-04-25 13:33:00,44.96,44.96,44.96,44.96,225.0,WERN
2023-04-25 13:32:00,44.965,44.99,44.965,44.99,442.0,WERN
2023-04-25 13:31:00,44.915,44.97,44.915,44.955,7649.0,WERN
2023-04-25 13:30:00,44.89,44.92,44.885,44.92,755.0,WERN
2023-04-25 13:29:00,44.86,44.89,44.855,44.89,1774.0,WERN
2023-04-25 13:27:00,44.855,44.855,44.855,44.855,315.0,WERN
2023-04-25 13:26:00,44.85,44.86,44.84,44.86,785.0,WERN
2023-04-25 13:25:00,44.83,44.86,44.83,44.86,1273.0,WERN
2023-04-25 13:24:00,44.83,44.83,44.825,44.83,473.0,WERN
2023-04-25 13:23:00,44.87,44.87,44.815,44.83,2231.0,WERN
2023-04-25 13:22:00,44.87,44.87,44.87,44.87,605.0,WERN
2023-04-25 13:21:00,44.87,44.87,44.85,44.85,200.0,WERN
2023-04-25 13:20:00,44.87,44.87,44.87,44.87,251.0,WERN
2023-04-25 13:19:00,44.83,44.86,44.825,44.86,776.0,WERN
2023-04-25 13:18:00,44.85,44.86,44.85,44.86,1211.0,WERN
2023-04-25 13:17:00,44.86,44.86,44.824,44.84,1816.0,WERN
2023-04-25 13:16:00,44.9,44.92,44.89,44.89,2452.0,WERN
2023-04-25 13:15:00,44.95,44.95,44.91,44.91,1553.0,WERN
2023-04-25 13:13:00,44.97,44.98,44.96,44.98,1482.0,WERN
2023-04-25 13:11:00,45.0,45.0,45.0,45.0,137.0,WERN
2023-04-25 13:10:00,45.035,45.035,44.99,45.0,1212.0,WERN
2023-04-25 13:09:00,45.035,45.035,45.035,45.035,101.0,WERN
2023-04-25 13:07:00,45.045,45.045,45.045,45.045,248.0,WERN
2023-04-25 13:06:00,45.04,45.045,45.04,45.045,643.0,WERN
2023-04-25 13:04:00,45.055,45.055,45.055,45.055,514.0,WERN
2023-04-25 13:03:00,45.04,45.04,45.04,45.04,586.0,WERN
2023-04-25 13:02:00,45.015,45.04,45.015,45.015,610.0,WERN
2023-04-25 13:01:00,44.965,45.01,44.965,45.01,1651.0,WERN
2023-04-25 13:00:00,44.97,44.97,44.95,44.95,851.0,WERN
2023-04-25 12:59:00,44.97,44.97,44.97,44.97,486.0,WERN
2023-04-25 12:57:00,44.94,44.99,44.94,44.96,2731.0,WERN
2023-04-25 12:56:00,44.94,44.94,44.94,44.94,115.0,WERN
2023-04-25 12:55:00,44.92,44.935,44.92,44.935,772.0,WERN
2023-04-25 12:53:00,44.945,44.945,44.945,44.945,201.0,WERN
2023-04-25 12:51:00,44.93,44.93,44.93,44.93,325.0,WERN
2023-04-25 12:50:00,44.955,44.955,44.93,44.95,715.0,WERN
2023-04-25 12:49:00,45.0,45.0,45.0,45.0,458.0,WERN
2023-04-25 12:48:00,45.05,45.05,45.02,45.02,2349.0,WERN
2023-04-25 12:47:00,45.07,45.07,45.07,45.07,410.0,WERN
2023-04-25 12:45:00,45.055,45.06,45.055,45.06,372.0,WERN
2023-04-25 12:44:00,45.065,45.09,45.06,45.06,1418.0,WERN
2023-04-25 12:43:00,45.105,45.105,45.065,45.065,1891.0,WERN
2023-04-25 12:42:00,45.12,45.12,45.105,45.105,913.0,WERN
2023-04-25 12:41:00,45.11,45.15,45.11,45.15,2482.0,WERN
2023-04-25 12:40:00,45.11,45.11,45.11,45.11,104.0,WERN
2023-04-25 12:39:00,45.11,45.11,45.11,45.11,109.0,WERN
2023-04-25 12:35:00,45.115,45.115,45.09,45.09,734.0,WERN
2023-04-25 12:34:00,45.1,45.1,45.1,45.1,498.0,WERN
2023-04-25 12:33:00,45.12,45.12,45.12,45.12,294.0,WERN
2023-04-25 12:32:00,45.14,45.14,45.105,45.11,2615.0,WERN
2023-04-25 12:31:00,45.105,45.105,45.105,45.105,102.0,WERN
2023-04-25 12:30:00,45.1,45.11,45.08,45.105,1665.0,WERN
2023-04-25 12:29:00,45.15,45.15,45.15,45.15,113.0,WERN
2023-04-25 12:28:00,45.14,45.15,45.14,45.15,299.0,WERN
2023-04-25 12:27:00,45.14,45.165,45.14,45.165,1475.0,WERN
2023-04-25 12:25:00,45.22,45.22,45.18,45.19,2159.0,WERN
2023-04-25 12:24:00,45.25,45.25,45.25,45.25,410.0,WERN
2023-04-25 12:23:00,45.25,45.25,45.25,45.25,113.0,WERN
2023-04-25 12:22:00,45.2,45.26,45.2,45.25,2077.0,WERN
2023-04-25 12:19:00,45.195,45.195,45.195,45.195,366.0,WERN
2023-04-25 12:18:00,45.255,45.255,45.19,45.19,1366.0,WERN
2023-04-25 12:17:00,45.215,45.28,45.19,45.255,3389.0,WERN
2023-04-25 12:16:00,45.215,45.215,45.215,45.215,202.0,WERN
2023-04-25 12:15:00,45.22,45.235,45.22,45.22,515.0,WERN
2023-04-25 12:13:00,45.225,45.24,45.225,45.225,649.0,WERN
2023-04-25 12:11:00,45.2,45.2,45.2,45.2,211.0,WERN
2023-04-25 12:10:00,45.23,45.23,45.22,45.22,1428.0,WERN
2023-04-25 12:08:00,45.26,45.26,45.26,45.26,104.0,WERN
2023-04-25 12:07:00,45.26,45.26,45.25,45.25,317.0,WERN
2023-04-25 12:06:00,45.29,45.29,45.26,45.26,1659.0,WERN
2023-04-25 12:05:00,45.32,45.32,45.305,45.315,518.0,WERN
2023-04-25 12:04:00,45.33,45.34,45.32,45.34,399.0,WERN
2023-04-25 12:03:00,45.295,45.345,45.295,45.345,1939.0,WERN
2023-04-25 12:02:00,45.3,45.32,45.295,45.295,2051.0,WERN
2023-04-25 12:01:00,45.345,45.345,45.3,45.31,2242.0,WERN
2023-04-25 11:59:00,45.345,45.345,45.32,45.32,212.0,WERN
2023-04-25 11:58:00,45.36,45.36,45.34,45.34,1197.0,WERN
2023-04-25 11:57:00,45.39,45.39,45.34,45.34,1522.0,WERN
2023-04-25 11:56:00,45.42,45.42,45.405,45.42,1032.0,WERN
2023-04-25 11:55:00,45.42,45.42,45.4,45.4,660.0,WERN
2023-04-25 11:54:00,45.42,45.42,45.38,45.41,2725.0,WERN
2023-04-25 11:53:00,45.445,45.445,45.445,45.445,440.0,WERN
2023-04-25 11:52:00,45.43,45.44,45.42,45.44,723.0,WERN
2023-04-25 11:51:00,45.45,45.45,45.45,45.45,115.0,WERN
2023-04-25 11:50:00,45.45,45.45,45.45,45.45,101.0,WERN
2023-04-25 11:49:00,45.45,45.45,45.45,45.45,103.0,WERN
2023-04-25 11:47:00,45.48,45.48,45.43,45.45,1874.0,WERN
2023-04-25 11:46:00,45.51,45.51,45.51,45.51,101.0,WERN
2023-04-25 11:44:00,45.48,45.52,45.48,45.51,2670.0,WERN
2023-04-25 11:42:00,45.48,45.48,45.48,45.48,400.0,WERN
2023-04-25 11:41:00,45.48,45.48,45.48,45.48,200.0,WERN
2023-04-25 11:40:00,45.475,45.48,45.475,45.48,236.0,WERN
2023-04-25 11:39:00,45.48,45.48,45.475,45.475,306.0,WERN
2023-04-25 11:38:00,45.51,45.51,45.47,45.49,1437.0,WERN
2023-04-25 11:37:00,45.54,45.54,45.54,45.54,206.0,WERN
2023-04-25 11:35:00,45.54,45.54,45.54,45.54,422.0,WERN
2023-04-25 11:33:00,45.59,45.59,45.51,45.545,3009.0,WERN
2023-04-25 11:32:00,45.59,45.61,45.58,45.58,1273.0,WERN
2023-04-25 11:31:00,45.59,45.59,45.59,45.59,194.0,WERN
2023-04-25 11:30:00,45.565,45.6,45.565,45.59,1096.0,WERN
2023-04-25 11:29:00,45.565,45.565,45.55,45.55,351.0,WERN
2023-04-25 11:27:00,45.565,45.565,45.565,45.565,108.0,WERN
2023-04-25 11:26:00,45.595,45.595,45.55,45.57,897.0,WERN
2023-04-25 11:25:00,45.595,45.595,45.595,45.595,201.0,WERN
2023-04-25 11:24:00,45.595,45.595,45.595,45.595,113.0,WERN
2023-04-25 11:22:00,45.665,45.665,45.585,45.585,2159.0,WERN
2023-04-25 11:21:00,45.65,45.66,45.64,45.66,1946.0,WERN
2023-04-25 11:20:00,45.63,45.63,45.63,45.63,815.0,WERN
2023-04-25 11:19:00,45.65,45.65,45.65,45.65,336.0,WERN
2023-04-25 11:18:00,45.62,45.64,45.61,45.6325,1454.0,WERN
2023-04-25 11:16:00,45.68,45.68,45.62,45.62,3708.0,WERN
2023-04-25 11:15:00,45.655,45.655,45.655,45.655,203.0,WERN
2023-04-25 11:14:00,45.655,45.655,45.655,45.655,117.0,WERN
2023-04-25 11:13:00,45.6675,45.6675,45.655,45.655,206.0,WERN
2023-04-25 11:12:00,45.655,45.655,45.655,45.655,234.0,WERN
2023-04-25 11:10:00,45.6525,45.6525,45.6525,45.6525,126.0,WERN
2023-04-25 11:09:00,45.6675,45.6675,45.655,45.655,762.0,WERN
2023-04-25 11:07:00,45.65,45.665,45.635,45.64,1610.0,WERN
2023-04-25 11:06:00,45.63,45.63,45.625,45.625,806.0,WERN
2023-04-25 11:05:00,45.64,45.64,45.63,45.63,305.0,WERN
2023-04-25 11:04:00,45.64,45.64,45.59,45.63,1527.0,WERN
2023-04-25 11:03:00,45.6,45.6,45.6,45.6,230.0,WERN
2023-04-25 11:02:00,45.64,45.675,45.585,45.6,4162.0,WERN
2023-04-25 11:01:00,45.61,45.63,45.6,45.6,619.0,WERN
2023-04-25 11:00:00,45.64,45.64,45.59,45.59,838.0,WERN
2023-04-25 10:58:00,45.6,45.6,45.6,45.6,115.0,WERN
2023-04-25 10:57:00,45.59,45.66,45.585,45.66,6223.0,WERN
2023-04-25 10:56:00,45.57,45.58,45.54,45.58,539.0,WERN
2023-04-25 10:55:00,45.53,45.53,45.53,45.53,326.0,WERN
2023-04-25 10:54:00,45.54,45.54,45.54,45.54,940.0,WERN
2023-04-25 10:52:00,45.6,45.6,45.57,45.57,1965.0,WERN
2023-04-25 10:51:00,45.59,45.62,45.58,45.58,1159.0,WERN
2023-04-25 10:50:00,45.575,45.575,45.575,45.575,152.0,WERN
2023-04-25 10:49:00,45.55,45.58,45.54,45.58,760.0,WERN
2023-04-25 10:48:00,45.515,45.515,45.515,45.515,105.0,WERN
2023-04-25 10:47:00,45.46,45.51,45.44,45.51,2251.0,WERN
2023-04-25 10:46:00,45.535,45.535,45.38,45.39,3691.0,WERN
2023-04-25 10:45:00,45.5,45.535,45.5,45.535,235.0,WERN
2023-04-25 10:43:00,45.57,45.57,45.51,45.545,2277.0,WERN
2023-04-25 10:42:00,45.6,45.6,45.6,45.6,407.0,WERN
2023-04-25 10:40:00,45.605,45.605,45.605,45.605,100.0,WERN
2023-04-25 10:39:00,45.56,45.59,45.54,45.57,1801.0,WERN
2023-04-25 10:38:00,45.54,45.54,45.54,45.54,313.0,WERN
2023-04-25 10:37:00,45.54,45.54,45.54,45.54,109.0,WERN
2023-04-25 10:36:00,45.49,45.55,45.49,45.545,2390.0,WERN
2023-04-25 10:35:00,45.45,45.46,45.45,45.46,216.0,WERN
2023-04-25 10:34:00,45.49,45.49,45.49,45.49,406.0,WERN
2023-04-25 10:33:00,45.48,45.515,45.48,45.515,705.0,WERN
2023-04-25 10:32:00,45.48,45.5,45.48,45.5,606.0,WERN
2023-04-25 10:31:00,45.51,45.51,45.51,45.51,286.0,WERN
2023-04-25 10:30:00,45.555,45.555,45.555,45.555,951.0,WERN
2023-04-25 10:29:00,45.56,45.565,45.5,45.5,1005.0,WERN
2023-04-25 10:28:00,45.61,45.615,45.57,45.57,745.0,WERN
2023-04-25 10:27:00,45.585,45.6,45.58,45.6,464.0,WERN
2023-04-25 10:26:00,45.6342,45.6342,45.6342,45.6342,177.0,WERN
2023-04-25 10:25:00,45.73,45.73,45.69,45.69,1577.0,WERN
2023-04-25 10:24:00,45.765,45.765,45.72,45.72,648.0,WERN
2023-04-25 10:23:00,45.75,45.77,45.73,45.73,1410.0,WERN
2023-04-25 10:22:00,45.81,45.81,45.75,45.785,665.0,WERN
2023-04-25 10:21:00,45.75,45.845,45.75,45.845,1211.0,WERN
2023-04-25 10:20:00,45.79,45.79,45.76,45.76,531.0,WERN
2023-04-25 10:18:00,45.86,45.875,45.82,45.825,4863.0,WERN
2023-04-25 10:16:00,45.81,45.85,45.81,45.85,462.0,WERN
2023-04-25 10:15:00,45.7675,45.7675,45.7675,45.7675,124.0,WERN
2023-04-25 10:14:00,45.765,45.765,45.765,45.765,102.0,WERN
2023-04-25 10:13:00,45.77,45.79,45.76,45.765,2300.0,WERN
2023-04-25 10:12:00,45.81,45.81,45.81,45.81,410.0,WERN
2023-04-25 10:10:00,45.785,45.785,45.785,45.785,218.0,WERN
2023-04-25 10:09:00,45.74,45.815,45.74,45.815,1066.0,WERN
2023-04-25 10:08:00,45.875,45.875,45.815,45.815,304.0,WERN
2023-04-25 10:07:00,45.82,45.82,45.82,45.82,189.0,WERN
2023-04-25 10:06:00,45.77,45.82,45.77,45.82,221.0,WERN
2023-04-25 10:05:00,45.66,45.72,45.62,45.72,3496.0,WERN
2023-04-25 10:01:00,45.435,45.595,45.435,45.595,3744.0,WERN
2023-04-25 09:54:00,45.2,45.2,45.195,45.195,568.0,WERN
2023-04-25 09:53:00,45.19,45.2,45.19,45.2,519.0,WERN
2023-04-25 09:52:00,45.04,45.14,45.04,45.14,2333.0,WERN
2023-04-25 09:51:00,45.13,45.13,45.075,45.075,866.0,WERN
2023-04-25 09:50:00,45.155,45.155,45.155,45.155,255.0,WERN
2023-04-25 09:49:00,45.015,45.155,45.01,45.155,1633.0,WERN
2023-04-25 09:48:00,45.27,45.28,45.195,45.2,3183.0,WERN
2023-04-25 09:47:00,45.315,45.33,45.25,45.27,1811.0,WERN
2023-04-25 09:46:00,45.37,45.37,45.32,45.32,919.0,WERN
2023-04-25 09:45:00,45.33,45.37,45.26,45.36,2598.0,WERN
2023-04-25 09:44:00,45.45,45.55,45.45,45.55,471.0,WERN
2023-04-25 09:43:00,45.4,45.41,45.27,45.39,3049.0,WERN
2023-04-25 09:42:00,45.43,45.54,45.43,45.43,4087.0,WERN
2023-04-25 09:41:00,45.59,45.63,45.495,45.495,1368.0,WERN
2023-04-25 09:40:00,45.605,45.605,45.48,45.48,601.0,WERN
2023-04-25 09:38:00,45.815,45.815,45.77,45.77,685.0,WERN
2023-04-25 09:37:00,45.725,45.93,45.725,45.805,1160.0,WERN
2023-04-25 09:36:00,45.8,45.8,45.8,45.8,608.0,WERN
2023-04-25 09:35:00,45.925,45.93,45.77,45.77,1114.0,WERN
2023-04-25 09:32:00,45.93,45.93,45.93,45.93,301.0,WERN
2023-04-25 09:31:00,46.02,46.02,45.035,45.75,4267.0,WERN
2023-04-24 16:01:00,46.55,46.55,46.55,46.55,5138.0,WERN
2023-04-24 16:00:00,46.53,46.57,46.53,46.55,13876.0,WERN
2023-04-24 15:59:00,46.54,46.555,46.53,46.53,9539.0,WERN
2023-04-24 15:58:00,46.53,46.559,46.53,46.54,8362.0,WERN
2023-04-24 15:57:00,46.52,46.55,46.52,46.54,6686.0,WERN
2023-04-24 15:56:00,46.5,46.52,46.5,46.515,5448.0,WERN
2023-04-24 15:55:00,46.5,46.52,46.5,46.5,3413.0,WERN
2023-04-24 15:54:00,46.55,46.55,46.5,46.5,3760.0,WERN
2023-04-24 15:53:00,46.53,46.56,46.53,46.53,2536.0,WERN
2023-04-24 15:52:00,46.49,46.52,46.49,46.52,3370.0,WERN
2023-04-24 15:51:00,46.53,46.53,46.465,46.489,5086.0,WERN
2023-04-24 15:50:00,46.53,46.54,46.52,46.535,2170.0,WERN
2023-04-24 15:49:00,46.5,46.52,46.5,46.52,2671.0,WERN
2023-04-24 15:48:00,46.5,46.51,46.5,46.51,530.0,WERN
2023-04-24 15:47:00,46.54,46.55,46.515,46.515,2637.0,WERN
2023-04-24 15:46:00,46.495,46.54,46.495,46.54,2669.0,WERN
2023-04-24 15:45:00,46.51,46.51,46.51,46.51,753.0,WERN
2023-04-24 15:44:00,46.51,46.51,46.51,46.51,357.0,WERN
2023-04-24 15:43:00,46.51,46.51,46.51,46.51,690.0,WERN
2023-04-24 15:42:00,46.587,46.587,46.51,46.53,4750.0,WERN
2023-04-24 15:41:00,46.575,46.58,46.55,46.57,2292.0,WERN
2023-04-24 15:40:00,46.599,46.599,46.599,46.599,417.0,WERN
2023-04-24 15:39:00,46.6,46.6,46.575,46.575,308.0,WERN
2023-04-24 15:38:00,46.59,46.59,46.5785,46.5785,916.0,WERN
2023-04-24 15:37:00,46.57,46.57,46.57,46.57,347.0,WERN
2023-04-24 15:36:00,46.545,46.6,46.545,46.6,1228.0,WERN
2023-04-24 15:35:00,46.575,46.6,46.575,46.59,658.0,WERN
2023-04-24 15:34:00,46.575,46.575,46.57,46.57,522.0,WERN
2023-04-24 15:33:00,46.55,46.57,46.55,46.57,1031.0,WERN
2023-04-24 15:32:00,46.54,46.54,46.54,46.54,310.0,WERN
2023-04-24 15:31:00,46.55,46.55,46.529,46.53,1378.0,WERN
2023-04-24 15:30:00,46.56,46.56,46.56,46.56,1721.0,WERN
2023-04-24 15:29:00,46.59,46.59,46.57,46.57,2698.0,WERN
2023-04-24 15:27:00,46.5689,46.59,46.545,46.545,646.0,WERN
2023-04-24 15:26:00,46.56,46.59,46.56,46.59,943.0,WERN
2023-04-24 15:25:00,46.58,46.58,46.58,46.58,665.0,WERN
2023-04-24 15:23:00,46.54,46.54,46.54,46.54,197.0,WERN
2023-04-24 15:21:00,46.53,46.55,46.53,46.55,761.0,WERN
2023-04-24 15:19:00,46.49,46.51,46.48,46.51,3199.0,WERN
2023-04-24 15:17:00,46.49,46.505,46.49,46.505,246.0,WERN
2023-04-24 15:16:00,46.52,46.52,46.52,46.52,157.0,WERN
2023-04-24 15:14:00,46.51,46.51,46.51,46.51,193.0,WERN
2023-04-24 15:13:00,46.49,46.49,46.48,46.48,1363.0,WERN
2023-04-24 15:12:00,46.46,46.49,46.46,46.49,2090.0,WERN
2023-04-24 15:11:00,46.469,46.47,46.467,46.467,777.0,WERN
2023-04-24 15:09:00,46.43,46.46,46.43,46.44,2461.0,WERN
2023-04-24 15:06:00,46.45,46.45,46.44,46.44,1921.0,WERN
2023-04-24 15:05:00,46.48,46.48,46.4753,46.4753,357.0,WERN
2023-04-24 15:04:00,46.46,46.46,46.46,46.46,282.0,WERN
2023-04-24 15:01:00,46.44,46.44,46.425,46.439,1099.0,WERN
2023-04-24 15:00:00,46.425,46.425,46.425,46.425,683.0,WERN
2023-04-24 14:59:00,46.42,46.42,46.42,46.42,410.0,WERN
2023-04-24 14:58:00,46.42,46.42,46.42,46.42,487.0,WERN
2023-04-24 14:57:00,46.41,46.425,46.41,46.415,3623.0,WERN
2023-04-24 14:56:00,46.395,46.395,46.395,46.395,234.0,WERN
2023-04-24 14:54:00,46.41,46.41,46.41,46.41,245.0,WERN
2023-04-24 14:52:00,46.38,46.3909,46.38,46.3909,263.0,WERN
2023-04-24 14:50:00,46.4,46.41,46.38,46.38,331.0,WERN
2023-04-24 14:49:00,46.4,46.4,46.38,46.38,337.0,WERN
2023-04-24 14:48:00,46.4,46.4,46.4,46.4,119.0,WERN
2023-04-24 14:47:00,46.405,46.405,46.405,46.405,163.0,WERN
2023-04-24 14:46:00,46.41,46.42,46.4,46.405,3147.0,WERN
2023-04-24 14:43:00,46.37,46.4,46.345,46.4,3336.0,WERN
2023-04-24 14:42:00,46.355,46.37,46.35,46.37,726.0,WERN
2023-04-24 14:40:00,46.355,46.355,46.355,46.355,179.0,WERN
2023-04-24 14:39:00,46.37,46.37,46.37,46.37,710.0,WERN
2023-04-24 14:37:00,46.43,46.43,46.38,46.38,1970.0,WERN
2023-04-24 14:36:00,46.435,46.435,46.435,46.435,152.0,WERN
2023-04-24 14:35:00,46.46,46.46,46.46,46.46,330.0,WERN
2023-04-24 14:34:00,46.4392,46.4392,46.4392,46.4392,741.0,WERN
2023-04-24 14:32:00,46.44,46.44,46.44,46.44,498.0,WERN
2023-04-24 14:31:00,46.43,46.43,46.43,46.43,1071.0,WERN
2023-04-24 14:30:00,46.46,46.46,46.44,46.44,575.0,WERN
2023-04-24 14:29:00,46.45,46.45,46.45,46.45,240.0,WERN
2023-04-24 14:28:00,46.41,46.42,46.41,46.42,3029.0,WERN
2023-04-24 14:27:00,46.39,46.4,46.39,46.4,672.0,WERN
2023-04-24 14:26:00,46.35,46.39,46.35,46.38,5145.0,WERN
2023-04-24 14:25:00,46.365,46.365,46.35,46.365,633.0,WERN
2023-04-24 14:24:00,46.38,46.38,46.34,46.36,661.0,WERN
2023-04-24 14:23:00,46.345,46.345,46.34,46.34,207.0,WERN
2023-04-24 14:20:00,46.34,46.38,46.34,46.38,263.0,WERN
2023-04-24 14:19:00,46.36,46.36,46.36,46.36,695.0,WERN
2023-04-24 14:18:00,46.3799,46.3799,46.355,46.355,509.0,WERN
2023-04-24 14:17:00,46.33,46.33,46.33,46.33,123.0,WERN
2023-04-24 14:16:00,46.32,46.355,46.32,46.32,996.0,WERN
2023-04-24 14:14:00,46.38,46.38,46.33,46.33,271.0,WERN
2023-04-24 14:13:00,46.38,46.38,46.33,46.33,491.0,WERN
2023-04-24 14:11:00,46.33,46.33,46.33,46.33,311.0,WERN
2023-04-24 14:08:00,46.345,46.345,46.345,46.345,121.0,WERN
2023-04-24 14:07:00,46.33,46.35,46.32,46.33,1326.0,WERN
2023-04-24 14:06:00,46.37,46.38,46.37,46.38,354.0,WERN
2023-04-24 14:04:00,46.365,46.365,46.365,46.365,135.0,WERN
2023-04-24 14:02:00,46.365,46.365,46.365,46.365,317.0,WERN
2023-04-24 14:01:00,46.365,46.365,46.365,46.365,178.0,WERN
2023-04-24 14:00:00,46.355,46.37,46.355,46.36,744.0,WERN
2023-04-24 13:59:00,46.375,46.375,46.36,46.36,800.0,WERN
2023-04-24 13:58:00,46.385,46.385,46.385,46.385,201.0,WERN
2023-04-24 13:56:00,46.36,46.39,46.36,46.37,2737.0,WERN
2023-04-24 13:55:00,46.34,46.34,46.33,46.33,821.0,WERN
2023-04-24 13:54:00,46.34,46.34,46.34,46.34,818.0,WERN
2023-04-24 13:53:00,46.34,46.34,46.34,46.34,211.0,WERN
2023-04-24 13:52:00,46.32,46.32,46.32,46.32,140.0,WERN
2023-04-24 13:50:00,46.32,46.34,46.32,46.34,219.0,WERN
2023-04-24 13:49:00,46.35,46.35,46.34,46.34,818.0,WERN
2023-04-24 13:47:00,46.3937,46.3937,46.375,46.375,497.0,WERN
2023-04-24 13:46:00,46.38,46.38,46.375,46.375,1346.0,WERN
2023-04-24 13:44:00,46.365,46.365,46.35,46.35,511.0,WERN
2023-04-24 13:43:00,46.33,46.33,46.33,46.33,330.0,WERN
2023-04-24 13:41:00,46.35,46.35,46.32,46.32,591.0,WERN
2023-04-24 13:40:00,46.35,46.35,46.35,46.35,663.0,WERN
2023-04-24 13:39:00,46.345,46.345,46.345,46.345,532.0,WERN
2023-04-24 13:38:00,46.355,46.355,46.31,46.31,1392.0,WERN
2023-04-24 13:37:00,46.36,46.36,46.35,46.35,757.0,WERN
2023-04-24 13:36:00,46.39,46.39,46.37,46.37,509.0,WERN
2023-04-24 13:35:00,46.39,46.39,46.36,46.36,309.0,WERN
2023-04-24 13:34:00,46.39,46.39,46.39,46.39,579.0,WERN
2023-04-24 13:33:00,46.37,46.41,46.37,46.39,1548.0,WERN
2023-04-24 13:32:00,46.44,46.445,46.36,46.375,15094.0,WERN
2023-04-24 13:31:00,46.445,46.445,46.445,46.445,305.0,WERN
2023-04-24 13:30:00,46.45,46.45,46.45,46.45,105.0,WERN
2023-04-24 13:27:00,46.425,46.45,46.425,46.45,1548.0,WERN
2023-04-24 13:26:00,46.425,46.425,46.41,46.41,643.0,WERN
2023-04-24 13:20:00,46.44,46.44,46.43,46.43,1290.0,WERN
2023-04-24 13:19:00,46.46,46.46,46.46,46.46,333.0,WERN
2023-04-24 13:13:00,46.4,46.44,46.4,46.44,1312.0,WERN
2023-04-24 13:12:00,46.38,46.38,46.38,46.38,785.0,WERN
2023-04-24 13:11:00,46.37,46.38,46.37,46.38,532.0,WERN
2023-04-24 13:09:00,46.36,46.37,46.36,46.36,1562.0,WERN
2023-04-24 13:08:00,46.35,46.36,46.345,46.345,822.0,WERN
2023-04-24 13:07:00,46.38,46.38,46.35,46.37,973.0,WERN
2023-04-24 13:06:00,46.4,46.42,46.4,46.4,1211.0,WERN
2023-04-24 13:04:00,46.42,46.42,46.42,46.42,151.0,WERN
2023-04-24 13:02:00,46.42,46.42,46.42,46.42,322.0,WERN
2023-04-24 13:01:00,46.42,46.42,46.42,46.42,210.0,WERN
2023-04-24 13:00:00,46.4,46.4,46.4,46.4,458.0,WERN
2023-04-24 12:59:00,46.4,46.4,46.38,46.4,882.0,WERN
2023-04-24 12:57:00,46.39,46.39,46.34,46.34,341.0,WERN
2023-04-24 12:56:00,46.38,46.38,46.38,46.38,206.0,WERN
2023-04-24 12:54:00,46.38,46.38,46.36,46.36,340.0,WERN
2023-04-24 12:53:00,46.355,46.355,46.355,46.355,506.0,WERN
2023-04-24 12:52:00,46.35,46.35,46.335,46.35,402.0,WERN
2023-04-24 12:51:00,46.31,46.33,46.31,46.33,1433.0,WERN
2023-04-24 12:50:00,46.29,46.31,46.29,46.31,1465.0,WERN
2023-04-24 12:48:00,46.265,46.265,46.265,46.265,223.0,WERN
2023-04-24 12:47:00,46.265,46.265,46.265,46.265,234.0,WERN
2023-04-24 12:46:00,46.265,46.265,46.265,46.265,218.0,WERN
2023-04-24 12:45:00,46.27,46.27,46.25,46.26,836.0,WERN
2023-04-24 12:44:00,46.27,46.27,46.25,46.27,1000.0,WERN
2023-04-24 12:41:00,46.25,46.27,46.25,46.27,1036.0,WERN
2023-04-24 12:39:00,46.32,46.32,46.28,46.28,2715.0,WERN
2023-04-24 12:37:00,46.32,46.32,46.31,46.31,1770.0,WERN
2023-04-24 12:36:00,46.3,46.3,46.3,46.3,421.0,WERN
2023-04-24 12:35:00,46.305,46.305,46.305,46.305,114.0,WERN
2023-04-24 12:32:00,46.32,46.32,46.27,46.27,252.0,WERN
2023-04-24 12:31:00,46.295,46.295,46.295,46.295,335.0,WERN
2023-04-24 12:30:00,46.295,46.295,46.295,46.295,249.0,WERN
2023-04-24 12:28:00,46.32,46.32,46.32,46.32,387.0,WERN
2023-04-24 12:25:00,46.31,46.32,46.295,46.295,660.0,WERN
2023-04-24 12:23:00,46.3,46.3,46.3,46.3,119.0,WERN
2023-04-24 12:22:00,46.29,46.29,46.29,46.29,192.0,WERN
2023-04-24 12:21:00,46.245,46.32,46.245,46.32,2683.0,WERN
2023-04-24 12:20:00,46.26,46.26,46.26,46.26,719.0,WERN
2023-04-24 12:19:00,46.2,46.25,46.2,46.245,2112.0,WERN
2023-04-24 12:18:00,46.22,46.22,46.22,46.22,143.0,WERN
2023-04-24 12:17:00,46.2,46.22,46.2,46.2,734.0,WERN
2023-04-24 12:16:00,46.21,46.22,46.2,46.2,743.0,WERN
2023-04-24 12:15:00,46.23,46.24,46.23,46.23,1141.0,WERN
2023-04-24 12:14:00,46.225,46.225,46.225,46.225,210.0,WERN
2023-04-24 12:12:00,46.19,46.19,46.19,46.19,130.0,WERN
2023-04-24 12:11:00,46.21,46.21,46.21,46.21,103.0,WERN
2023-04-24 12:09:00,46.225,46.225,46.225,46.225,391.0,WERN
2023-04-24 12:08:00,46.225,46.225,46.225,46.225,546.0,WERN
2023-04-24 12:07:00,46.225,46.225,46.225,46.225,422.0,WERN
2023-04-24 12:05:00,46.19,46.19,46.19,46.19,100.0,WERN
2023-04-24 12:02:00,46.23,46.23,46.225,46.225,336.0,WERN
2023-04-24 12:01:00,46.19,46.24,46.19,46.24,958.0,WERN
2023-04-24 12:00:00,46.24,46.24,46.22,46.22,419.0,WERN
2023-04-24 11:58:00,46.27,46.27,46.21,46.24,1408.0,WERN
2023-04-24 11:57:00,46.275,46.31,46.27,46.31,308.0,WERN
2023-04-24 11:56:00,46.31,46.31,46.27,46.31,315.0,WERN
2023-04-24 11:55:00,46.3,46.31,46.29,46.31,1533.0,WERN
2023-04-24 11:54:00,46.3,46.325,46.3,46.325,209.0,WERN
2023-04-24 11:53:00,46.325,46.325,46.325,46.325,789.0,WERN
2023-04-24 11:51:00,46.34,46.34,46.34,46.34,163.0,WERN
2023-04-24 11:50:00,46.37,46.4,46.37,46.4,1486.0,WERN
2023-04-24 11:49:00,46.335,46.335,46.335,46.335,111.0,WERN
2023-04-24 11:48:00,46.32,46.32,46.32,46.32,454.0,WERN
2023-04-24 11:47:00,46.33,46.33,46.31,46.31,421.0,WERN
2023-04-24 11:46:00,46.34,46.375,46.3,46.3,1685.0,WERN
2023-04-24 11:45:00,46.375,46.375,46.34,46.34,215.0,WERN
2023-04-24 11:44:00,46.37,46.37,46.34,46.34,301.0,WERN
2023-04-24 11:43:00,46.375,46.375,46.34,46.34,307.0,WERN
2023-04-24 11:42:00,46.375,46.375,46.34,46.375,303.0,WERN
2023-04-24 11:41:00,46.375,46.375,46.375,46.375,102.0,WERN
2023-04-24 11:40:00,46.375,46.375,46.37,46.375,533.0,WERN
2023-04-24 11:39:00,46.375,46.375,46.3401,46.3435,2321.0,WERN
2023-04-24 11:34:00,46.375,46.375,46.375,46.375,219.0,WERN
2023-04-24 11:33:00,46.37,46.37,46.37,46.37,847.0,WERN
2023-04-24 11:32:00,46.33,46.34,46.33,46.34,680.0,WERN
2023-04-24 11:31:00,46.25,46.33,46.25,46.33,3002.0,WERN
2023-04-24 11:30:00,46.23,46.23,46.23,46.23,439.0,WERN
2023-04-24 11:29:00,46.265,46.285,46.26,46.26,726.0,WERN
2023-04-24 11:28:00,46.31,46.31,46.3,46.3,1282.0,WERN
2023-04-24 11:27:00,46.37,46.37,46.335,46.335,866.0,WERN
2023-04-24 11:26:00,46.32,46.39,46.32,46.385,3227.0,WERN
2023-04-24 11:25:00,46.35,46.35,46.35,46.35,232.0,WERN
2023-04-24 11:24:00,46.33,46.35,46.32,46.35,2166.0,WERN
2023-04-24 11:23:00,46.34,46.35,46.33,46.35,1011.0,WERN
2023-04-24 11:21:00,46.33,46.33,46.33,46.33,234.0,WERN
2023-04-24 11:20:00,46.32,46.32,46.31,46.31,214.0,WERN
2023-04-24 11:19:00,46.35,46.35,46.35,46.35,600.0,WERN
2023-04-24 11:16:00,46.36,46.36,46.36,46.36,338.0,WERN
2023-04-24 11:15:00,46.36,46.37,46.36,46.36,1729.0,WERN
2023-04-24 11:13:00,46.36,46.36,46.36,46.36,103.0,WERN
2023-04-24 11:10:00,46.35,46.35,46.35,46.35,254.0,WERN
2023-04-24 11:09:00,46.391,46.391,46.37,46.37,427.0,WERN
2023-04-24 11:06:00,46.395,46.395,46.39,46.39,373.0,WERN
2023-04-24 11:05:00,46.45,46.45,46.4,46.4,1340.0,WERN
2023-04-24 11:04:00,46.42,46.45,46.42,46.45,296.0,WERN
2023-04-24 11:03:00,46.42,46.42,46.41,46.41,510.0,WERN
2023-04-24 11:02:00,46.42,46.42,46.42,46.42,200.0,WERN
2023-04-24 11:01:00,46.435,46.46,46.42,46.42,680.0,WERN
2023-04-24 11:00:00,46.41,46.41,46.41,46.41,713.0,WERN
2023-04-24 10:59:00,46.45,46.45,46.42,46.42,237.0,WERN
2023-04-24 10:58:00,46.42,46.49,46.41,46.49,1271.0,WERN
2023-04-24 10:57:00,46.48,46.48,46.45,46.45,2047.0,WERN
2023-04-24 10:56:00,46.49,46.54,46.49,46.54,368.0,WERN
2023-04-24 10:55:00,46.425,46.47,46.42,46.45,3621.0,WERN
2023-04-24 10:54:00,46.37,46.435,46.37,46.435,2028.0,WERN
2023-04-24 10:53:00,46.45,46.45,46.37,46.4,355.0,WERN
2023-04-24 10:52:00,46.37,46.425,46.37,46.41,1840.0,WERN
2023-04-24 10:51:00,46.41,46.41,46.37,46.37,898.0,WERN
2023-04-24 10:50:00,46.46,46.47,46.41,46.41,1020.0,WERN
2023-04-24 10:49:00,46.4,46.4,46.4,46.4,421.0,WERN
2023-04-24 10:48:00,46.415,46.415,46.41,46.41,232.0,WERN
2023-04-24 10:47:00,46.405,46.41,46.405,46.41,236.0,WERN
2023-04-24 10:44:00,46.44,46.44,46.44,46.44,105.0,WERN
2023-04-24 10:43:00,46.53,46.53,46.53,46.53,443.0,WERN
2023-04-24 10:41:00,46.58,46.58,46.55,46.55,656.0,WERN
2023-04-24 10:40:00,46.61,46.61,46.575,46.575,1655.0,WERN
2023-04-24 10:39:00,46.63,46.63,46.63,46.63,410.0,WERN
2023-04-24 10:36:00,46.68,46.68,46.62,46.62,2053.0,WERN
2023-04-24 10:33:00,46.72,46.72,46.72,46.72,105.0,WERN
2023-04-24 10:31:00,46.7,46.72,46.68,46.72,2111.0,WERN
2023-04-24 10:28:00,46.65,46.65,46.65,46.65,128.0,WERN
2023-04-24 10:27:00,46.69,46.69,46.69,46.69,167.0,WERN
2023-04-24 10:25:00,46.655,46.655,46.655,46.655,202.0,WERN
2023-04-24 10:24:00,46.6,46.69,46.6,46.69,2156.0,WERN
2023-04-24 10:23:00,46.57,46.615,46.57,46.615,249.0,WERN
2023-04-24 10:22:00,46.59,46.59,46.59,46.59,126.0,WERN
2023-04-24 10:21:00,46.62,46.62,46.6,46.6,978.0,WERN
2023-04-24 10:20:00,46.62,46.675,46.62,46.675,335.0,WERN
2023-04-24 10:18:00,46.61,46.61,46.61,46.61,502.0,WERN
2023-04-24 10:15:00,46.71,46.72,46.68,46.68,1076.0,WERN
2023-04-24 10:14:00,46.69,46.71,46.69,46.71,865.0,WERN
2023-04-24 10:13:00,46.66,46.66,46.65,46.65,603.0,WERN
2023-04-24 10:12:00,46.655,46.66,46.655,46.66,452.0,WERN
2023-04-24 10:11:00,46.69,46.69,46.69,46.69,230.0,WERN
2023-04-24 10:09:00,46.76,46.78,46.76,46.76,1149.0,WERN
2023-04-24 10:08:00,46.69,46.69,46.69,46.69,332.0,WERN
2023-04-24 10:07:00,46.75,46.75,46.69,46.69,1413.0,WERN
2023-04-24 10:06:00,46.75,46.75,46.75,46.75,139.0,WERN
2023-04-24 10:05:00,46.755,46.755,46.755,46.755,170.0,WERN
2023-04-24 10:03:00,46.8,46.8,46.765,46.765,257.0,WERN
2023-04-24 10:02:00,46.78,46.78,46.77,46.77,590.0,WERN
2023-04-24 09:59:00,46.835,46.835,46.835,46.835,347.0,WERN
2023-04-24 09:58:00,46.85,46.85,46.85,46.85,286.0,WERN
2023-04-24 09:56:00,46.75,46.84,46.75,46.84,2448.0,WERN
2023-04-24 09:55:00,46.8,46.8,46.73,46.73,1525.0,WERN
2023-04-24 09:53:00,46.77,46.79,46.745,46.765,1123.0,WERN
2023-04-24 09:51:00,46.715,46.78,46.71,46.71,1154.0,WERN
2023-04-24 09:50:00,46.77,46.77,46.77,46.77,260.0,WERN
2023-04-24 09:49:00,46.75,46.76,46.75,46.76,918.0,WERN
2023-04-24 09:48:00,46.75,46.75,46.75,46.75,221.0,WERN
2023-04-24 09:47:00,46.58,46.58,46.58,46.58,130.0,WERN
2023-04-24 09:46:00,46.83,46.83,46.64,46.65,1061.0,WERN
2023-04-24 09:45:00,46.545,46.67,46.545,46.67,821.0,WERN
2023-04-24 09:44:00,46.67,46.67,46.67,46.67,246.0,WERN
2023-04-24 09:43:00,46.535,46.535,46.535,46.535,301.0,WERN
2023-04-24 09:42:00,46.545,46.545,46.545,46.545,178.0,WERN
2023-04-24 09:41:00,46.345,46.57,46.345,46.56,1820.0,WERN
2023-04-24 09:40:00,46.315,46.315,46.315,46.315,137.0,WERN
2023-04-24 09:39:00,46.31,46.31,46.31,46.31,100.0,WERN
2023-04-24 09:38:00,46.44,46.44,46.31,46.31,200.0,WERN
2023-04-24 09:37:00,46.305,46.305,46.305,46.305,200.0,WERN
2023-04-24 09:36:00,46.305,46.305,46.305,46.305,112.0,WERN
2023-04-24 09:34:00,46.315,46.315,46.315,46.315,198.0,WERN
2023-04-24 09:33:00,46.405,46.405,46.405,46.405,421.0,WERN
2023-04-24 09:31:00,46.58,46.7,46.46,46.46,3771.0,WERN
