date,1. open,2. high,3. low,4. close,5. volume,Ticker
2023-02-24 16:02:00,36.97,36.97,36.97,36.97,4104.0,WSBC
2023-02-24 16:01:00,36.97,36.97,36.97,36.97,1202.0,WSBC
2023-02-24 16:00:00,36.945,36.98,36.93,36.97,9427.0,WSBC
2023-02-24 15:59:00,36.97,36.97,36.95,36.96,3605.0,WSBC
2023-02-24 15:58:00,36.94,36.97,36.9,36.97,4139.0,WSBC
2023-02-24 15:57:00,36.9,36.94,36.9,36.94,1376.0,WSBC
2023-02-24 15:56:00,36.89,36.925,36.88,36.925,1269.0,WSBC
2023-02-24 15:55:00,36.82,36.86,36.82,36.85,1079.0,WSBC
2023-02-24 15:54:00,36.82,36.82,36.82,36.82,163.0,WSBC
2023-02-24 15:53:00,36.83,36.86,36.83,36.83,1622.0,WSBC
2023-02-24 15:52:00,36.77,36.85,36.77,36.85,1960.0,WSBC
2023-02-24 15:51:00,36.72,36.75,36.7,36.75,3069.0,WSBC
2023-02-24 15:50:00,36.72,36.73,36.72,36.73,567.0,WSBC
2023-02-24 15:49:00,36.74,36.74,36.73,36.73,854.0,WSBC
2023-02-24 15:48:00,36.76,36.77,36.76,36.77,733.0,WSBC
2023-02-24 15:45:00,36.78,36.78,36.78,36.78,192.0,WSBC
2023-02-24 15:44:00,36.76,36.76,36.74,36.74,1106.0,WSBC
2023-02-24 15:43:00,36.76,36.77,36.76,36.77,499.0,WSBC
2023-02-24 15:42:00,36.75,36.76,36.75,36.76,433.0,WSBC
2023-02-24 15:40:00,36.73,36.73,36.73,36.73,351.0,WSBC
2023-02-24 15:39:00,36.74,36.74,36.74,36.74,432.0,WSBC
2023-02-24 15:38:00,36.71,36.71,36.71,36.71,257.0,WSBC
2023-02-24 15:35:00,36.73,36.73,36.73,36.73,338.0,WSBC
2023-02-24 15:34:00,36.75,36.75,36.75,36.75,324.0,WSBC
2023-02-24 15:33:00,36.77,36.77,36.76,36.76,492.0,WSBC
2023-02-24 15:31:00,36.76,36.76,36.76,36.76,484.0,WSBC
2023-02-24 15:30:00,36.79,36.79,36.79,36.79,298.0,WSBC
2023-02-24 15:29:00,36.8,36.8,36.8,36.8,269.0,WSBC
2023-02-24 15:28:00,36.81,36.815,36.81,36.815,496.0,WSBC
2023-02-24 15:26:00,36.82,36.82,36.82,36.82,147.0,WSBC
2023-02-24 15:21:00,36.785,36.84,36.785,36.84,822.0,WSBC
2023-02-24 15:15:00,36.82,36.82,36.82,36.82,327.0,WSBC
2023-02-24 15:08:00,36.82,36.82,36.82,36.82,184.0,WSBC
2023-02-24 15:07:00,36.805,36.805,36.805,36.805,104.0,WSBC
2023-02-24 15:06:00,36.79,36.79,36.79,36.79,442.0,WSBC
2023-02-24 15:05:00,36.82,36.82,36.805,36.805,678.0,WSBC
2023-02-24 15:04:00,36.83,36.83,36.83,36.83,322.0,WSBC
2023-02-24 14:59:00,36.85,36.85,36.85,36.85,581.0,WSBC
2023-02-24 14:58:00,36.82,36.83,36.81,36.83,513.0,WSBC
2023-02-24 14:46:00,36.74,36.74,36.74,36.74,277.0,WSBC
2023-02-24 14:45:00,36.73,36.73,36.73,36.73,437.0,WSBC
2023-02-24 14:44:00,36.76,36.76,36.71,36.73,1698.0,WSBC
2023-02-24 14:35:00,36.77,36.77,36.77,36.77,120.0,WSBC
2023-02-24 14:29:00,36.81,36.81,36.81,36.81,516.0,WSBC
2023-02-24 14:27:00,36.83,36.83,36.83,36.83,125.0,WSBC
2023-02-24 14:24:00,36.81,36.81,36.8,36.8,533.0,WSBC
2023-02-24 14:21:00,36.83,36.86,36.83,36.86,357.0,WSBC
2023-02-24 14:15:00,36.78,36.78,36.78,36.78,453.0,WSBC
2023-02-24 14:13:00,36.76,36.77,36.76,36.77,606.0,WSBC
2023-02-24 14:12:00,36.79,36.79,36.79,36.79,185.0,WSBC
2023-02-24 14:01:00,36.84,36.84,36.84,36.84,170.0,WSBC
2023-02-24 14:00:00,36.84,36.84,36.81,36.81,574.0,WSBC
2023-02-24 13:52:00,36.84,36.84,36.84,36.84,366.0,WSBC
2023-02-24 13:50:00,36.805,36.805,36.805,36.805,110.0,WSBC
2023-02-24 13:45:00,36.79,36.79,36.79,36.79,101.0,WSBC
2023-02-24 13:43:00,36.77,36.77,36.77,36.77,115.0,WSBC
2023-02-24 13:40:00,36.76,36.76,36.76,36.76,133.0,WSBC
2023-02-24 13:39:00,36.76,36.76,36.76,36.76,456.0,WSBC
2023-02-24 13:38:00,36.74,36.74,36.74,36.74,314.0,WSBC
2023-02-24 13:33:00,36.71,36.71,36.71,36.71,219.0,WSBC
2023-02-24 13:32:00,36.73,36.73,36.73,36.73,154.0,WSBC
2023-02-24 13:31:00,36.78,36.79,36.73,36.73,913.0,WSBC
2023-02-24 13:26:00,36.78,36.78,36.78,36.78,172.0,WSBC
2023-02-24 13:20:00,36.74,36.74,36.74,36.74,180.0,WSBC
2023-02-24 13:19:00,36.705,36.76,36.705,36.76,982.0,WSBC
2023-02-24 13:18:00,36.705,36.715,36.705,36.715,605.0,WSBC
2023-02-24 13:17:00,36.71,36.71,36.71,36.71,513.0,WSBC
2023-02-24 13:13:00,36.69,36.71,36.685,36.71,1179.0,WSBC
2023-02-24 13:09:00,36.69,36.69,36.69,36.69,1115.0,WSBC
2023-02-24 13:06:00,36.67,36.68,36.67,36.68,642.0,WSBC
2023-02-24 12:53:00,36.7801,36.7934,36.74,36.7934,3494.0,WSBC
2023-02-24 12:51:00,36.78,36.78,36.78,36.78,430.0,WSBC
2023-02-24 12:50:00,36.81,36.81,36.81,36.81,113.0,WSBC
2023-02-24 12:41:00,36.81,36.81,36.81,36.81,298.0,WSBC
2023-02-24 12:39:00,36.82,36.82,36.82,36.82,337.0,WSBC
2023-02-24 12:34:00,36.86,36.86,36.86,36.86,423.0,WSBC
2023-02-24 12:33:00,36.87,36.88,36.87,36.88,274.0,WSBC
2023-02-24 12:32:00,36.85,36.85,36.85,36.85,314.0,WSBC
2023-02-24 12:23:00,36.79,36.79,36.79,36.79,207.0,WSBC
2023-02-24 12:19:00,36.77,36.77,36.77,36.77,136.0,WSBC
2023-02-24 12:11:00,36.79,36.8,36.78,36.78,1184.0,WSBC
2023-02-24 12:06:00,36.76,36.76,36.76,36.76,239.0,WSBC
2023-02-24 11:51:00,36.84,36.84,36.84,36.84,577.0,WSBC
2023-02-24 11:49:00,36.81,36.81,36.79,36.79,316.0,WSBC
2023-02-24 11:42:00,36.83,36.84,36.83,36.84,615.0,WSBC
2023-02-24 11:38:00,36.81,36.81,36.8,36.8,232.0,WSBC
2023-02-24 11:35:00,36.88,36.88,36.88,36.88,206.0,WSBC
2023-02-24 11:34:00,36.91,36.92,36.91,36.92,408.0,WSBC
2023-02-24 11:33:00,36.94,36.94,36.94,36.94,545.0,WSBC
2023-02-24 11:32:00,36.93,36.93,36.93,36.93,3724.0,WSBC
2023-02-24 11:31:00,36.94,36.94,36.94,36.94,100.0,WSBC
2023-02-24 11:30:00,36.93,36.93,36.93,36.93,268.0,WSBC
2023-02-24 11:28:00,36.86,36.86,36.86,36.86,354.0,WSBC
2023-02-24 11:27:00,36.83,36.83,36.83,36.83,573.0,WSBC
2023-02-24 11:26:00,36.86,36.86,36.8515,36.8515,329.0,WSBC
2023-02-24 11:24:00,36.84,36.84,36.84,36.84,140.0,WSBC
2023-02-24 11:21:00,36.82,36.82,36.82,36.82,279.0,WSBC
2023-02-24 11:18:00,36.85,36.85,36.85,36.85,362.0,WSBC
2023-02-24 11:13:00,36.83,36.8499,36.83,36.8499,1981.0,WSBC
2023-02-24 11:08:00,36.81,36.81,36.81,36.81,204.0,WSBC
2023-02-24 11:02:00,36.76,36.76,36.76,36.76,109.0,WSBC
2023-02-24 10:58:00,36.71,36.71,36.71,36.71,237.0,WSBC
2023-02-24 10:57:00,36.7,36.7,36.7,36.7,158.0,WSBC
2023-02-24 10:56:00,36.66,36.71,36.66,36.71,808.0,WSBC
2023-02-24 10:50:00,36.69,36.69,36.69,36.69,651.0,WSBC
2023-02-24 10:46:00,36.71,36.71,36.71,36.71,346.0,WSBC
2023-02-24 10:40:00,36.68,36.73,36.68,36.73,410.0,WSBC
2023-02-24 10:38:00,36.68,36.68,36.68,36.68,878.0,WSBC
2023-02-24 10:29:00,36.67,36.7,36.67,36.69,695.0,WSBC
2023-02-24 10:27:00,36.63,36.63,36.63,36.63,335.0,WSBC
2023-02-24 10:25:00,36.64,36.64,36.61,36.61,554.0,WSBC
2023-02-24 10:23:00,36.69,36.69,36.69,36.69,115.0,WSBC
2023-02-24 10:21:00,36.7,36.72,36.69,36.69,1201.0,WSBC
2023-02-24 10:17:00,36.74,36.74,36.67,36.67,388.0,WSBC
2023-02-24 10:15:00,36.77,36.79,36.77,36.79,361.0,WSBC
2023-02-24 10:13:00,36.81,36.81,36.73,36.73,684.0,WSBC
2023-02-24 10:11:00,36.9,36.9,36.83,36.83,908.0,WSBC
2023-02-24 10:05:00,37.04,37.04,36.97,36.97,2112.0,WSBC
2023-02-24 10:04:00,36.98,37.04,36.98,37.04,222.0,WSBC
2023-02-24 10:03:00,36.96,36.96,36.95,36.95,246.0,WSBC
2023-02-24 10:02:00,36.9804,36.9804,36.9804,36.9804,227.0,WSBC
2023-02-24 09:50:00,36.84,36.84,36.84,36.84,210.0,WSBC
2023-02-24 09:45:00,36.79,36.79,36.78,36.78,483.0,WSBC
2023-02-24 09:42:00,36.82,36.82,36.82,36.82,206.0,WSBC
2023-02-24 09:41:00,36.88,36.88,36.88,36.88,247.0,WSBC
2023-02-24 09:38:00,36.935,36.935,36.935,36.935,145.0,WSBC
2023-02-24 09:37:00,36.85,36.91,36.85,36.91,652.0,WSBC
2023-02-24 09:34:00,36.69,36.69,36.69,36.69,217.0,WSBC
2023-02-24 09:33:00,36.72,36.72,36.72,36.72,102.0,WSBC
2023-02-24 09:32:00,37.02,37.02,36.72,36.815,1254.0,WSBC
2023-02-24 09:31:00,36.92,37.5,36.92,37.5,1295.0,WSBC
2023-02-23 16:02:00,37.13,37.13,37.13,37.13,2263.0,WSBC
2023-02-23 16:01:00,37.13,37.13,37.13,37.13,8595.0,WSBC
2023-02-23 16:00:00,37.17,37.17,37.1,37.11,5133.0,WSBC
2023-02-23 15:59:00,37.15,37.17,37.15,37.17,857.0,WSBC
2023-02-23 15:58:00,37.13,37.14,37.13,37.14,1141.0,WSBC
2023-02-23 15:57:00,37.12,37.14,37.12,37.14,656.0,WSBC
2023-02-23 15:56:00,37.12,37.12,37.11,37.11,965.0,WSBC
2023-02-23 15:55:00,37.12,37.12,37.11,37.11,1072.0,WSBC
2023-02-23 15:54:00,37.12,37.14,37.12,37.14,802.0,WSBC
2023-02-23 15:52:00,37.16,37.16,37.13,37.13,576.0,WSBC
2023-02-23 15:51:00,37.14,37.14,37.13,37.13,988.0,WSBC
2023-02-23 15:50:00,37.16,37.16,37.16,37.16,227.0,WSBC
2023-02-23 15:47:00,37.17,37.17,37.17,37.17,576.0,WSBC
2023-02-23 15:46:00,37.19,37.19,37.19,37.19,364.0,WSBC
2023-02-23 15:45:00,37.195,37.195,37.195,37.195,186.0,WSBC
2023-02-23 15:44:00,37.185,37.2,37.185,37.195,1017.0,WSBC
2023-02-23 15:43:00,37.18,37.18,37.18,37.18,117.0,WSBC
2023-02-23 15:42:00,37.21,37.21,37.2,37.2,935.0,WSBC
2023-02-23 15:40:00,37.2295,37.2295,37.2295,37.2295,441.0,WSBC
2023-02-23 15:37:00,37.225,37.225,37.225,37.225,133.0,WSBC
2023-02-23 15:36:00,37.24,37.24,37.24,37.24,153.0,WSBC
2023-02-23 15:33:00,37.24,37.26,37.24,37.26,214.0,WSBC
2023-02-23 15:31:00,37.25,37.25,37.23,37.23,781.0,WSBC
2023-02-23 15:30:00,37.2119,37.2119,37.2119,37.2119,745.0,WSBC
2023-02-23 15:29:00,37.21,37.22,37.21,37.22,525.0,WSBC
2023-02-23 15:27:00,37.185,37.185,37.185,37.185,103.0,WSBC
2023-02-23 15:24:00,37.23,37.23,37.23,37.23,100.0,WSBC
2023-02-23 15:23:00,37.17,37.18,37.17,37.18,600.0,WSBC
2023-02-23 15:21:00,37.14,37.14,37.14,37.14,111.0,WSBC
2023-02-23 15:20:00,37.14,37.17,37.14,37.17,508.0,WSBC
2023-02-23 15:18:00,37.17,37.17,37.17,37.17,343.0,WSBC
2023-02-23 15:15:00,37.2,37.2,37.2,37.2,380.0,WSBC
2023-02-23 15:14:00,37.16,37.18,37.16,37.18,473.0,WSBC
2023-02-23 15:10:00,37.12,37.12,37.12,37.12,519.0,WSBC
2023-02-23 15:08:00,37.145,37.17,37.145,37.17,338.0,WSBC
2023-02-23 15:02:00,37.09,37.09,37.09,37.09,569.0,WSBC
2023-02-23 15:01:00,37.055,37.075,37.055,37.075,810.0,WSBC
2023-02-23 15:00:00,37.05,37.05,37.05,37.05,208.0,WSBC
2023-02-23 14:58:00,37.04,37.04,37.04,37.04,122.0,WSBC
2023-02-23 14:57:00,37.07,37.07,37.07,37.07,1197.0,WSBC
2023-02-23 14:49:00,37.11,37.11,37.11,37.11,100.0,WSBC
2023-02-23 14:33:00,37.12,37.12,37.09,37.09,1135.0,WSBC
2023-02-23 14:27:00,37.13,37.13,37.13,37.13,105.0,WSBC
2023-02-23 14:25:00,37.09,37.09,37.09,37.09,227.0,WSBC
2023-02-23 14:21:00,37.04,37.04,37.04,37.04,149.0,WSBC
2023-02-23 14:17:00,37.06,37.06,37.04,37.04,320.0,WSBC
2023-02-23 14:16:00,36.99,37.01,36.99,37.01,956.0,WSBC
2023-02-23 14:13:00,36.95,36.95,36.95,36.95,337.0,WSBC
2023-02-23 14:08:00,36.97,36.99,36.95,36.95,859.0,WSBC
2023-02-23 14:05:00,36.9824,36.9824,36.9824,36.9824,138.0,WSBC
2023-02-23 13:55:00,36.98,36.98,36.98,36.98,520.0,WSBC
2023-02-23 13:49:00,36.98,36.98,36.98,36.98,161.0,WSBC
2023-02-23 13:45:00,36.955,36.955,36.955,36.955,100.0,WSBC
2023-02-23 13:44:00,37.0037,37.0037,36.98,36.99,1611.0,WSBC
2023-02-23 13:42:00,36.97,37.0,36.97,37.0,717.0,WSBC
2023-02-23 13:38:00,36.94,36.94,36.94,36.94,235.0,WSBC
2023-02-23 13:32:00,36.95,36.95,36.95,36.95,407.0,WSBC
2023-02-23 13:26:00,36.97,36.97,36.97,36.97,450.0,WSBC
2023-02-23 13:25:00,36.99,36.99,36.99,36.99,426.0,WSBC
2023-02-23 13:22:00,37.02,37.02,37.02,37.02,274.0,WSBC
2023-02-23 13:20:00,37.0,37.0,37.0,37.0,384.0,WSBC
2023-02-23 13:16:00,36.96,37.0,36.9402,37.0,873.0,WSBC
2023-02-23 13:10:00,36.99,36.99,36.99,36.99,248.0,WSBC
2023-02-23 13:09:00,36.9569,36.9569,36.9569,36.9569,139.0,WSBC
2023-02-23 13:03:00,36.99,36.99,36.99,36.99,412.0,WSBC
2023-02-23 13:02:00,37.03,37.04,37.03,37.04,1049.0,WSBC
2023-02-23 13:00:00,37.01,37.01,36.99,36.99,308.0,WSBC
2023-02-23 12:59:00,37.04,37.04,37.01,37.01,3679.0,WSBC
2023-02-23 12:57:00,37.04,37.04,37.04,37.04,247.0,WSBC
2023-02-23 12:50:00,36.9951,36.9951,36.9951,36.9951,509.0,WSBC
2023-02-23 12:49:00,37.0273,37.0273,37.0273,37.0273,123.0,WSBC
2023-02-23 12:40:00,36.98,37.03,36.98,37.03,229.0,WSBC
2023-02-23 12:37:00,37.01,37.01,37.01,37.01,382.0,WSBC
2023-02-23 12:36:00,37.04,37.04,37.04,37.04,847.0,WSBC
2023-02-23 12:31:00,37.01,37.01,37.01,37.01,141.0,WSBC
2023-02-23 12:24:00,36.97,36.97,36.96,36.96,749.0,WSBC
2023-02-23 12:22:00,36.99,36.99,36.99,36.99,116.0,WSBC
2023-02-23 12:13:00,36.91,36.91,36.91,36.91,222.0,WSBC
2023-02-23 12:08:00,36.92,36.97,36.91,36.91,3051.0,WSBC
2023-02-23 12:06:00,36.89,36.9,36.89,36.9,337.0,WSBC
2023-02-23 11:53:00,36.78,36.78,36.78,36.78,323.0,WSBC
2023-02-23 11:52:00,36.81,36.81,36.81,36.81,104.0,WSBC
2023-02-23 11:50:00,36.83,36.83,36.83,36.83,128.0,WSBC
2023-02-23 11:45:00,36.825,36.87,36.825,36.87,332.0,WSBC
2023-02-23 11:44:00,36.8,36.8,36.8,36.8,328.0,WSBC
2023-02-23 11:42:00,36.84,36.84,36.84,36.84,284.0,WSBC
2023-02-23 11:39:00,36.88,36.88,36.83,36.88,1578.0,WSBC
2023-02-23 11:32:00,36.9399,36.9399,36.9399,36.9399,133.0,WSBC
2023-02-23 11:28:00,36.93,36.93,36.9,36.9,617.0,WSBC
2023-02-23 11:01:00,37.01,37.055,37.01,37.055,1022.0,WSBC
2023-02-23 10:58:00,36.98,36.99,36.98,36.99,787.0,WSBC
2023-02-23 10:54:00,36.9101,36.9101,36.9101,36.9101,224.0,WSBC
2023-02-23 10:52:00,37.01,37.02,36.88,36.88,3106.0,WSBC
2023-02-23 10:49:00,37.06,37.06,37.04,37.04,307.0,WSBC
2023-02-23 10:48:00,37.1,37.1,37.08,37.08,348.0,WSBC
2023-02-23 10:46:00,37.15,37.15,37.15,37.15,200.0,WSBC
2023-02-23 10:45:00,37.115,37.15,37.115,37.15,200.0,WSBC
2023-02-23 10:44:00,37.105,37.105,37.105,37.105,100.0,WSBC
2023-02-23 10:41:00,37.2,37.2,37.2,37.2,105.0,WSBC
2023-02-23 10:39:00,37.2,37.2,37.2,37.2,294.0,WSBC
2023-02-23 10:37:00,37.21,37.21,37.115,37.115,434.0,WSBC
2023-02-23 10:36:00,37.22,37.22,37.22,37.22,265.0,WSBC
2023-02-23 10:34:00,37.16,37.25,37.16,37.23,1541.0,WSBC
2023-02-23 10:32:00,37.17,37.17,37.16,37.16,522.0,WSBC
2023-02-23 10:31:00,37.23,37.23,37.23,37.23,339.0,WSBC
2023-02-23 10:28:00,37.28,37.28,37.28,37.28,118.0,WSBC
2023-02-23 10:27:00,37.28,37.28,37.28,37.28,502.0,WSBC
2023-02-23 10:25:00,37.27,37.28,37.27,37.28,200.0,WSBC
2023-02-23 10:13:00,37.28,37.28,37.28,37.28,243.0,WSBC
2023-02-23 10:09:00,37.27,37.27,37.265,37.265,332.0,WSBC
2023-02-23 10:08:00,37.25,37.25,37.25,37.25,106.0,WSBC
2023-02-23 10:07:00,37.24,37.24,37.22,37.22,677.0,WSBC
2023-02-23 10:05:00,37.295,37.295,37.295,37.295,175.0,WSBC
2023-02-23 10:04:00,37.315,37.315,37.315,37.315,100.0,WSBC
2023-02-23 09:50:00,37.16,37.16,37.16,37.16,258.0,WSBC
2023-02-23 09:48:00,37.16,37.16,37.16,37.16,109.0,WSBC
2023-02-23 09:46:00,37.2,37.2,37.16,37.16,729.0,WSBC
2023-02-23 09:42:00,37.27,37.27,37.26,37.26,479.0,WSBC
2023-02-23 09:41:00,37.325,37.325,37.325,37.325,103.0,WSBC
2023-02-23 09:38:00,37.22,37.22,37.22,37.22,180.0,WSBC
2023-02-23 09:34:00,37.31,37.31,37.3,37.3,450.0,WSBC
2023-02-23 09:31:00,36.99,37.17,36.99,37.17,1894.0,WSBC
2023-02-22 16:03:00,36.98,36.98,36.98,36.98,8299.0,WSBC
2023-02-22 16:02:00,36.98,36.98,36.98,36.98,375.0,WSBC
2023-02-22 16:01:00,36.98,36.98,36.98,36.98,4044.0,WSBC
2023-02-22 16:00:00,36.99,37.02,36.99,36.99,5499.0,WSBC
2023-02-22 15:59:00,36.96,36.985,36.94,36.985,5045.0,WSBC
2023-02-22 15:58:00,36.96,36.97,36.96,36.96,995.0,WSBC
2023-02-22 15:57:00,36.99,36.99,36.96,36.965,2252.0,WSBC
2023-02-22 15:56:00,36.92,36.98,36.9,36.98,4134.0,WSBC
2023-02-22 15:55:00,36.97,36.97,36.95,36.95,2489.0,WSBC
2023-02-22 15:54:00,36.955,36.965,36.955,36.965,801.0,WSBC
2023-02-22 15:53:00,36.915,36.96,36.915,36.95,2835.0,WSBC
2023-02-22 15:52:00,36.85,36.9,36.85,36.9,1339.0,WSBC
2023-02-22 15:51:00,36.87,36.87,36.85,36.85,1494.0,WSBC
2023-02-22 15:50:00,36.865,36.88,36.865,36.88,454.0,WSBC
2023-02-22 15:49:00,36.85,36.87,36.85,36.865,409.0,WSBC
2023-02-22 15:48:00,36.84,36.85,36.82,36.85,1347.0,WSBC
2023-02-22 15:46:00,36.875,36.875,36.85,36.85,944.0,WSBC
2023-02-22 15:44:00,36.9,36.9,36.875,36.88,449.0,WSBC
2023-02-22 15:43:00,36.88,36.88,36.87,36.87,715.0,WSBC
2023-02-22 15:42:00,36.83,36.865,36.83,36.865,790.0,WSBC
2023-02-22 15:41:00,36.81,36.81,36.81,36.81,202.0,WSBC
2023-02-22 15:40:00,36.82,36.82,36.81,36.81,488.0,WSBC
2023-02-22 15:39:00,36.82,36.82,36.82,36.82,100.0,WSBC
2023-02-22 15:38:00,36.815,36.83,36.815,36.83,241.0,WSBC
2023-02-22 15:36:00,36.86,36.89,36.84,36.84,1468.0,WSBC
2023-02-22 15:35:00,36.87,36.87,36.845,36.845,244.0,WSBC
2023-02-22 15:33:00,36.825,36.825,36.825,36.825,216.0,WSBC
2023-02-22 15:32:00,36.82,36.83,36.82,36.83,544.0,WSBC
2023-02-22 15:31:00,36.81,36.815,36.81,36.815,1003.0,WSBC
2023-02-22 15:29:00,36.83,36.83,36.82,36.82,234.0,WSBC
2023-02-22 15:27:00,36.86,36.87,36.86,36.87,226.0,WSBC
2023-02-22 15:26:00,36.84,36.84,36.84,36.84,145.0,WSBC
2023-02-22 15:25:00,36.87,36.87,36.87,36.87,102.0,WSBC
2023-02-22 15:24:00,36.81,36.865,36.81,36.865,630.0,WSBC
2023-02-22 15:23:00,36.79,36.8,36.77,36.77,1154.0,WSBC
2023-02-22 15:22:00,36.85,36.85,36.83,36.83,576.0,WSBC
2023-02-22 15:19:00,36.83,36.83,36.83,36.83,124.0,WSBC
2023-02-22 15:18:00,36.84,36.84,36.84,36.84,273.0,WSBC
2023-02-22 15:17:00,36.81,36.81,36.81,36.81,105.0,WSBC
2023-02-22 15:16:00,36.78,36.805,36.78,36.805,342.0,WSBC
2023-02-22 15:15:00,36.815,36.815,36.815,36.815,226.0,WSBC
2023-02-22 15:12:00,36.82,36.82,36.82,36.82,226.0,WSBC
2023-02-22 15:10:00,36.79,36.8,36.79,36.8,420.0,WSBC
2023-02-22 15:09:00,36.79,36.79,36.79,36.79,306.0,WSBC
2023-02-22 15:06:00,36.8,36.8,36.8,36.8,111.0,WSBC
2023-02-22 15:05:00,36.8,36.8,36.8,36.8,251.0,WSBC
2023-02-22 15:04:00,36.8,36.8,36.8,36.8,204.0,WSBC
2023-02-22 15:03:00,36.81,36.81,36.81,36.81,132.0,WSBC
2023-02-22 15:02:00,36.855,36.855,36.855,36.855,102.0,WSBC
2023-02-22 15:01:00,36.83,36.86,36.83,36.84,411.0,WSBC
2023-02-22 15:00:00,36.845,36.89,36.845,36.86,2047.0,WSBC
2023-02-22 14:58:00,36.86,36.86,36.86,36.86,166.0,WSBC
2023-02-22 14:57:00,36.88,36.88,36.87,36.88,467.0,WSBC
2023-02-22 14:56:00,36.91,36.91,36.84,36.87,1623.0,WSBC
2023-02-22 14:55:00,36.94,36.94,36.94,36.94,324.0,WSBC
2023-02-22 14:53:00,36.975,36.975,36.975,36.975,101.0,WSBC
2023-02-22 14:51:00,37.03,37.03,37.0,37.0,661.0,WSBC
2023-02-22 14:49:00,36.98,36.98,36.98,36.98,112.0,WSBC
2023-02-22 14:48:00,36.97,36.97,36.97,36.97,190.0,WSBC
2023-02-22 14:47:00,36.935,36.96,36.935,36.96,750.0,WSBC
2023-02-22 14:45:00,36.91,36.91,36.91,36.91,104.0,WSBC
2023-02-22 14:44:00,36.92,36.92,36.92,36.92,495.0,WSBC
2023-02-22 14:42:00,36.97,36.97,36.97,36.97,105.0,WSBC
2023-02-22 14:40:00,36.96,36.96,36.96,36.96,215.0,WSBC
2023-02-22 14:39:00,36.96,36.96,36.95,36.95,732.0,WSBC
2023-02-22 14:38:00,37.0,37.0,37.0,37.0,227.0,WSBC
2023-02-22 14:36:00,36.95,36.95,36.95,36.95,100.0,WSBC
2023-02-22 14:35:00,36.96,36.96,36.96,36.96,107.0,WSBC
2023-02-22 14:34:00,36.965,36.98,36.965,36.98,592.0,WSBC
2023-02-22 14:33:00,37.0,37.0,36.97,36.97,486.0,WSBC
2023-02-22 14:30:00,37.04,37.04,37.04,37.04,213.0,WSBC
2023-02-22 14:29:00,37.075,37.075,37.075,37.075,118.0,WSBC
2023-02-22 14:27:00,37.08,37.08,37.08,37.08,196.0,WSBC
2023-02-22 14:26:00,37.1,37.1,37.09,37.09,418.0,WSBC
2023-02-22 14:25:00,37.12,37.12,37.115,37.115,545.0,WSBC
2023-02-22 14:24:00,37.16,37.16,37.155,37.155,426.0,WSBC
2023-02-22 14:22:00,37.165,37.17,37.155,37.155,529.0,WSBC
2023-02-22 14:21:00,37.17,37.17,37.17,37.17,426.0,WSBC
2023-02-22 14:20:00,37.13,37.13,37.13,37.13,413.0,WSBC
2023-02-22 14:19:00,37.1,37.14,37.1,37.11,706.0,WSBC
2023-02-22 14:18:00,37.06,37.07,37.06,37.07,243.0,WSBC
2023-02-22 14:17:00,37.05,37.07,37.05,37.07,294.0,WSBC
2023-02-22 14:16:00,37.08,37.08,37.06,37.06,301.0,WSBC
2023-02-22 14:14:00,37.13,37.13,37.09,37.09,202.0,WSBC
2023-02-22 14:13:00,37.12,37.12,37.11,37.11,234.0,WSBC
2023-02-22 14:12:00,37.22,37.22,37.12,37.12,671.0,WSBC
2023-02-22 14:11:00,37.2,37.2,37.2,37.2,164.0,WSBC
2023-02-22 14:10:00,37.175,37.175,37.175,37.175,102.0,WSBC
2023-02-22 14:09:00,37.16,37.2,37.16,37.2,590.0,WSBC
2023-02-22 14:08:00,37.245,37.245,37.18,37.18,700.0,WSBC
2023-02-22 14:07:00,37.26,37.26,37.26,37.26,479.0,WSBC
2023-02-22 14:06:00,37.2,37.2,37.2,37.2,106.0,WSBC
2023-02-22 14:05:00,37.2,37.2,37.2,37.2,268.0,WSBC
2023-02-22 14:04:00,37.12,37.12,37.12,37.12,120.0,WSBC
2023-02-22 14:03:00,37.12,37.12,37.08,37.08,742.0,WSBC
2023-02-22 14:02:00,37.225,37.225,37.12,37.12,803.0,WSBC
2023-02-22 14:01:00,37.19,37.21,37.18,37.18,1054.0,WSBC
2023-02-22 14:00:00,37.165,37.165,37.165,37.165,218.0,WSBC
2023-02-22 13:59:00,37.17,37.17,37.165,37.165,303.0,WSBC
2023-02-22 13:58:00,37.145,37.145,37.145,37.145,105.0,WSBC
2023-02-22 13:57:00,37.14,37.14,37.12,37.12,584.0,WSBC
2023-02-22 13:56:00,37.14,37.14,37.12,37.12,357.0,WSBC
2023-02-22 13:55:00,37.11,37.12,37.1,37.12,1540.0,WSBC
2023-02-22 13:52:00,37.07,37.15,37.07,37.15,501.0,WSBC
2023-02-22 13:50:00,37.11,37.11,37.11,37.11,102.0,WSBC
2023-02-22 13:45:00,37.11,37.11,37.11,37.11,101.0,WSBC
2023-02-22 13:44:00,37.07,37.07,37.07,37.07,110.0,WSBC
2023-02-22 13:42:00,37.105,37.105,37.105,37.105,128.0,WSBC
2023-02-22 13:40:00,37.11,37.11,37.11,37.11,115.0,WSBC
2023-02-22 13:37:00,37.14,37.14,37.1,37.1,398.0,WSBC
2023-02-22 13:34:00,37.16,37.16,37.155,37.155,468.0,WSBC
2023-02-22 13:33:00,37.16,37.16,37.16,37.16,581.0,WSBC
2023-02-22 13:31:00,37.2,37.2,37.2,37.2,105.0,WSBC
2023-02-22 13:30:00,37.2,37.2,37.2,37.2,105.0,WSBC
2023-02-22 13:29:00,37.2,37.2,37.2,37.2,325.0,WSBC
2023-02-22 13:28:00,37.22,37.22,37.22,37.22,113.0,WSBC
2023-02-22 13:26:00,37.155,37.155,37.155,37.155,110.0,WSBC
2023-02-22 13:25:00,37.15,37.155,37.15,37.155,203.0,WSBC
2023-02-22 13:24:00,37.15,37.15,37.149,37.149,303.0,WSBC
2023-02-22 13:21:00,37.18,37.18,37.15,37.15,271.0,WSBC
2023-02-22 13:19:00,37.15,37.15,37.15,37.15,106.0,WSBC
2023-02-22 13:15:00,37.18,37.18,37.13,37.15,400.0,WSBC
2023-02-22 13:13:00,37.15,37.15,37.15,37.15,104.0,WSBC
2023-02-22 13:12:00,37.15,37.15,37.15,37.15,100.0,WSBC
2023-02-22 13:09:00,37.13,37.15,37.13,37.15,1024.0,WSBC
2023-02-22 13:08:00,37.11,37.11,37.11,37.11,103.0,WSBC
2023-02-22 13:07:00,37.11,37.11,37.09,37.09,200.0,WSBC
2023-02-22 13:06:00,37.11,37.11,37.09,37.09,203.0,WSBC
2023-02-22 13:05:00,37.11,37.11,37.11,37.11,100.0,WSBC
2023-02-22 13:02:00,37.11,37.11,37.11,37.11,202.0,WSBC
2023-02-22 13:01:00,37.11,37.1137,37.11,37.1137,387.0,WSBC
2023-02-22 13:00:00,37.13,37.13,37.13,37.13,400.0,WSBC
2023-02-22 12:59:00,37.13,37.13,37.13,37.13,215.0,WSBC
2023-02-22 12:56:00,37.115,37.115,37.115,37.115,103.0,WSBC
2023-02-22 12:55:00,37.13,37.13,37.13,37.13,119.0,WSBC
2023-02-22 12:52:00,37.13,37.13,37.13,37.13,103.0,WSBC
2023-02-22 12:51:00,37.11,37.11,37.11,37.11,276.0,WSBC
2023-02-22 12:50:00,37.13,37.13,37.13,37.13,290.0,WSBC
2023-02-22 12:49:00,37.14,37.14,37.14,37.14,457.0,WSBC
2023-02-22 12:46:00,37.16,37.16,37.16,37.16,196.0,WSBC
2023-02-22 12:45:00,37.19,37.19,37.19,37.19,116.0,WSBC
2023-02-22 12:44:00,37.158,37.158,37.155,37.155,210.0,WSBC
2023-02-22 12:42:00,37.16,37.16,37.155,37.155,302.0,WSBC
2023-02-22 12:39:00,37.16,37.16,37.135,37.16,332.0,WSBC
2023-02-22 12:37:00,37.12,37.12,37.12,37.12,202.0,WSBC
2023-02-22 12:35:00,37.17,37.17,37.145,37.145,302.0,WSBC
2023-02-22 12:33:00,37.155,37.155,37.155,37.155,104.0,WSBC
2023-02-22 12:31:00,37.17,37.17,37.17,37.17,212.0,WSBC
2023-02-22 12:29:00,37.21,37.21,37.21,37.21,200.0,WSBC
2023-02-22 12:28:00,37.165,37.165,37.16,37.16,202.0,WSBC
2023-02-22 12:26:00,37.165,37.165,37.165,37.165,104.0,WSBC
2023-02-22 12:25:00,37.12,37.15,37.12,37.15,752.0,WSBC
2023-02-22 12:24:00,37.06,37.065,37.06,37.065,325.0,WSBC
2023-02-22 12:22:00,37.06,37.06,37.06,37.06,100.0,WSBC
2023-02-22 12:21:00,37.06,37.06,37.06,37.06,102.0,WSBC
2023-02-22 12:20:00,37.055,37.055,37.055,37.055,251.0,WSBC
2023-02-22 12:17:00,36.99,37.02,36.99,37.02,205.0,WSBC
2023-02-22 12:16:00,36.99,36.99,36.99,36.99,226.0,WSBC
2023-02-22 12:15:00,36.99,36.99,36.99,36.99,1021.0,WSBC
2023-02-22 12:13:00,36.99,37.04,36.99,37.03,434.0,WSBC
2023-02-22 12:09:00,37.005,37.025,37.005,37.025,479.0,WSBC
2023-02-22 12:06:00,36.985,37.01,36.985,37.01,818.0,WSBC
2023-02-22 12:02:00,36.95,36.95,36.95,36.95,114.0,WSBC
2023-02-22 12:01:00,37.0,37.0,37.0,37.0,537.0,WSBC
2023-02-22 11:59:00,37.02,37.02,36.99,36.99,200.0,WSBC
2023-02-22 11:57:00,36.99,36.99,36.99,36.99,100.0,WSBC
2023-02-22 11:55:00,37.015,37.015,37.015,37.015,101.0,WSBC
2023-02-22 11:50:00,37.0,37.0,37.0,37.0,211.0,WSBC
2023-02-22 11:49:00,37.01,37.01,37.01,37.01,206.0,WSBC
2023-02-22 11:48:00,37.0,37.0,37.0,37.0,104.0,WSBC
2023-02-22 11:45:00,37.0,37.0,37.0,37.0,200.0,WSBC
2023-02-22 11:43:00,37.0,37.0,36.95,36.95,324.0,WSBC
2023-02-22 11:41:00,36.965,36.965,36.965,36.965,133.0,WSBC
2023-02-22 11:39:00,36.9677,36.98,36.96,36.97,930.0,WSBC
2023-02-22 11:38:00,36.983,36.983,36.983,36.983,115.0,WSBC
2023-02-22 11:37:00,37.0,37.0,37.0,37.0,334.0,WSBC
2023-02-22 11:36:00,37.0,37.0,37.0,37.0,212.0,WSBC
2023-02-22 11:34:00,36.99,37.0,36.99,37.0,825.0,WSBC
2023-02-22 11:31:00,36.97,36.99,36.97,36.99,210.0,WSBC
2023-02-22 11:30:00,36.99,36.99,36.99,36.99,200.0,WSBC
2023-02-22 11:29:00,36.98,36.98,36.98,36.98,219.0,WSBC
2023-02-22 11:25:00,36.99,36.99,36.99,36.99,101.0,WSBC
2023-02-22 11:24:00,36.99,36.99,36.99,36.99,104.0,WSBC
2023-02-22 11:23:00,36.99,36.99,36.99,36.99,116.0,WSBC
2023-02-22 11:21:00,37.0,37.0,37.0,37.0,146.0,WSBC
2023-02-22 11:17:00,36.98,36.98,36.98,36.98,101.0,WSBC
2023-02-22 11:14:00,36.99,36.99,36.99,36.99,282.0,WSBC
2023-02-22 11:09:00,37.0,37.0,37.0,37.0,312.0,WSBC
2023-02-22 11:03:00,37.03,37.03,37.03,37.03,347.0,WSBC
2023-02-22 10:59:00,36.98,36.995,36.98,36.995,464.0,WSBC
2023-02-22 10:58:00,36.98,36.98,36.98,36.98,111.0,WSBC
2023-02-22 10:57:00,36.98,36.98,36.98,36.98,508.0,WSBC
2023-02-22 10:52:00,36.93,36.93,36.93,36.93,427.0,WSBC
2023-02-22 10:51:00,36.93,36.93,36.93,36.93,202.0,WSBC
2023-02-22 10:46:00,36.88,36.88,36.88,36.88,626.0,WSBC
2023-02-22 10:42:00,36.81,36.88,36.8,36.8,1928.0,WSBC
2023-02-22 10:38:00,36.76,36.76,36.75,36.75,435.0,WSBC
2023-02-22 10:34:00,36.75,36.75,36.75,36.75,114.0,WSBC
2023-02-22 10:32:00,36.76,36.795,36.76,36.795,319.0,WSBC
2023-02-22 10:31:00,36.81,36.81,36.81,36.81,466.0,WSBC
2023-02-22 10:30:00,36.86,36.86,36.86,36.86,404.0,WSBC
2023-02-22 10:29:00,36.9,36.9,36.9,36.9,861.0,WSBC
2023-02-22 10:27:00,36.9,36.905,36.9,36.905,289.0,WSBC
2023-02-22 10:24:00,36.9,36.9,36.9,36.9,100.0,WSBC
2023-02-22 10:21:00,36.96,36.96,36.93,36.93,452.0,WSBC
2023-02-22 10:20:00,36.9836,36.9836,36.9836,36.9836,257.0,WSBC
2023-02-22 10:18:00,37.0,37.06,37.0,37.06,1626.0,WSBC
2023-02-22 10:17:00,36.96,36.96,36.94,36.94,740.0,WSBC
2023-02-22 10:14:00,36.945,36.945,36.945,36.945,133.0,WSBC
2023-02-22 10:12:00,37.0,37.0,37.0,37.0,271.0,WSBC
2023-02-22 10:11:00,37.03,37.03,37.03,37.03,329.0,WSBC
2023-02-22 10:08:00,37.11,37.11,37.035,37.035,328.0,WSBC
2023-02-22 10:06:00,37.04,37.04,37.04,37.04,594.0,WSBC
2023-02-22 10:02:00,37.1,37.1,37.095,37.095,545.0,WSBC
2023-02-22 09:55:00,37.16,37.16,37.1424,37.1424,604.0,WSBC
2023-02-22 09:54:00,37.11,37.11,37.11,37.11,562.0,WSBC
2023-02-22 09:53:00,37.15,37.15,37.15,37.15,110.0,WSBC
2023-02-22 09:38:00,37.175,37.175,37.175,37.175,270.0,WSBC
2023-02-22 09:32:00,37.17,37.21,37.025,37.025,1516.0,WSBC
2023-02-22 09:31:00,37.17,37.19,37.0,37.19,1248.0,WSBC
2023-02-21 16:21:00,37.13,37.13,37.13,37.13,235.0,WSBC
2023-02-21 16:03:00,37.13,37.13,37.13,37.13,220.0,WSBC
2023-02-21 16:02:00,37.13,37.13,37.13,37.13,4928.0,WSBC
2023-02-21 16:01:00,37.13,37.13,37.13,37.13,9611.0,WSBC
2023-02-21 16:00:00,37.12,37.14,37.1,37.13,7472.0,WSBC
2023-02-21 15:59:00,37.17,37.17,37.12,37.14,3821.0,WSBC
2023-02-21 15:58:00,37.17,37.17,37.17,37.17,488.0,WSBC
2023-02-21 15:57:00,37.17,37.17,37.17,37.17,584.0,WSBC
2023-02-21 15:56:00,37.13,37.16,37.12,37.16,4667.0,WSBC
2023-02-21 15:55:00,37.19,37.19,37.15,37.17,2979.0,WSBC
2023-02-21 15:54:00,37.19,37.215,37.17,37.215,1591.0,WSBC
2023-02-21 15:51:00,37.24,37.24,37.24,37.24,1626.0,WSBC
2023-02-21 15:48:00,37.325,37.325,37.325,37.325,576.0,WSBC
2023-02-21 15:46:00,37.21,37.28,37.21,37.28,3269.0,WSBC
2023-02-21 15:45:00,37.23,37.23,37.23,37.23,328.0,WSBC
2023-02-21 15:44:00,37.25,37.25,37.235,37.235,971.0,WSBC
2023-02-21 15:43:00,37.28,37.28,37.28,37.28,161.0,WSBC
2023-02-21 15:42:00,37.29,37.29,37.25,37.25,1155.0,WSBC
2023-02-21 15:41:00,37.29,37.3,37.29,37.3,669.0,WSBC
2023-02-21 15:40:00,37.3,37.3,37.3,37.3,559.0,WSBC
2023-02-21 15:39:00,37.235,37.25,37.235,37.25,1230.0,WSBC
2023-02-21 15:37:00,37.25,37.27,37.24,37.24,1496.0,WSBC
2023-02-21 15:36:00,37.25,37.25,37.25,37.25,431.0,WSBC
2023-02-21 15:35:00,37.26,37.26,37.26,37.26,533.0,WSBC
2023-02-21 15:33:00,37.285,37.285,37.27,37.27,1495.0,WSBC
2023-02-21 15:30:00,37.255,37.255,37.255,37.255,299.0,WSBC
2023-02-21 15:28:00,37.262,37.262,37.262,37.262,276.0,WSBC
2023-02-21 15:26:00,37.25,37.25,37.25,37.25,232.0,WSBC
2023-02-21 15:25:00,37.235,37.235,37.235,37.235,247.0,WSBC
2023-02-21 15:24:00,37.235,37.24,37.235,37.24,302.0,WSBC
2023-02-21 15:22:00,37.23,37.24,37.23,37.23,567.0,WSBC
2023-02-21 15:21:00,37.17,37.21,37.17,37.21,1528.0,WSBC
2023-02-21 15:20:00,37.14,37.14,37.14,37.14,230.0,WSBC
2023-02-21 15:14:00,37.175,37.175,37.175,37.175,112.0,WSBC
2023-02-21 15:12:00,37.175,37.175,37.175,37.175,250.0,WSBC
2023-02-21 15:11:00,37.14,37.14,37.14,37.14,228.0,WSBC
2023-02-21 15:08:00,37.18,37.18,37.18,37.18,529.0,WSBC
2023-02-21 15:05:00,37.195,37.21,37.195,37.21,459.0,WSBC
2023-02-21 15:02:00,37.22,37.22,37.22,37.22,286.0,WSBC
2023-02-21 15:01:00,37.24,37.29,37.24,37.25,2066.0,WSBC
2023-02-21 14:59:00,37.234,37.234,37.234,37.234,178.0,WSBC
2023-02-21 14:51:00,37.23,37.23,37.23,37.23,796.0,WSBC
2023-02-21 14:47:00,37.19,37.19,37.19,37.19,260.0,WSBC
2023-02-21 14:43:00,37.2,37.2,37.19,37.19,301.0,WSBC
2023-02-21 14:42:00,37.2,37.2,37.2,37.2,113.0,WSBC
2023-02-21 14:40:00,37.19,37.19,37.15,37.15,468.0,WSBC
2023-02-21 14:39:00,37.11,37.11,37.11,37.11,542.0,WSBC
2023-02-21 14:37:00,37.16,37.16,37.16,37.16,110.0,WSBC
2023-02-21 14:31:00,37.11,37.15,37.11,37.15,1094.0,WSBC
2023-02-21 14:28:00,37.1,37.1,37.1,37.1,210.0,WSBC
2023-02-21 14:27:00,37.1,37.1,37.1,37.1,297.0,WSBC
2023-02-21 14:23:00,37.1,37.1,37.1,37.1,135.0,WSBC
2023-02-21 14:22:00,37.1,37.1,37.1,37.1,1134.0,WSBC
2023-02-21 14:21:00,37.07,37.07,37.07,37.07,326.0,WSBC
2023-02-21 14:20:00,37.03,37.08,37.03,37.08,1412.0,WSBC
2023-02-21 14:17:00,37.03,37.03,37.03,37.03,100.0,WSBC
2023-02-21 14:16:00,37.03,37.03,37.03,37.03,226.0,WSBC
2023-02-21 14:12:00,37.055,37.055,37.02,37.02,214.0,WSBC
2023-02-21 14:11:00,37.05,37.08,37.05,37.08,615.0,WSBC
2023-02-21 14:05:00,37.11,37.11,37.11,37.11,125.0,WSBC
2023-02-21 14:03:00,37.12,37.12,37.1,37.1,719.0,WSBC
2023-02-21 14:02:00,37.18,37.18,37.16,37.16,909.0,WSBC
2023-02-21 13:57:00,37.12,37.12,37.12,37.12,978.0,WSBC
2023-02-21 13:56:00,37.12,37.12,37.12,37.12,105.0,WSBC
2023-02-21 13:47:00,37.1,37.13,37.1,37.13,1200.0,WSBC
2023-02-21 13:44:00,37.085,37.085,37.085,37.085,103.0,WSBC
2023-02-21 13:38:00,37.1,37.1,37.06,37.06,361.0,WSBC
2023-02-21 13:28:00,37.18,37.18,37.18,37.18,691.0,WSBC
2023-02-21 13:24:00,37.19,37.19,37.19,37.19,135.0,WSBC
2023-02-21 13:23:00,37.23,37.23,37.23,37.23,100.0,WSBC
2023-02-21 13:22:00,37.23,37.23,37.22,37.22,988.0,WSBC
2023-02-21 13:21:00,37.245,37.245,37.245,37.245,277.0,WSBC
2023-02-21 13:19:00,37.23,37.23,37.23,37.23,480.0,WSBC
2023-02-21 13:16:00,37.23,37.23,37.23,37.23,101.0,WSBC
2023-02-21 13:09:00,37.2,37.2,37.2,37.2,326.0,WSBC
2023-02-21 13:06:00,37.21,37.21,37.21,37.21,157.0,WSBC
2023-02-21 13:03:00,37.22,37.22,37.22,37.22,110.0,WSBC
2023-02-21 13:02:00,37.22,37.22,37.22,37.22,610.0,WSBC
2023-02-21 13:00:00,37.25,37.25,37.25,37.25,406.0,WSBC
2023-02-21 12:59:00,37.235,37.235,37.235,37.235,204.0,WSBC
2023-02-21 12:58:00,37.25,37.25,37.23,37.23,611.0,WSBC
2023-02-21 12:55:00,37.28,37.28,37.27,37.27,400.0,WSBC
2023-02-21 12:54:00,37.255,37.255,37.255,37.255,100.0,WSBC
2023-02-21 12:50:00,37.24,37.24,37.24,37.24,469.0,WSBC
2023-02-21 12:49:00,37.24,37.24,37.24,37.24,452.0,WSBC
2023-02-21 12:45:00,37.26,37.26,37.26,37.26,109.0,WSBC
2023-02-21 12:44:00,37.26,37.26,37.26,37.26,200.0,WSBC
2023-02-21 12:43:00,37.29,37.29,37.29,37.29,400.0,WSBC
2023-02-21 12:41:00,37.29,37.29,37.29,37.29,127.0,WSBC
2023-02-21 12:36:00,37.255,37.255,37.255,37.255,315.0,WSBC
2023-02-21 12:34:00,37.12,37.15,37.11,37.15,2189.0,WSBC
2023-02-21 12:31:00,37.18,37.18,37.18,37.18,242.0,WSBC
2023-02-21 12:30:00,37.16,37.17,37.149,37.149,330.0,WSBC
2023-02-21 12:19:00,37.18,37.18,37.18,37.18,102.0,WSBC
2023-02-21 12:11:00,37.13,37.13,37.13,37.13,644.0,WSBC
2023-02-21 12:10:00,37.11,37.11,37.09,37.1,1506.0,WSBC
2023-02-21 12:09:00,37.12,37.12,37.12,37.12,164.0,WSBC
2023-02-21 12:08:00,37.095,37.095,37.095,37.095,152.0,WSBC
2023-02-21 11:58:00,37.08,37.08,37.08,37.08,535.0,WSBC
2023-02-21 11:57:00,37.05,37.05,37.05,37.05,206.0,WSBC
2023-02-21 11:44:00,37.13,37.13,37.13,37.13,100.0,WSBC
2023-02-21 11:36:00,37.134,37.134,37.134,37.134,161.0,WSBC
2023-02-21 11:33:00,37.1,37.1,37.1,37.1,241.0,WSBC
2023-02-21 11:21:00,37.11,37.11,37.11,37.11,112.0,WSBC
2023-02-21 11:19:00,37.11,37.11,37.11,37.11,102.0,WSBC
2023-02-21 11:16:00,37.13,37.13,37.13,37.13,395.0,WSBC
2023-02-21 11:07:00,37.17,37.17,37.15,37.15,266.0,WSBC
2023-02-21 11:01:00,37.16,37.16,37.16,37.16,411.0,WSBC
2023-02-21 10:58:00,37.1,37.1,37.1,37.1,311.0,WSBC
2023-02-21 10:57:00,37.09,37.09,37.09,37.09,218.0,WSBC
2023-02-21 10:56:00,37.04,37.06,37.03,37.03,3139.0,WSBC
2023-02-21 10:48:00,37.16,37.16,37.16,37.16,266.0,WSBC
2023-02-21 10:40:00,37.11,37.11,37.11,37.11,544.0,WSBC
2023-02-21 10:37:00,37.145,37.145,37.145,37.145,202.0,WSBC
2023-02-21 10:34:00,37.14,37.14,37.14,37.14,526.0,WSBC
2023-02-21 10:29:00,37.11,37.14,37.11,37.14,401.0,WSBC
2023-02-21 10:26:00,37.1,37.1,37.1,37.1,300.0,WSBC
2023-02-21 10:25:00,37.1096,37.1096,37.1096,37.1096,148.0,WSBC
2023-02-21 10:24:00,37.075,37.075,37.075,37.075,196.0,WSBC
2023-02-21 10:22:00,37.13,37.13,37.125,37.125,264.0,WSBC
2023-02-21 10:21:00,37.13,37.13,37.13,37.13,178.0,WSBC
2023-02-21 10:19:00,37.05,37.05,37.05,37.05,613.0,WSBC
2023-02-21 10:18:00,37.14,37.14,37.14,37.14,281.0,WSBC
2023-02-21 10:17:00,37.18,37.2,37.18,37.2,673.0,WSBC
2023-02-21 10:16:00,37.09,37.09,37.09,37.09,180.0,WSBC
2023-02-21 10:13:00,37.09,37.09,37.09,37.09,126.0,WSBC
2023-02-21 10:12:00,37.18,37.18,37.11,37.11,283.0,WSBC
2023-02-21 10:08:00,37.31,37.31,37.31,37.31,100.0,WSBC
2023-02-21 09:56:00,37.26,37.26,37.26,37.26,138.0,WSBC
2023-02-21 09:54:00,37.29,37.33,37.26,37.33,871.0,WSBC
2023-02-21 09:50:00,37.29,37.29,37.29,37.29,179.0,WSBC
2023-02-21 09:39:00,37.275,37.275,37.275,37.275,110.0,WSBC
2023-02-21 09:31:00,37.41,37.41,37.41,37.41,702.0,WSBC
2023-02-17 16:03:00,37.6,37.6,37.6,37.6,669.0,WSBC
2023-02-17 16:02:00,37.6,37.6,37.6,37.6,2446.0,WSBC
2023-02-17 16:01:00,37.6,37.6,37.6,37.6,2777.0,WSBC
2023-02-17 16:00:00,37.58,37.61,37.55,37.61,5057.0,WSBC
2023-02-17 15:59:00,37.55,37.61,37.55,37.61,4076.0,WSBC
2023-02-17 15:58:00,37.61,37.61,37.57,37.57,2074.0,WSBC
2023-02-17 15:57:00,37.62,37.62,37.61,37.61,644.0,WSBC
2023-02-17 15:56:00,37.63,37.63,37.62,37.62,981.0,WSBC
2023-02-17 15:54:00,37.63,37.63,37.63,37.63,453.0,WSBC
2023-02-17 15:52:00,37.6,37.65,37.595,37.65,1313.0,WSBC
2023-02-17 15:51:00,37.57,37.59,37.57,37.57,2332.0,WSBC
2023-02-17 15:49:00,37.58,37.58,37.58,37.58,211.0,WSBC
2023-02-17 15:47:00,37.608,37.61,37.58,37.58,553.0,WSBC
2023-02-17 15:46:00,37.62,37.62,37.58,37.58,700.0,WSBC
2023-02-17 15:45:00,37.65,37.65,37.65,37.65,121.0,WSBC
2023-02-17 15:43:00,37.6275,37.6275,37.6275,37.6275,246.0,WSBC
2023-02-17 15:42:00,37.65,37.65,37.65,37.65,556.0,WSBC
2023-02-17 15:41:00,37.655,37.655,37.655,37.655,260.0,WSBC
2023-02-17 15:37:00,37.72,37.72,37.72,37.72,430.0,WSBC
2023-02-17 15:35:00,37.67,37.71,37.67,37.71,985.0,WSBC
2023-02-17 15:31:00,37.59,37.605,37.575,37.575,990.0,WSBC
2023-02-17 15:30:00,37.59,37.59,37.59,37.59,750.0,WSBC
2023-02-17 15:27:00,37.575,37.59,37.575,37.59,452.0,WSBC
2023-02-17 15:26:00,37.55,37.565,37.55,37.565,1050.0,WSBC
2023-02-17 15:25:00,37.545,37.545,37.545,37.545,204.0,WSBC
2023-02-17 15:24:00,37.58,37.58,37.58,37.58,323.0,WSBC
2023-02-17 15:17:00,37.61,37.61,37.6,37.6,500.0,WSBC
2023-02-17 15:16:00,37.62,37.62,37.62,37.62,127.0,WSBC
2023-02-17 15:10:00,37.67,37.67,37.65,37.65,343.0,WSBC
2023-02-17 15:09:00,37.61,37.635,37.61,37.635,890.0,WSBC
2023-02-17 15:05:00,37.63,37.63,37.63,37.63,239.0,WSBC
2023-02-17 15:04:00,37.63,37.64,37.63,37.64,332.0,WSBC
2023-02-17 15:03:00,37.69,37.69,37.59,37.605,7666.0,WSBC
2023-02-17 15:01:00,37.71,37.71,37.71,37.71,434.0,WSBC
2023-02-17 14:58:00,37.72,37.72,37.72,37.72,119.0,WSBC
2023-02-17 14:53:00,37.65,37.71,37.65,37.71,200.0,WSBC
2023-02-17 14:52:00,37.66,37.68,37.66,37.68,446.0,WSBC
2023-02-17 14:50:00,37.63,37.63,37.63,37.63,455.0,WSBC
2023-02-17 14:47:00,37.6,37.61,37.6,37.61,637.0,WSBC
2023-02-17 14:42:00,37.58,37.58,37.58,37.58,280.0,WSBC
2023-02-17 14:41:00,37.585,37.585,37.585,37.585,100.0,WSBC
2023-02-17 14:40:00,37.61,37.61,37.61,37.61,102.0,WSBC
2023-02-17 14:37:00,37.58,37.58,37.58,37.58,264.0,WSBC
2023-02-17 14:36:00,37.58,37.58,37.56,37.58,837.0,WSBC
2023-02-17 14:32:00,37.5869,37.5869,37.5869,37.5869,249.0,WSBC
2023-02-17 14:29:00,37.61,37.61,37.61,37.61,199.0,WSBC
2023-02-17 14:26:00,37.61,37.61,37.61,37.61,104.0,WSBC
2023-02-17 14:24:00,37.5,37.55,37.5,37.55,682.0,WSBC
2023-02-17 14:22:00,37.51,37.52,37.51,37.52,430.0,WSBC
2023-02-17 14:20:00,37.485,37.485,37.485,37.485,235.0,WSBC
2023-02-17 14:18:00,37.485,37.485,37.485,37.485,105.0,WSBC
2023-02-17 14:15:00,37.5,37.5,37.49,37.49,925.0,WSBC
2023-02-17 14:14:00,37.52,37.54,37.52,37.54,390.0,WSBC
2023-02-17 14:11:00,37.54,37.54,37.54,37.54,101.0,WSBC
2023-02-17 14:10:00,37.51,37.51,37.5,37.5,440.0,WSBC
2023-02-17 14:07:00,37.52,37.535,37.52,37.535,383.0,WSBC
2023-02-17 14:03:00,37.49,37.49,37.49,37.49,118.0,WSBC
2023-02-17 14:02:00,37.4525,37.4525,37.4525,37.4525,100.0,WSBC
2023-02-17 14:01:00,37.47,37.47,37.47,37.47,371.0,WSBC
2023-02-17 13:58:00,37.44,37.44,37.44,37.44,245.0,WSBC
2023-02-17 13:56:00,37.45,37.45,37.45,37.45,423.0,WSBC
2023-02-17 13:52:00,37.445,37.46,37.445,37.46,675.0,WSBC
2023-02-17 13:51:00,37.47,37.476,37.4266,37.47,3147.0,WSBC
2023-02-17 13:49:00,37.49,37.49,37.49,37.49,108.0,WSBC
2023-02-17 13:47:00,37.51,37.51,37.5,37.5,547.0,WSBC
2023-02-17 13:27:00,37.49,37.49,37.49,37.49,361.0,WSBC
2023-02-17 13:23:00,37.554,37.554,37.554,37.554,158.0,WSBC
2023-02-17 13:19:00,37.5075,37.5075,37.5075,37.5075,140.0,WSBC
2023-02-17 13:10:00,37.47,37.47,37.47,37.47,304.0,WSBC
2023-02-17 13:08:00,37.44,37.44,37.44,37.44,270.0,WSBC
2023-02-17 13:06:00,37.49,37.49,37.49,37.49,656.0,WSBC
2023-02-17 13:02:00,37.47,37.47,37.47,37.47,353.0,WSBC
2023-02-17 12:53:00,37.525,37.525,37.46,37.46,1007.0,WSBC
2023-02-17 12:52:00,37.53,37.53,37.53,37.53,492.0,WSBC
2023-02-17 12:48:00,37.53,37.53,37.53,37.53,221.0,WSBC
2023-02-17 12:44:00,37.53,37.53,37.53,37.53,106.0,WSBC
2023-02-17 12:43:00,37.55,37.55,37.55,37.55,358.0,WSBC
2023-02-17 12:38:00,37.62,37.62,37.62,37.62,127.0,WSBC
2023-02-17 12:31:00,37.6,37.6,37.6,37.6,101.0,WSBC
2023-02-17 12:27:00,37.56,37.57,37.52,37.52,814.0,WSBC
2023-02-17 12:24:00,37.505,37.505,37.505,37.505,208.0,WSBC
2023-02-17 12:23:00,37.5,37.5,37.45,37.465,325.0,WSBC
2023-02-17 12:21:00,37.46,37.46,37.46,37.46,149.0,WSBC
2023-02-17 12:16:00,37.42,37.425,37.42,37.425,476.0,WSBC
2023-02-17 12:13:00,37.39,37.39,37.39,37.39,346.0,WSBC
2023-02-17 12:12:00,37.39,37.39,37.39,37.39,371.0,WSBC
2023-02-17 12:01:00,37.35,37.35,37.34,37.34,467.0,WSBC
2023-02-17 11:59:00,37.31,37.31,37.31,37.31,100.0,WSBC
2023-02-17 11:55:00,37.33,37.33,37.33,37.33,133.0,WSBC
2023-02-17 11:51:00,37.32,37.32,37.32,37.32,159.0,WSBC
2023-02-17 11:41:00,37.325,37.325,37.325,37.325,447.0,WSBC
2023-02-17 11:39:00,37.32,37.32,37.32,37.32,357.0,WSBC
2023-02-17 11:38:00,37.3,37.3,37.3,37.3,169.0,WSBC
2023-02-17 11:37:00,37.28,37.28,37.28,37.28,101.0,WSBC
2023-02-17 11:33:00,37.27,37.27,37.27,37.27,1007.0,WSBC
2023-02-17 11:26:00,37.27,37.29,37.27,37.29,201.0,WSBC
2023-02-17 11:23:00,37.28,37.28,37.28,37.28,195.0,WSBC
2023-02-17 11:20:00,37.27,37.27,37.27,37.27,110.0,WSBC
2023-02-17 11:12:00,37.3,37.3,37.3,37.3,267.0,WSBC
2023-02-17 11:10:00,37.28,37.28,37.275,37.275,493.0,WSBC
2023-02-17 11:07:00,37.29,37.29,37.26,37.26,203.0,WSBC
2023-02-17 11:06:00,37.3,37.3,37.3,37.3,164.0,WSBC
2023-02-17 11:01:00,37.28,37.28,37.28,37.28,233.0,WSBC
2023-02-17 10:57:00,37.31,37.31,37.28,37.28,363.0,WSBC
2023-02-17 10:54:00,37.3116,37.3116,37.3116,37.3116,385.0,WSBC
2023-02-17 10:51:00,37.34,37.34,37.34,37.34,213.0,WSBC
2023-02-17 10:50:00,37.345,37.345,37.345,37.345,190.0,WSBC
2023-02-17 10:48:00,37.345,37.345,37.345,37.345,220.0,WSBC
2023-02-17 10:47:00,37.34,37.34,37.33,37.33,374.0,WSBC
2023-02-17 10:44:00,37.38,37.38,37.38,37.38,547.0,WSBC
2023-02-17 10:42:00,37.41,37.41,37.41,37.41,242.0,WSBC
2023-02-17 10:39:00,37.42,37.42,37.42,37.42,176.0,WSBC
2023-02-17 10:36:00,37.5,37.5,37.5,37.5,368.0,WSBC
2023-02-17 10:33:00,37.45,37.465,37.45,37.45,948.0,WSBC
2023-02-17 10:32:00,37.415,37.45,37.415,37.45,380.0,WSBC
2023-02-17 10:30:00,37.4175,37.4175,37.4175,37.4175,126.0,WSBC
2023-02-17 10:25:00,37.46,37.46,37.46,37.46,129.0,WSBC
2023-02-17 10:24:00,37.43,37.43,37.43,37.43,472.0,WSBC
2023-02-17 10:23:00,37.43,37.43,37.43,37.43,369.0,WSBC
2023-02-17 10:22:00,37.405,37.41,37.4,37.4,2524.0,WSBC
2023-02-17 10:21:00,37.4,37.4,37.4,37.4,862.0,WSBC
2023-02-17 10:20:00,37.4,37.4,37.4,37.4,861.0,WSBC
2023-02-17 10:19:00,37.4,37.4,37.4,37.4,408.0,WSBC
2023-02-17 10:18:00,37.405,37.405,37.4,37.4,1000.0,WSBC
2023-02-17 10:17:00,37.4,37.4,37.4,37.4,442.0,WSBC
2023-02-17 10:16:00,37.405,37.405,37.405,37.405,2216.0,WSBC
2023-02-17 10:15:00,37.4,37.4,37.4,37.4,790.0,WSBC
2023-02-17 10:14:00,37.4,37.4,37.4,37.4,210.0,WSBC
2023-02-17 10:13:00,37.4,37.4,37.37,37.4,544.0,WSBC
2023-02-17 10:12:00,37.4,37.4,37.4,37.4,615.0,WSBC
2023-02-17 10:10:00,37.385,37.385,37.385,37.385,314.0,WSBC
2023-02-17 10:04:00,37.365,37.375,37.365,37.375,203.0,WSBC
2023-02-17 10:02:00,37.3,37.33,37.3,37.33,660.0,WSBC
2023-02-17 10:01:00,37.29,37.29,37.27,37.27,643.0,WSBC
2023-02-17 10:00:00,37.26,37.3,37.26,37.3,203.0,WSBC
2023-02-17 09:59:00,37.175,37.175,37.175,37.175,166.0,WSBC
2023-02-17 09:58:00,37.22,37.22,37.22,37.22,219.0,WSBC
2023-02-17 09:55:00,37.27,37.27,37.27,37.27,453.0,WSBC
2023-02-17 09:52:00,37.35,37.355,37.34,37.355,827.0,WSBC
2023-02-17 09:51:00,37.28,37.28,37.28,37.28,252.0,WSBC
2023-02-17 09:45:00,37.295,37.295,37.295,37.295,529.0,WSBC
2023-02-17 09:38:00,37.345,37.345,37.345,37.345,447.0,WSBC
2023-02-17 09:36:00,37.325,37.325,37.2,37.25,918.0,WSBC
2023-02-17 09:31:00,37.44,37.44,37.22,37.22,23422.0,WSBC
2023-02-17 09:30:00,37.37,37.44,37.37,37.44,999.0,WSBC
2023-02-17 09:29:00,37.3,37.34,37.25,37.3,1000.0,WSBC
2023-02-16 16:02:00,37.18,37.18,37.18,37.18,2982.0,WSBC
2023-02-16 16:01:00,37.18,37.18,37.18,37.18,1515.0,WSBC
2023-02-16 16:00:00,37.22,37.22,37.17,37.17,5683.0,WSBC
2023-02-16 15:59:00,37.19,37.19,37.19,37.19,645.0,WSBC
2023-02-16 15:58:00,37.17,37.21,37.17,37.2,1694.0,WSBC
2023-02-16 15:57:00,37.18,37.2,37.17,37.185,1995.0,WSBC
2023-02-16 15:56:00,37.26,37.28,37.22,37.22,3977.0,WSBC
2023-02-16 15:55:00,37.21,37.25,37.21,37.235,1376.0,WSBC
2023-02-16 15:54:00,37.21,37.21,37.185,37.185,1289.0,WSBC
2023-02-16 15:53:00,37.22,37.22,37.22,37.22,345.0,WSBC
2023-02-16 15:52:00,37.28,37.28,37.23,37.23,4172.0,WSBC
2023-02-16 15:51:00,37.26,37.295,37.26,37.295,1298.0,WSBC
2023-02-16 15:48:00,37.23,37.23,37.23,37.23,270.0,WSBC
2023-02-16 15:47:00,37.25,37.25,37.25,37.25,426.0,WSBC
2023-02-16 15:44:00,37.21,37.21,37.21,37.21,338.0,WSBC
2023-02-16 15:43:00,37.21,37.21,37.21,37.21,130.0,WSBC
2023-02-16 15:41:00,37.23,37.23,37.19,37.19,1059.0,WSBC
2023-02-16 15:37:00,37.21,37.26,37.21,37.255,924.0,WSBC
2023-02-16 15:36:00,37.2,37.2,37.2,37.2,431.0,WSBC
2023-02-16 15:33:00,37.15,37.15,37.14,37.14,371.0,WSBC
2023-02-16 15:31:00,37.19,37.19,37.19,37.19,111.0,WSBC
2023-02-16 15:30:00,37.18,37.18,37.18,37.18,127.0,WSBC
2023-02-16 15:29:00,37.18,37.18,37.18,37.18,333.0,WSBC
2023-02-16 15:28:00,37.24,37.24,37.23,37.23,570.0,WSBC
2023-02-16 15:27:00,37.24,37.26,37.24,37.26,326.0,WSBC
2023-02-16 15:26:00,37.23,37.23,37.23,37.23,140.0,WSBC
2023-02-16 15:21:00,37.22,37.22,37.2,37.2099,563.0,WSBC
2023-02-16 15:20:00,37.235,37.235,37.235,37.235,136.0,WSBC
2023-02-16 15:17:00,37.22,37.22,37.22,37.22,289.0,WSBC
2023-02-16 15:16:00,37.29,37.29,37.27,37.27,803.0,WSBC
2023-02-16 15:14:00,37.28,37.29,37.28,37.29,364.0,WSBC
2023-02-16 15:11:00,37.26,37.26,37.26,37.26,351.0,WSBC
2023-02-16 15:09:00,37.275,37.275,37.275,37.275,415.0,WSBC
2023-02-16 15:06:00,37.31,37.31,37.27,37.31,2062.0,WSBC
2023-02-16 15:04:00,37.35,37.35,37.35,37.35,105.0,WSBC
2023-02-16 14:57:00,37.35,37.35,37.35,37.35,207.0,WSBC
2023-02-16 14:56:00,37.34,37.34,37.34,37.34,240.0,WSBC
2023-02-16 14:50:00,37.34,37.34,37.34,37.34,178.0,WSBC
2023-02-16 14:41:00,37.35,37.35,37.33,37.33,880.0,WSBC
2023-02-16 14:39:00,37.37,37.37,37.37,37.37,102.0,WSBC
2023-02-16 14:26:00,37.34,37.34,37.34,37.34,308.0,WSBC
2023-02-16 14:21:00,37.29,37.29,37.29,37.29,385.0,WSBC
2023-02-16 14:20:00,37.32,37.32,37.315,37.315,224.0,WSBC
2023-02-16 14:19:00,37.305,37.32,37.305,37.32,554.0,WSBC
2023-02-16 14:14:00,37.275,37.275,37.275,37.275,131.0,WSBC
2023-02-16 14:13:00,37.275,37.275,37.275,37.275,100.0,WSBC
2023-02-16 14:02:00,37.25,37.25,37.25,37.25,420.0,WSBC
2023-02-16 13:54:00,37.25,37.25,37.25,37.25,112.0,WSBC
2023-02-16 13:49:00,37.235,37.235,37.235,37.235,100.0,WSBC
2023-02-16 13:45:00,37.235,37.235,37.235,37.235,115.0,WSBC
2023-02-16 13:41:00,37.245,37.245,37.245,37.245,108.0,WSBC
2023-02-16 13:36:00,37.21,37.24,37.21,37.24,572.0,WSBC
2023-02-16 13:33:00,37.18,37.18,37.18,37.18,870.0,WSBC
2023-02-16 13:32:00,37.16,37.16,37.16,37.16,201.0,WSBC
2023-02-16 13:29:00,37.18,37.18,37.18,37.18,1027.0,WSBC
2023-02-16 13:19:00,37.18,37.18,37.18,37.18,104.0,WSBC
2023-02-16 13:17:00,37.18,37.23,37.18,37.23,811.0,WSBC
2023-02-16 13:16:00,37.17,37.17,37.17,37.17,688.0,WSBC
2023-02-16 12:56:00,37.21,37.21,37.21,37.21,211.0,WSBC
2023-02-16 12:51:00,37.24,37.24,37.21,37.22,634.0,WSBC
2023-02-16 12:47:00,37.27,37.27,37.27,37.27,100.0,WSBC
2023-02-16 12:46:00,37.27,37.27,37.27,37.27,102.0,WSBC
2023-02-16 12:41:00,37.245,37.245,37.245,37.245,254.0,WSBC
2023-02-16 12:40:00,37.21,37.25,37.21,37.225,542.0,WSBC
2023-02-16 12:38:00,37.21,37.21,37.21,37.21,105.0,WSBC
2023-02-16 12:35:00,37.2,37.2,37.185,37.185,419.0,WSBC
2023-02-16 12:32:00,37.18,37.18,37.18,37.18,100.0,WSBC
2023-02-16 12:26:00,37.175,37.175,37.175,37.175,103.0,WSBC
2023-02-16 12:23:00,37.17,37.17,37.17,37.17,115.0,WSBC
2023-02-16 12:20:00,37.13,37.13,37.13,37.13,167.0,WSBC
2023-02-16 12:17:00,37.17,37.17,37.17,37.17,437.0,WSBC
2023-02-16 12:15:00,37.2199,37.2199,37.2199,37.2199,173.0,WSBC
2023-02-16 12:14:00,37.195,37.195,37.195,37.195,100.0,WSBC
2023-02-16 12:11:00,37.17,37.17,37.17,37.17,268.0,WSBC
2023-02-16 12:10:00,37.15,37.15,37.15,37.15,269.0,WSBC
2023-02-16 12:07:00,37.11,37.13,37.11,37.13,391.0,WSBC
2023-02-16 11:57:00,37.12,37.12,37.12,37.12,374.0,WSBC
2023-02-16 11:56:00,37.11,37.113,37.11,37.113,532.0,WSBC
2023-02-16 11:54:00,37.13,37.13,37.13,37.13,663.0,WSBC
2023-02-16 11:50:00,37.13,37.15,37.13,37.15,417.0,WSBC
2023-02-16 11:36:00,37.09,37.09,37.09,37.09,297.0,WSBC
2023-02-16 11:34:00,37.12,37.12,37.12,37.12,148.0,WSBC
2023-02-16 11:32:00,37.12,37.12,37.12,37.12,119.0,WSBC
2023-02-16 11:30:00,37.1,37.125,37.1,37.125,327.0,WSBC
2023-02-16 11:28:00,37.1,37.11,37.1,37.11,565.0,WSBC
2023-02-16 11:23:00,37.08,37.08,37.08,37.08,130.0,WSBC
2023-02-16 11:22:00,37.06,37.07,37.06,37.07,365.0,WSBC
2023-02-16 11:09:00,37.06,37.06,37.06,37.06,602.0,WSBC
2023-02-16 11:08:00,37.11,37.11,37.11,37.11,303.0,WSBC
2023-02-16 11:06:00,37.13,37.13,37.13,37.13,178.0,WSBC
2023-02-16 11:05:00,37.175,37.18,37.175,37.18,641.0,WSBC
2023-02-16 11:02:00,37.1,37.12,37.1,37.12,242.0,WSBC
2023-02-16 10:56:00,37.04,37.04,37.0,37.03,1321.0,WSBC
2023-02-16 10:51:00,37.12,37.14,37.1,37.14,1138.0,WSBC
2023-02-16 10:49:00,37.05,37.06,37.05,37.06,287.0,WSBC
2023-02-16 10:48:00,37.025,37.025,37.025,37.025,113.0,WSBC
2023-02-16 10:44:00,37.09,37.12,37.03,37.03,1356.0,WSBC
2023-02-16 10:21:00,37.12,37.12,37.12,37.12,209.0,WSBC
2023-02-16 10:19:00,37.185,37.185,37.185,37.185,250.0,WSBC
2023-02-16 10:18:00,37.17,37.17,37.17,37.17,341.0,WSBC
2023-02-16 10:15:00,37.12,37.12,37.12,37.12,101.0,WSBC
2023-02-16 10:05:00,37.249,37.249,37.249,37.249,100.0,WSBC
2023-02-16 09:59:00,37.21,37.21,37.09,37.09,294.0,WSBC
2023-02-16 09:57:00,37.1,37.105,37.1,37.105,303.0,WSBC
2023-02-16 09:56:00,37.19,37.19,37.12,37.12,408.0,WSBC
2023-02-16 09:53:00,37.422,37.422,37.422,37.422,198.0,WSBC
2023-02-16 09:49:00,37.25,37.25,37.25,37.25,512.0,WSBC
2023-02-16 09:38:00,37.045,37.14,37.045,37.14,502.0,WSBC
2023-02-16 09:37:00,37.03,37.03,37.03,37.03,545.0,WSBC
2023-02-16 09:36:00,37.15,37.15,37.04,37.04,650.0,WSBC
2023-02-16 09:35:00,37.17,37.17,37.17,37.17,103.0,WSBC
2023-02-16 09:34:00,37.05,37.755,37.05,37.755,261.0,WSBC
2023-02-16 09:33:00,37.08,37.08,37.08,37.08,141.0,WSBC
2023-02-16 09:31:00,37.22,37.85,37.22,37.85,1604.0,WSBC
2023-02-15 16:03:00,37.54,37.54,37.54,37.54,876.0,WSBC
2023-02-15 16:02:00,37.54,37.54,37.54,37.54,321.0,WSBC
2023-02-15 16:01:00,37.54,37.54,37.54,37.54,3538.0,WSBC
2023-02-15 16:00:00,37.52,37.52,37.52,37.52,1852.0,WSBC
2023-02-15 15:59:00,37.53,37.53,37.51,37.51,1084.0,WSBC
2023-02-15 15:57:00,37.49,37.49,37.49,37.49,596.0,WSBC
2023-02-15 15:56:00,37.47,37.47,37.45,37.47,1126.0,WSBC
2023-02-15 15:54:00,37.48,37.48,37.48,37.48,168.0,WSBC
2023-02-15 15:53:00,37.5,37.5,37.49,37.495,753.0,WSBC
2023-02-15 15:52:00,37.5,37.5,37.5,37.5,426.0,WSBC
2023-02-15 15:51:00,37.53,37.53,37.51,37.515,863.0,WSBC
2023-02-15 15:50:00,37.5,37.52,37.5,37.52,981.0,WSBC
2023-02-15 15:49:00,37.5,37.5,37.5,37.5,163.0,WSBC
2023-02-15 15:48:00,37.51,37.51,37.51,37.51,109.0,WSBC
2023-02-15 15:47:00,37.48,37.48,37.48,37.48,566.0,WSBC
2023-02-15 15:46:00,37.46,37.48,37.46,37.47,433.0,WSBC
2023-02-15 15:43:00,37.485,37.485,37.4575,37.47,2702.0,WSBC
2023-02-15 15:40:00,37.465,37.48,37.465,37.48,380.0,WSBC
2023-02-15 15:39:00,37.45,37.455,37.45,37.455,402.0,WSBC
2023-02-15 15:38:00,37.46,37.46,37.46,37.46,639.0,WSBC
2023-02-15 15:31:00,37.49,37.49,37.47,37.47,812.0,WSBC
2023-02-15 15:29:00,37.5,37.5,37.5,37.5,304.0,WSBC
2023-02-15 15:24:00,37.485,37.485,37.485,37.485,299.0,WSBC
2023-02-15 15:22:00,37.48,37.49,37.48,37.49,733.0,WSBC
2023-02-15 15:20:00,37.49,37.49,37.46,37.46,612.0,WSBC
2023-02-15 15:18:00,37.51,37.51,37.51,37.51,102.0,WSBC
2023-02-15 15:15:00,37.505,37.505,37.49,37.49,322.0,WSBC
2023-02-15 15:11:00,37.53,37.54,37.53,37.54,324.0,WSBC
2023-02-15 15:07:00,37.55,37.55,37.55,37.55,126.0,WSBC
2023-02-15 15:06:00,37.55,37.55,37.55,37.55,161.0,WSBC
2023-02-15 15:04:00,37.49,37.51,37.49,37.51,717.0,WSBC
2023-02-15 15:02:00,37.5,37.5,37.5,37.5,485.0,WSBC
2023-02-15 15:01:00,37.48,37.52,37.48,37.52,555.0,WSBC
2023-02-15 14:59:00,37.4545,37.4545,37.4545,37.4545,176.0,WSBC
2023-02-15 14:47:00,37.48,37.49,37.48,37.49,522.0,WSBC
2023-02-15 14:43:00,37.49,37.49,37.49,37.49,240.0,WSBC
2023-02-15 14:31:00,37.51,37.51,37.51,37.51,548.0,WSBC
2023-02-15 14:30:00,37.49,37.52,37.49,37.52,942.0,WSBC
2023-02-15 14:27:00,37.475,37.475,37.475,37.475,122.0,WSBC
2023-02-15 14:22:00,37.47,37.47,37.47,37.47,230.0,WSBC
2023-02-15 14:20:00,37.47,37.47,37.47,37.47,248.0,WSBC
2023-02-15 14:15:00,37.5,37.5,37.5,37.5,232.0,WSBC
2023-02-15 14:01:00,37.49,37.49,37.485,37.485,220.0,WSBC
2023-02-15 13:58:00,37.48,37.48,37.47,37.47,334.0,WSBC
2023-02-15 13:55:00,37.46,37.46,37.46,37.46,740.0,WSBC
2023-02-15 13:54:00,37.46,37.46,37.46,37.46,371.0,WSBC
2023-02-15 13:53:00,37.418,37.45,37.418,37.45,319.0,WSBC
2023-02-15 13:44:00,37.38,37.38,37.38,37.38,391.0,WSBC
2023-02-15 13:31:00,37.345,37.345,37.34,37.34,743.0,WSBC
2023-02-15 13:29:00,37.33,37.33,37.33,37.33,206.0,WSBC
2023-02-15 13:22:00,37.31,37.31,37.31,37.31,216.0,WSBC
2023-02-15 13:20:00,37.285,37.285,37.285,37.285,359.0,WSBC
2023-02-15 13:10:00,37.28,37.28,37.28,37.28,295.0,WSBC
2023-02-15 13:09:00,37.29,37.29,37.29,37.29,502.0,WSBC
2023-02-15 13:08:00,37.25,37.25,37.25,37.25,112.0,WSBC
2023-02-15 13:05:00,37.26,37.26,37.26,37.26,467.0,WSBC
2023-02-15 13:04:00,37.28,37.28,37.28,37.28,118.0,WSBC
2023-02-15 12:55:00,37.28,37.295,37.28,37.295,446.0,WSBC
2023-02-15 12:51:00,37.26,37.26,37.26,37.26,100.0,WSBC
2023-02-15 12:41:00,37.26,37.26,37.24,37.24,704.0,WSBC
2023-02-15 12:40:00,37.24,37.24,37.23,37.23,335.0,WSBC
2023-02-15 12:35:00,37.25,37.25,37.25,37.25,100.0,WSBC
2023-02-15 12:30:00,37.28,37.28,37.28,37.28,138.0,WSBC
2023-02-15 12:29:00,37.3,37.3,37.28,37.28,286.0,WSBC
2023-02-15 12:22:00,37.32,37.32,37.32,37.32,223.0,WSBC
2023-02-15 12:21:00,37.29,37.29,37.28,37.28,451.0,WSBC
2023-02-15 12:07:00,37.37,37.37,37.37,37.37,475.0,WSBC
2023-02-15 11:38:00,37.43,37.44,37.43,37.44,377.0,WSBC
2023-02-15 11:37:00,37.41,37.42,37.41,37.42,994.0,WSBC
2023-02-15 11:36:00,37.37,37.37,37.37,37.37,2426.0,WSBC
2023-02-15 11:32:00,37.42,37.42,37.4,37.405,756.0,WSBC
2023-02-15 11:31:00,37.44,37.44,37.44,37.44,236.0,WSBC
2023-02-15 11:21:00,37.43,37.43,37.41,37.41,255.0,WSBC
2023-02-15 11:16:00,37.42,37.42,37.42,37.42,225.0,WSBC
2023-02-15 11:14:00,37.41,37.41,37.37,37.37,528.0,WSBC
2023-02-15 11:07:00,37.428,37.428,37.428,37.428,417.0,WSBC
2023-02-15 10:50:00,37.185,37.185,37.185,37.185,156.0,WSBC
2023-02-15 10:40:00,37.2,37.2,37.2,37.2,390.0,WSBC
2023-02-15 10:38:00,37.21,37.21,37.17,37.17,236.0,WSBC
2023-02-15 10:19:00,37.14,37.14,37.14,37.14,265.0,WSBC
2023-02-15 10:18:00,37.11,37.11,37.1,37.1,432.0,WSBC
2023-02-15 10:13:00,37.06,37.06,37.06,37.06,590.0,WSBC
2023-02-15 10:09:00,37.05,37.05,37.05,37.05,544.0,WSBC
2023-02-15 10:07:00,37.08,37.08,37.08,37.08,301.0,WSBC
2023-02-15 10:05:00,37.135,37.135,37.135,37.135,110.0,WSBC
2023-02-15 10:01:00,37.01,37.01,37.01,37.01,177.0,WSBC
2023-02-15 09:57:00,37.0,37.06,37.0,37.06,357.0,WSBC
2023-02-15 09:56:00,36.98,36.98,36.92,36.92,209.0,WSBC
2023-02-15 09:54:00,36.89,36.91,36.86,36.86,1162.0,WSBC
2023-02-15 09:43:00,37.01,37.01,37.01,37.01,416.0,WSBC
2023-02-15 09:39:00,36.87,36.87,36.87,36.87,127.0,WSBC
2023-02-15 09:36:00,36.79,36.975,36.79,36.975,241.0,WSBC
2023-02-15 09:35:00,36.81,36.82,36.81,36.82,206.0,WSBC
2023-02-15 09:31:00,36.9,36.9,36.9,36.9,656.0,WSBC
2023-02-14 16:03:00,37.25,37.25,37.25,37.25,2422.0,WSBC
2023-02-14 16:02:00,37.25,37.25,37.25,37.25,1235.0,WSBC
2023-02-14 16:01:00,37.25,37.25,37.25,37.25,283.0,WSBC
2023-02-14 16:00:00,37.29,37.29,37.23,37.25,3912.0,WSBC
2023-02-14 15:59:00,37.29,37.29,37.29,37.29,395.0,WSBC
2023-02-14 15:58:00,37.31,37.31,37.31,37.31,723.0,WSBC
2023-02-14 15:57:00,37.33,37.33,37.31,37.31,1381.0,WSBC
2023-02-14 15:56:00,37.33,37.33,37.33,37.33,639.0,WSBC
2023-02-14 15:55:00,37.34,37.34,37.34,37.34,362.0,WSBC
2023-02-14 15:54:00,37.294,37.31,37.294,37.31,828.0,WSBC
2023-02-14 15:53:00,37.31,37.31,37.28,37.28,870.0,WSBC
2023-02-14 15:51:00,37.32,37.32,37.32,37.32,754.0,WSBC
2023-02-14 15:50:00,37.3486,37.3486,37.3486,37.3486,143.0,WSBC
2023-02-14 15:49:00,37.34,37.34,37.34,37.34,478.0,WSBC
2023-02-14 15:46:00,37.35,37.35,37.33,37.33,537.0,WSBC
2023-02-14 15:45:00,37.35,37.355,37.342,37.342,652.0,WSBC
2023-02-14 15:40:00,37.34,37.34,37.33,37.33,545.0,WSBC
2023-02-14 15:25:00,37.36,37.36,37.36,37.36,110.0,WSBC
2023-02-14 15:18:00,37.3492,37.3492,37.3492,37.3492,235.0,WSBC
2023-02-14 15:14:00,37.36,37.36,37.36,37.36,477.0,WSBC
2023-02-14 15:07:00,37.37,37.37,37.36,37.36,386.0,WSBC
2023-02-14 15:06:00,37.42,37.42,37.42,37.42,118.0,WSBC
2023-02-14 15:02:00,37.4,37.4,37.4,37.4,573.0,WSBC
2023-02-14 14:47:00,37.4,37.4,37.38,37.38,538.0,WSBC
2023-02-14 14:32:00,37.38,37.38,37.38,37.38,233.0,WSBC
2023-02-14 14:29:00,37.37,37.37,37.37,37.37,265.0,WSBC
2023-02-14 14:28:00,37.36,37.36,37.36,37.36,326.0,WSBC
2023-02-14 14:27:00,37.38,37.38,37.35,37.35,371.0,WSBC
2023-02-14 14:26:00,37.4,37.4,37.4,37.4,516.0,WSBC
2023-02-14 14:24:00,37.4,37.4,37.4,37.4,817.0,WSBC
2023-02-14 14:23:00,37.34,37.35,37.34,37.35,829.0,WSBC
2023-02-14 14:22:00,37.34,37.35,37.34,37.35,639.0,WSBC
2023-02-14 14:19:00,37.33,37.33,37.32,37.32,347.0,WSBC
2023-02-14 14:17:00,37.29,37.31,37.29,37.31,314.0,WSBC
2023-02-14 14:12:00,37.3,37.3,37.27,37.2766,4662.0,WSBC
2023-02-14 14:08:00,37.31,37.31,37.28,37.28,553.0,WSBC
2023-02-14 14:06:00,37.33,37.33,37.33,37.33,207.0,WSBC
2023-02-14 14:05:00,37.4,37.4,37.4,37.4,173.0,WSBC
2023-02-14 14:04:00,37.4,37.41,37.4,37.41,688.0,WSBC
2023-02-14 14:01:00,37.38,37.38,37.38,37.38,114.0,WSBC
2023-02-14 14:00:00,37.395,37.395,37.36,37.38,1300.0,WSBC
2023-02-14 13:58:00,37.39,37.39,37.39,37.39,397.0,WSBC
2023-02-14 13:57:00,37.385,37.385,37.385,37.385,105.0,WSBC
2023-02-14 13:56:00,37.38,37.38,37.38,37.38,111.0,WSBC
2023-02-14 13:45:00,37.36,37.36,37.36,37.36,110.0,WSBC
2023-02-14 13:43:00,37.365,37.365,37.365,37.365,210.0,WSBC
2023-02-14 13:38:00,37.38,37.38,37.38,37.38,137.0,WSBC
2023-02-14 13:35:00,37.4,37.4,37.4,37.4,524.0,WSBC
2023-02-14 13:34:00,37.385,37.385,37.36,37.36,827.0,WSBC
2023-02-14 13:29:00,37.375,37.375,37.375,37.375,113.0,WSBC
2023-02-14 13:28:00,37.35,37.395,37.35,37.375,651.0,WSBC
2023-02-14 13:27:00,37.4,37.4,37.4,37.4,103.0,WSBC
2023-02-14 13:26:00,37.4,37.4,37.4,37.4,200.0,WSBC
2023-02-14 13:25:00,37.4,37.4,37.4,37.4,246.0,WSBC
2023-02-14 13:23:00,37.4,37.4,37.4,37.4,101.0,WSBC
2023-02-14 13:22:00,37.37,37.375,37.37,37.375,200.0,WSBC
2023-02-14 13:21:00,37.35,37.35,37.35,37.35,115.0,WSBC
2023-02-14 13:19:00,37.36,37.36,37.36,37.36,225.0,WSBC
2023-02-14 13:15:00,37.29,37.29,37.29,37.29,549.0,WSBC
2023-02-14 13:12:00,37.265,37.265,37.265,37.265,390.0,WSBC
2023-02-14 13:06:00,37.32,37.32,37.32,37.32,181.0,WSBC
2023-02-14 13:03:00,37.33,37.34,37.33,37.34,408.0,WSBC
2023-02-14 13:01:00,37.25,37.25,37.25,37.25,455.0,WSBC
2023-02-14 12:58:00,37.23,37.23,37.23,37.23,446.0,WSBC
2023-02-14 12:56:00,37.21,37.22,37.21,37.22,243.0,WSBC
2023-02-14 12:55:00,37.15,37.15,37.15,37.15,102.0,WSBC
2023-02-14 12:51:00,37.15,37.15,37.15,37.15,213.0,WSBC
2023-02-14 12:41:00,37.23,37.23,37.23,37.23,200.0,WSBC
2023-02-14 12:37:00,37.22,37.22,37.22,37.22,186.0,WSBC
2023-02-14 12:35:00,37.26,37.26,37.26,37.26,107.0,WSBC
2023-02-14 12:34:00,37.26,37.3,37.26,37.3,481.0,WSBC
2023-02-14 12:28:00,37.22,37.22,37.22,37.22,164.0,WSBC
2023-02-14 12:22:00,37.16,37.16,37.16,37.16,1117.0,WSBC
2023-02-14 12:19:00,37.14,37.14,37.14,37.14,327.0,WSBC
2023-02-14 12:12:00,37.0801,37.0801,37.0801,37.0801,276.0,WSBC
2023-02-14 12:11:00,37.12,37.13,37.12,37.13,395.0,WSBC
2023-02-14 12:02:00,37.1,37.1,37.07,37.07,549.0,WSBC
2023-02-14 12:00:00,37.07,37.07,37.07,37.07,218.0,WSBC
2023-02-14 11:55:00,37.03,37.06,37.03,37.06,545.0,WSBC
2023-02-14 11:54:00,37.01,37.01,37.01,37.01,462.0,WSBC
2023-02-14 11:42:00,37.08,37.08,37.08,37.08,215.0,WSBC
2023-02-14 11:41:00,37.04,37.04,37.04,37.04,280.0,WSBC
2023-02-14 11:27:00,37.3,37.3,37.24,37.24,1368.0,WSBC
2023-02-14 11:13:00,37.29,37.29,37.29,37.29,271.0,WSBC
2023-02-14 11:10:00,37.24,37.24,37.24,37.24,133.0,WSBC
2023-02-14 11:08:00,37.19,37.19,37.19,37.19,108.0,WSBC
2023-02-14 11:06:00,37.19,37.19,37.19,37.19,273.0,WSBC
2023-02-14 11:02:00,37.17,37.17,37.17,37.17,244.0,WSBC
2023-02-14 11:01:00,37.0416,37.16,37.0416,37.16,1563.0,WSBC
2023-02-14 10:55:00,37.09,37.09,37.09,37.09,247.0,WSBC
2023-02-14 10:46:00,37.17,37.17,37.17,37.17,653.0,WSBC
2023-02-14 10:41:00,37.2,37.2,37.2,37.2,104.0,WSBC
2023-02-14 10:33:00,37.4,37.4,37.4,37.4,100.0,WSBC
2023-02-14 10:32:00,37.4,37.4,37.4,37.4,100.0,WSBC
2023-02-14 10:24:00,37.53,37.53,37.53,37.53,313.0,WSBC
2023-02-14 10:19:00,37.63,37.63,37.63,37.63,375.0,WSBC
2023-02-14 10:12:00,37.56,37.585,37.56,37.585,851.0,WSBC
2023-02-14 10:03:00,37.56,37.56,37.56,37.56,1298.0,WSBC
2023-02-14 09:58:00,37.56,37.56,37.56,37.56,243.0,WSBC
2023-02-14 09:57:00,37.52,37.52,37.52,37.52,117.0,WSBC
2023-02-14 09:56:00,37.52,37.52,37.52,37.52,1359.0,WSBC
2023-02-14 09:55:00,37.402,37.402,37.402,37.402,100.0,WSBC
2023-02-14 09:39:00,37.35,37.35,37.35,37.35,159.0,WSBC
2023-02-14 09:35:00,37.49,37.49,37.49,37.49,339.0,WSBC
2023-02-14 09:33:00,37.51,37.51,37.51,37.51,140.0,WSBC
2023-02-14 09:31:00,37.55,37.64,37.45,37.59,978.0,WSBC
2023-02-13 16:09:00,37.6545,37.6545,37.6545,37.6545,114.0,WSBC
2023-02-13 16:02:00,37.65,37.65,37.65,37.65,3342.0,WSBC
2023-02-13 16:01:00,37.65,37.65,37.65,37.65,1776.0,WSBC
2023-02-13 16:00:00,37.66,37.67,37.61,37.64,5499.0,WSBC
2023-02-13 15:59:00,37.64,37.65,37.64,37.65,963.0,WSBC
2023-02-13 15:58:00,37.61,37.64,37.61,37.625,443.0,WSBC
2023-02-13 15:57:00,37.6,37.63,37.6,37.61,1539.0,WSBC
2023-02-13 15:56:00,37.59,37.6,37.59,37.6,1033.0,WSBC
2023-02-13 15:53:00,37.62,37.62,37.62,37.62,227.0,WSBC
2023-02-13 15:52:00,37.58,37.59,37.58,37.59,670.0,WSBC
2023-02-13 15:51:00,37.6,37.6,37.6,37.6,460.0,WSBC
2023-02-13 15:50:00,37.58,37.59,37.58,37.59,527.0,WSBC
2023-02-13 15:49:00,37.58,37.58,37.56,37.56,1717.0,WSBC
2023-02-13 15:48:00,37.56,37.56,37.56,37.56,324.0,WSBC
2023-02-13 15:47:00,37.57,37.57,37.57,37.57,479.0,WSBC
2023-02-13 15:46:00,37.56,37.58,37.56,37.58,308.0,WSBC
2023-02-13 15:43:00,37.56,37.56,37.56,37.56,239.0,WSBC
2023-02-13 15:40:00,37.5677,37.5677,37.5677,37.5677,242.0,WSBC
2023-02-13 15:38:00,37.58,37.58,37.58,37.58,258.0,WSBC
2023-02-13 15:30:00,37.54,37.54,37.54,37.54,255.0,WSBC
2023-02-13 15:29:00,37.55,37.55,37.55,37.55,206.0,WSBC
2023-02-13 15:21:00,37.555,37.555,37.555,37.555,105.0,WSBC
2023-02-13 15:19:00,37.545,37.545,37.545,37.545,102.0,WSBC
2023-02-13 15:14:00,37.533,37.533,37.533,37.533,172.0,WSBC
2023-02-13 15:06:00,37.5,37.5,37.5,37.5,349.0,WSBC
2023-02-13 15:04:00,37.5,37.5,37.5,37.5,265.0,WSBC
2023-02-13 15:02:00,37.5,37.5,37.5,37.5,564.0,WSBC
2023-02-13 15:01:00,37.49,37.525,37.49,37.525,377.0,WSBC
2023-02-13 14:58:00,37.48,37.48,37.48,37.48,544.0,WSBC
2023-02-13 14:57:00,37.47,37.47,37.47,37.47,186.0,WSBC
2023-02-13 14:51:00,37.47,37.47,37.47,37.47,340.0,WSBC
2023-02-13 14:49:00,37.48,37.48,37.48,37.48,400.0,WSBC
2023-02-13 14:46:00,37.48,37.49,37.48,37.49,686.0,WSBC
2023-02-13 14:44:00,37.465,37.465,37.465,37.465,141.0,WSBC
2023-02-13 14:43:00,37.465,37.465,37.465,37.465,1037.0,WSBC
2023-02-13 14:42:00,37.48,37.48,37.48,37.48,122.0,WSBC
2023-02-13 14:36:00,37.4358,37.4358,37.4358,37.4358,324.0,WSBC
2023-02-13 14:35:00,37.47,37.47,37.46,37.46,249.0,WSBC
2023-02-13 14:30:00,37.49,37.49,37.49,37.49,329.0,WSBC
2023-02-13 14:26:00,37.51,37.51,37.51,37.51,396.0,WSBC
2023-02-13 14:23:00,37.525,37.525,37.525,37.525,101.0,WSBC
2023-02-13 14:21:00,37.525,37.525,37.525,37.525,100.0,WSBC
2023-02-13 14:19:00,37.53,37.54,37.52,37.52,894.0,WSBC
2023-02-13 14:18:00,37.54,37.54,37.54,37.54,556.0,WSBC
2023-02-13 14:05:00,37.55,37.55,37.55,37.55,151.0,WSBC
2023-02-13 14:03:00,37.57,37.57,37.57,37.57,300.0,WSBC
2023-02-13 14:02:00,37.6,37.6,37.6,37.6,495.0,WSBC
2023-02-13 13:51:00,37.6,37.6,37.59,37.59,614.0,WSBC
2023-02-13 13:49:00,37.6,37.64,37.6,37.64,469.0,WSBC
2023-02-13 13:48:00,37.59,37.59,37.59,37.59,130.0,WSBC
2023-02-13 13:47:00,37.586,37.586,37.586,37.586,100.0,WSBC
2023-02-13 13:38:00,37.5,37.5,37.5,37.5,611.0,WSBC
2023-02-13 13:32:00,37.49,37.49,37.49,37.49,124.0,WSBC
2023-02-13 13:31:00,37.49,37.49,37.49,37.49,218.0,WSBC
2023-02-13 13:28:00,37.51,37.51,37.51,37.51,613.0,WSBC
2023-02-13 13:27:00,37.48,37.48,37.47,37.48,470.0,WSBC
2023-02-13 13:25:00,37.48,37.48,37.48,37.48,339.0,WSBC
2023-02-13 13:16:00,37.48,37.48,37.48,37.48,202.0,WSBC
2023-02-13 13:09:00,37.45,37.45,37.45,37.45,223.0,WSBC
2023-02-13 13:06:00,37.45,37.45,37.45,37.45,631.0,WSBC
2023-02-13 13:03:00,37.47,37.515,37.47,37.515,1271.0,WSBC
2023-02-13 13:02:00,37.445,37.445,37.445,37.445,187.0,WSBC
2023-02-13 13:01:00,37.47,37.47,37.47,37.47,150.0,WSBC
2023-02-13 12:52:00,37.46,37.46,37.46,37.46,142.0,WSBC
2023-02-13 12:50:00,37.5,37.5,37.5,37.5,100.0,WSBC
2023-02-13 12:47:00,37.5,37.5,37.5,37.5,174.0,WSBC
2023-02-13 12:46:00,37.4,37.44,37.4,37.44,947.0,WSBC
2023-02-13 12:38:00,37.42,37.42,37.42,37.42,266.0,WSBC
2023-02-13 12:34:00,37.44,37.44,37.44,37.44,114.0,WSBC
2023-02-13 12:29:00,37.44,37.44,37.44,37.44,100.0,WSBC
2023-02-13 12:28:00,37.483,37.483,37.483,37.483,102.0,WSBC
2023-02-13 12:27:00,37.49,37.49,37.49,37.49,105.0,WSBC
2023-02-13 12:22:00,37.4658,37.4658,37.4658,37.4658,162.0,WSBC
2023-02-13 12:20:00,37.49,37.49,37.49,37.49,673.0,WSBC
2023-02-13 12:07:00,37.505,37.505,37.505,37.505,291.0,WSBC
2023-02-13 11:44:00,37.51,37.51,37.51,37.51,461.0,WSBC
2023-02-13 11:35:00,37.48,37.48,37.48,37.48,241.0,WSBC
2023-02-13 11:33:00,37.515,37.515,37.5,37.51,766.0,WSBC
2023-02-13 11:29:00,37.55,37.555,37.53,37.555,571.0,WSBC
2023-02-13 11:24:00,37.58,37.58,37.58,37.58,109.0,WSBC
2023-02-13 11:18:00,37.53,37.53,37.53,37.53,152.0,WSBC
2023-02-13 11:12:00,37.5553,37.59,37.5553,37.575,1252.0,WSBC
2023-02-13 11:08:00,37.55,37.55,37.55,37.55,115.0,WSBC
2023-02-13 10:59:00,37.52,37.52,37.52,37.52,100.0,WSBC
2023-02-13 10:58:00,37.51,37.51,37.51,37.51,173.0,WSBC
2023-02-13 10:55:00,37.48,37.5,37.48,37.5,447.0,WSBC
2023-02-13 10:54:00,37.55,37.55,37.55,37.55,266.0,WSBC
2023-02-13 10:53:00,37.54,37.54,37.54,37.54,112.0,WSBC
2023-02-13 10:40:00,37.532,37.532,37.532,37.532,100.0,WSBC
2023-02-13 10:39:00,37.49,37.495,37.49,37.495,901.0,WSBC
2023-02-13 10:21:00,37.455,37.455,37.455,37.455,110.0,WSBC
2023-02-13 10:05:00,37.46,37.49,37.46,37.49,323.0,WSBC
2023-02-13 09:57:00,37.36,37.36,37.355,37.355,212.0,WSBC
2023-02-13 09:55:00,37.4126,37.4126,37.4126,37.4126,141.0,WSBC
2023-02-13 09:53:00,37.31,37.32,37.31,37.32,282.0,WSBC
2023-02-13 09:33:00,37.265,37.265,37.265,37.265,100.0,WSBC
2023-02-13 09:32:00,36.8401,36.8401,36.8401,36.8401,267.0,WSBC
2023-02-13 09:31:00,37.25,37.25,36.7701,36.7701,1070.0,WSBC
