date,1. open,2. high,3. low,4. close,5. volume,Ticker
2023-05-19 16:00:00,6.49,6.49,6.49,6.49,103.0,XFLT
2023-05-19 15:58:00,6.48,6.48,6.48,6.48,175.0,XFLT
2023-05-19 15:57:00,6.48,6.48,6.47,6.47,13134.0,XFLT
2023-05-19 15:53:00,6.4901,6.4902,6.48,6.48,5236.0,XFLT
2023-05-19 15:51:00,6.49,6.5,6.49,6.4908,3055.0,XFLT
2023-05-19 15:43:00,6.49,6.49,6.485,6.485,509.0,XFLT
2023-05-19 15:42:00,6.485,6.485,6.485,6.485,250.0,XFLT
2023-05-19 15:41:00,6.485,6.4899,6.485,6.4899,430.0,XFLT
2023-05-19 15:40:00,6.48,6.48,6.47,6.48,15175.0,XFLT
2023-05-19 15:38:00,6.49,6.49,6.48,6.48,4769.0,XFLT
2023-05-19 15:32:00,6.485,6.49,6.485,6.49,1866.0,XFLT
2023-05-19 15:31:00,6.485,6.485,6.485,6.485,345.0,XFLT
2023-05-19 15:22:00,6.48,6.48,6.48,6.48,200.0,XFLT
2023-05-19 15:20:00,6.495,6.5,6.48,6.48,9770.0,XFLT
2023-05-19 15:19:00,6.495,6.5,6.49,6.495,931.0,XFLT
2023-05-19 15:18:00,6.5,6.5,6.5,6.5,100.0,XFLT
2023-05-19 15:16:00,6.5,6.5,6.49,6.5,7274.0,XFLT
2023-05-19 15:09:00,6.5,6.5,6.5,6.5,101.0,XFLT
2023-05-19 14:56:00,6.495,6.51,6.495,6.5,2392.0,XFLT
2023-05-19 14:54:00,6.475,6.49,6.475,6.49,2166.0,XFLT
2023-05-19 14:48:00,6.475,6.475,6.47,6.47,625.0,XFLT
2023-05-19 14:45:00,6.47,6.4713,6.47,6.4713,370.0,XFLT
2023-05-19 14:44:00,6.477,6.477,6.47,6.47,500.0,XFLT
2023-05-19 14:32:00,6.4768,6.4768,6.4768,6.4768,700.0,XFLT
2023-05-19 14:29:00,6.475,6.475,6.47,6.47,9644.0,XFLT
2023-05-19 14:17:00,6.475,6.475,6.47,6.47,646.0,XFLT
2023-05-19 14:07:00,6.4787,6.4787,6.475,6.475,500.0,XFLT
2023-05-19 13:50:00,6.47,6.4785,6.47,6.4785,454.0,XFLT
2023-05-19 13:48:00,6.4701,6.4701,6.4701,6.4701,107.0,XFLT
2023-05-19 13:44:00,6.47,6.47,6.47,6.47,159.0,XFLT
2023-05-19 13:40:00,6.47,6.47,6.47,6.47,500.0,XFLT
2023-05-19 13:38:00,6.4602,6.4602,6.4602,6.4602,575.0,XFLT
2023-05-19 13:29:00,6.47,6.47,6.47,6.47,100.0,XFLT
2023-05-19 13:28:00,6.47,6.47,6.47,6.47,400.0,XFLT
2023-05-19 13:27:00,6.48,6.48,6.48,6.48,400.0,XFLT
2023-05-19 13:24:00,6.5,6.5,6.48,6.48,1209.0,XFLT
2023-05-19 13:21:00,6.505,6.505,6.5,6.5,651.0,XFLT
2023-05-19 13:16:00,6.501,6.501,6.5006,6.5006,700.0,XFLT
2023-05-19 13:10:00,6.505,6.505,6.5,6.5,4260.0,XFLT
2023-05-19 13:04:00,6.5001,6.5001,6.5,6.5,3483.0,XFLT
2023-05-19 13:03:00,6.5049,6.505,6.5,6.505,1305.0,XFLT
2023-05-19 13:02:00,6.49,6.51,6.4899,6.51,3333.0,XFLT
2023-05-19 12:47:00,6.4806,6.4806,6.4806,6.4806,100.0,XFLT
2023-05-19 12:43:00,6.489,6.489,6.48,6.48,2100.0,XFLT
2023-05-19 12:42:00,6.48,6.48,6.48,6.48,100.0,XFLT
2023-05-19 12:30:00,6.482,6.482,6.482,6.482,500.0,XFLT
2023-05-19 12:27:00,6.49,6.49,6.48,6.48,1648.0,XFLT
2023-05-19 12:21:00,6.5,6.5,6.5,6.5,925.0,XFLT
2023-05-19 12:19:00,6.5042,6.5042,6.5042,6.5042,125.0,XFLT
2023-05-19 12:11:00,6.51,6.51,6.51,6.51,200.0,XFLT
2023-05-19 12:09:00,6.5006,6.5006,6.5006,6.5006,500.0,XFLT
2023-05-19 12:08:00,6.5008,6.5008,6.5008,6.5008,500.0,XFLT
2023-05-19 12:07:00,6.5114,6.52,6.505,6.505,1834.0,XFLT
2023-05-19 11:59:00,6.5199,6.52,6.5199,6.52,1200.0,XFLT
2023-05-19 11:58:00,6.515,6.515,6.515,6.515,110.0,XFLT
2023-05-19 11:57:00,6.52,6.52,6.51,6.51,1118.0,XFLT
2023-05-19 11:53:00,6.515,6.5155,6.515,6.5155,250.0,XFLT
2023-05-19 11:51:00,6.515,6.515,6.515,6.515,258.0,XFLT
2023-05-19 11:49:00,6.51,6.51,6.51,6.51,198.0,XFLT
2023-05-19 11:48:00,6.51,6.52,6.5057,6.51,2549.0,XFLT
2023-05-19 11:47:00,6.52,6.52,6.52,6.52,1675.0,XFLT
2023-05-19 11:46:00,6.52,6.52,6.512,6.52,800.0,XFLT
2023-05-19 11:42:00,6.53,6.54,6.5257,6.53,3142.0,XFLT
2023-05-19 11:41:00,6.52,6.53,6.52,6.5299,1492.0,XFLT
2023-05-19 11:40:00,6.51,6.52,6.51,6.52,1991.0,XFLT
2023-05-19 11:39:00,6.505,6.505,6.5049,6.5049,214.0,XFLT
2023-05-19 11:38:00,6.495,6.5,6.495,6.5,400.0,XFLT
2023-05-19 11:37:00,6.475,6.49,6.475,6.49,1389.0,XFLT
2023-05-19 11:35:00,6.475,6.475,6.475,6.475,1200.0,XFLT
2023-05-19 11:32:00,6.475,6.475,6.47,6.47,819.0,XFLT
2023-05-19 11:30:00,6.4757,6.4757,6.475,6.475,500.0,XFLT
2023-05-19 11:29:00,6.4773,6.4773,6.475,6.475,548.0,XFLT
2023-05-19 11:28:00,6.48,6.48,6.475,6.475,4652.0,XFLT
2023-05-19 11:27:00,6.48,6.485,6.475,6.475,2491.0,XFLT
2023-05-19 11:26:00,6.47,6.49,6.47,6.475,8781.0,XFLT
2023-05-19 11:21:00,6.464,6.464,6.464,6.464,1086.0,XFLT
2023-05-19 11:18:00,6.465,6.465,6.465,6.465,431.0,XFLT
2023-05-19 11:17:00,6.4657,6.47,6.465,6.465,1195.0,XFLT
2023-05-19 11:16:00,6.47,6.47,6.47,6.47,1064.0,XFLT
2023-05-19 11:15:00,6.46,6.4668,6.46,6.4668,350.0,XFLT
2023-05-19 11:14:00,6.4632,6.4632,6.46,6.46,407.0,XFLT
2023-05-19 11:12:00,6.4606,6.465,6.4606,6.465,724.0,XFLT
2023-05-19 11:08:00,6.46,6.46,6.46,6.46,275.0,XFLT
2023-05-19 11:07:00,6.475,6.48,6.46,6.46,4365.0,XFLT
2023-05-19 11:06:00,6.475,6.49,6.475,6.475,1827.0,XFLT
2023-05-19 11:05:00,6.465,6.48,6.465,6.48,1830.0,XFLT
2023-05-19 10:45:00,6.465,6.465,6.46,6.4627,1514.0,XFLT
2023-05-19 10:44:00,6.465,6.47,6.465,6.47,2000.0,XFLT
2023-05-19 10:42:00,6.46,6.46,6.46,6.46,100.0,XFLT
2023-05-19 10:41:00,6.4615,6.4615,6.4615,6.4615,170.0,XFLT
2023-05-19 10:28:00,6.46,6.46,6.46,6.46,100.0,XFLT
2023-05-19 10:23:00,6.46,6.46,6.46,6.46,250.0,XFLT
2023-05-19 10:22:00,6.46,6.46,6.46,6.46,300.0,XFLT
2023-05-19 10:15:00,6.47,6.47,6.46,6.46,986.0,XFLT
2023-05-19 10:13:00,6.4452,6.45,6.4452,6.45,1129.0,XFLT
2023-05-19 10:12:00,6.45,6.45,6.4499,6.4499,967.0,XFLT
2023-05-19 10:11:00,6.445,6.445,6.445,6.445,470.0,XFLT
2023-05-19 10:08:00,6.45,6.45,6.45,6.45,105.0,XFLT
2023-05-19 10:05:00,6.45,6.45,6.45,6.45,234.0,XFLT
2023-05-19 10:03:00,6.44,6.44,6.44,6.44,621.0,XFLT
2023-05-19 09:56:00,6.4653,6.4653,6.46,6.46,5048.0,XFLT
2023-05-19 09:55:00,6.45,6.465,6.45,6.465,1577.0,XFLT
2023-05-19 09:54:00,6.4499,6.4499,6.4499,6.4499,5000.0,XFLT
2023-05-19 09:53:00,6.44,6.44,6.44,6.44,779.0,XFLT
2023-05-19 09:51:00,6.4499,6.4499,6.4396,6.4396,675.0,XFLT
2023-05-19 09:49:00,6.4398,6.4398,6.4398,6.4398,101.0,XFLT
2023-05-19 09:47:00,6.449,6.449,6.449,6.449,100.0,XFLT
2023-05-19 09:46:00,6.45,6.45,6.45,6.45,108.0,XFLT
2023-05-19 09:45:00,6.45,6.45,6.4425,6.4497,8094.0,XFLT
2023-05-19 09:44:00,6.45,6.45,6.45,6.45,220.0,XFLT
2023-05-19 09:43:00,6.46,6.46,6.45,6.45,862.0,XFLT
2023-05-19 09:42:00,6.5,6.53,6.47,6.475,22934.0,XFLT
2023-05-19 09:40:00,6.46,6.48,6.46,6.48,2110.0,XFLT
2023-05-19 09:34:00,6.45,6.45,6.45,6.45,266.0,XFLT
2023-05-19 09:32:00,6.455,6.455,6.45,6.455,3168.0,XFLT
2023-05-19 09:31:00,6.45,6.45,6.45,6.45,712.0,XFLT
2023-05-19 08:31:00,6.48,6.48,6.48,6.48,1001.0,XFLT
2023-05-18 16:38:00,6.61,6.61,6.61,6.61,500.0,XFLT
2023-05-18 16:00:00,6.475,6.48,6.47,6.47,540.0,XFLT
2023-05-18 15:59:00,6.475,6.475,6.47,6.47,5870.0,XFLT
2023-05-18 15:58:00,6.47,6.48,6.465,6.475,15623.0,XFLT
2023-05-18 15:57:00,6.47,6.47,6.47,6.47,892.0,XFLT
2023-05-18 15:55:00,6.47,6.47,6.47,6.47,110.0,XFLT
2023-05-18 15:54:00,6.47,6.47,6.4697,6.47,2100.0,XFLT
2023-05-18 15:53:00,6.46,6.46,6.46,6.46,6162.0,XFLT
2023-05-18 15:52:00,6.46,6.46,6.46,6.46,802.0,XFLT
2023-05-18 15:49:00,6.45,6.46,6.4499,6.455,17932.0,XFLT
2023-05-18 15:46:00,6.44,6.44,6.44,6.44,459.0,XFLT
2023-05-18 15:45:00,6.45,6.45,6.44,6.44,9299.0,XFLT
2023-05-18 15:44:00,6.45,6.45,6.45,6.45,5749.0,XFLT
2023-05-18 15:43:00,6.45,6.45,6.45,6.45,1778.0,XFLT
2023-05-18 15:41:00,6.445,6.445,6.445,6.445,102.0,XFLT
2023-05-18 15:33:00,6.4431,6.4431,6.4407,6.4407,300.0,XFLT
2023-05-18 15:29:00,6.445,6.45,6.445,6.45,500.0,XFLT
2023-05-18 15:23:00,6.44,6.44,6.44,6.44,142.0,XFLT
2023-05-18 15:21:00,6.4485,6.4485,6.4485,6.4485,400.0,XFLT
2023-05-18 15:11:00,6.4482,6.4482,6.4482,6.4482,1000.0,XFLT
2023-05-18 15:04:00,6.4485,6.4485,6.4485,6.4485,100.0,XFLT
2023-05-18 15:02:00,6.4407,6.4407,6.4407,6.4407,859.0,XFLT
2023-05-18 15:00:00,6.445,6.449,6.445,6.449,300.0,XFLT
2023-05-18 14:53:00,6.435,6.445,6.435,6.445,2684.0,XFLT
2023-05-18 14:42:00,6.44,6.44,6.435,6.435,2500.0,XFLT
2023-05-18 14:36:00,6.445,6.4499,6.44,6.44,600.0,XFLT
2023-05-18 14:35:00,6.45,6.45,6.45,6.45,4000.0,XFLT
2023-05-18 14:33:00,6.45,6.45,6.45,6.45,176.0,XFLT
2023-05-18 14:32:00,6.45,6.45,6.45,6.45,3105.0,XFLT
2023-05-18 14:31:00,6.44,6.45,6.44,6.45,2094.0,XFLT
2023-05-18 14:27:00,6.425,6.43,6.425,6.43,1268.0,XFLT
2023-05-18 14:22:00,6.4299,6.4299,6.4299,6.4299,515.0,XFLT
2023-05-18 14:21:00,6.425,6.425,6.425,6.425,1211.0,XFLT
2023-05-18 14:15:00,6.425,6.425,6.425,6.425,100.0,XFLT
2023-05-18 14:14:00,6.42,6.425,6.4194,6.425,4479.0,XFLT
2023-05-18 14:13:00,6.42,6.42,6.42,6.42,145.0,XFLT
2023-05-18 14:12:00,6.425,6.425,6.425,6.425,322.0,XFLT
2023-05-18 14:06:00,6.425,6.4293,6.42,6.4293,1255.0,XFLT
2023-05-18 14:04:00,6.42,6.4499,6.42,6.42,1543.0,XFLT
2023-05-18 13:58:00,6.4302,6.4302,6.4302,6.4302,501.0,XFLT
2023-05-18 13:56:00,6.4497,6.4497,6.4497,6.4497,1200.0,XFLT
2023-05-18 13:44:00,6.465,6.465,6.44,6.44,2600.0,XFLT
2023-05-18 13:39:00,6.445,6.46,6.445,6.46,3097.0,XFLT
2023-05-18 13:38:00,6.445,6.445,6.445,6.445,900.0,XFLT
2023-05-18 13:32:00,6.449,6.45,6.44,6.45,3443.0,XFLT
2023-05-18 13:30:00,6.44,6.46,6.43,6.44,20717.0,XFLT
2023-05-18 13:29:00,6.43,6.43,6.43,6.43,175.0,XFLT
2023-05-18 13:28:00,6.44,6.44,6.44,6.44,598.0,XFLT
2023-05-18 13:25:00,6.4479,6.4479,6.44,6.44,1050.0,XFLT
2023-05-18 13:23:00,6.4499,6.4499,6.44,6.44,700.0,XFLT
2023-05-18 13:21:00,6.4443,6.4499,6.4443,6.4499,300.0,XFLT
2023-05-18 13:17:00,6.44,6.45,6.44,6.45,736.0,XFLT
2023-05-18 13:16:00,6.42,6.43,6.42,6.43,1071.0,XFLT
2023-05-18 13:15:00,6.4099,6.41,6.4099,6.4099,3419.0,XFLT
2023-05-18 13:14:00,6.405,6.405,6.405,6.405,215.0,XFLT
2023-05-18 13:09:00,6.4,6.4099,6.4,6.4099,5697.0,XFLT
2023-05-18 13:04:00,6.3999,6.3999,6.3999,6.3999,100.0,XFLT
2023-05-18 12:44:00,6.395,6.395,6.395,6.395,845.0,XFLT
2023-05-18 12:29:00,6.4099,6.4099,6.39,6.39,650.0,XFLT
2023-05-18 12:27:00,6.3901,6.4099,6.3901,6.4099,911.0,XFLT
2023-05-18 12:26:00,6.395,6.4,6.395,6.3999,930.0,XFLT
2023-05-18 12:23:00,6.395,6.395,6.395,6.395,102.0,XFLT
2023-05-18 12:22:00,6.3899,6.395,6.3899,6.395,2504.0,XFLT
2023-05-18 12:08:00,6.3898,6.3898,6.3898,6.3898,300.0,XFLT
2023-05-18 12:05:00,6.3899,6.3899,6.3899,6.3899,2000.0,XFLT
2023-05-18 12:02:00,6.39,6.39,6.385,6.39,1036.0,XFLT
2023-05-18 12:01:00,6.3943,6.3943,6.3943,6.3943,270.0,XFLT
2023-05-18 12:00:00,6.395,6.395,6.395,6.395,287.0,XFLT
2023-05-18 11:58:00,6.4,6.4,6.395,6.395,1084.0,XFLT
2023-05-18 11:57:00,6.4001,6.4001,6.4001,6.4001,500.0,XFLT
2023-05-18 11:56:00,6.405,6.405,6.405,6.405,500.0,XFLT
2023-05-18 11:54:00,6.4,6.4,6.4,6.4,500.0,XFLT
2023-05-18 11:53:00,6.41,6.41,6.4,6.405,6142.0,XFLT
2023-05-18 11:48:00,6.4101,6.4101,6.4101,6.4101,1909.0,XFLT
2023-05-18 11:47:00,6.415,6.415,6.415,6.415,138.0,XFLT
2023-05-18 11:40:00,6.42,6.42,6.42,6.42,100.0,XFLT
2023-05-18 11:38:00,6.4105,6.4105,6.4105,6.4105,7500.0,XFLT
2023-05-18 11:35:00,6.415,6.42,6.415,6.42,928.0,XFLT
2023-05-18 11:34:00,6.41,6.41,6.41,6.41,500.0,XFLT
2023-05-18 11:33:00,6.4179,6.4179,6.4179,6.4179,500.0,XFLT
2023-05-18 11:30:00,6.415,6.415,6.415,6.415,1667.0,XFLT
2023-05-18 11:29:00,6.42,6.42,6.4177,6.42,1750.0,XFLT
2023-05-18 11:27:00,6.4146,6.4146,6.4146,6.4146,387.0,XFLT
2023-05-18 11:26:00,6.42,6.42,6.42,6.42,450.0,XFLT
2023-05-18 11:13:00,6.43,6.43,6.42,6.42,24976.0,XFLT
2023-05-18 11:12:00,6.4299,6.4299,6.4299,6.4299,472.0,XFLT
2023-05-18 11:06:00,6.4399,6.4399,6.43,6.43,200.0,XFLT
2023-05-18 11:01:00,6.44,6.44,6.42,6.42,5020.0,XFLT
2023-05-18 11:00:00,6.44,6.44,6.44,6.44,367.0,XFLT
2023-05-18 10:59:00,6.42,6.44,6.42,6.435,3866.0,XFLT
2023-05-18 10:58:00,6.4192,6.4192,6.4192,6.4192,595.0,XFLT
2023-05-18 10:57:00,6.4192,6.4192,6.4192,6.4192,430.0,XFLT
2023-05-18 10:50:00,6.42,6.42,6.42,6.42,100.0,XFLT
2023-05-18 10:46:00,6.41,6.41,6.41,6.41,100.0,XFLT
2023-05-18 10:42:00,6.4199,6.4199,6.4199,6.4199,100.0,XFLT
2023-05-18 10:40:00,6.4305,6.4305,6.42,6.42,1200.0,XFLT
2023-05-18 10:31:00,6.435,6.435,6.435,6.435,510.0,XFLT
2023-05-18 10:30:00,6.435,6.435,6.43,6.43,937.0,XFLT
2023-05-18 10:28:00,6.431,6.431,6.431,6.431,450.0,XFLT
2023-05-18 10:27:00,6.4494,6.4494,6.43,6.435,2490.0,XFLT
2023-05-18 10:25:00,6.45,6.45,6.45,6.45,100.0,XFLT
2023-05-18 10:19:00,6.43,6.43,6.43,6.43,491.0,XFLT
2023-05-18 10:16:00,6.425,6.43,6.425,6.43,1357.0,XFLT
2023-05-18 10:14:00,6.42,6.45,6.42,6.42,6290.0,XFLT
2023-05-18 10:10:00,6.41,6.41,6.41,6.41,500.0,XFLT
2023-05-18 10:06:00,6.4089,6.4089,6.4089,6.4089,251.0,XFLT
2023-05-18 10:00:00,6.405,6.405,6.405,6.405,307.0,XFLT
2023-05-18 09:59:00,6.4096,6.4096,6.4096,6.4096,250.0,XFLT
2023-05-18 09:57:00,6.405,6.405,6.405,6.405,200.0,XFLT
2023-05-18 09:52:00,6.4011,6.4011,6.4011,6.4011,300.0,XFLT
2023-05-18 09:51:00,6.4094,6.4094,6.4045,6.4045,642.0,XFLT
2023-05-18 09:48:00,6.4,6.4,6.4,6.4,254.0,XFLT
2023-05-18 09:42:00,6.41,6.412,6.402,6.402,1702.0,XFLT
2023-05-18 09:41:00,6.41,6.41,6.41,6.41,750.0,XFLT
2023-05-18 09:40:00,6.4109,6.4109,6.4109,6.4109,500.0,XFLT
2023-05-18 09:37:00,6.4105,6.4105,6.41,6.41,1713.0,XFLT
2023-05-18 09:33:00,6.425,6.425,6.425,6.425,250.0,XFLT
2023-05-18 09:31:00,6.47,6.47,6.45,6.45,2587.0,XFLT
2023-05-18 07:37:00,6.45,6.45,6.45,6.45,844.0,XFLT
2023-05-17 16:00:00,6.44,6.44,6.44,6.44,192.0,XFLT
2023-05-17 15:57:00,6.445,6.45,6.44,6.44,1012.0,XFLT
2023-05-17 15:54:00,6.44,6.45,6.44,6.4455,866.0,XFLT
2023-05-17 15:52:00,6.43,6.43,6.43,6.43,478.0,XFLT
2023-05-17 15:51:00,6.43,6.43,6.43,6.43,215.0,XFLT
2023-05-17 15:50:00,6.4375,6.4375,6.4375,6.4375,200.0,XFLT
2023-05-17 15:48:00,6.42,6.42,6.42,6.42,100.0,XFLT
2023-05-17 15:47:00,6.43,6.43,6.43,6.43,779.0,XFLT
2023-05-17 15:43:00,6.4161,6.4161,6.4161,6.4161,366.0,XFLT
2023-05-17 15:31:00,6.44,6.455,6.438,6.45,3297.0,XFLT
2023-05-17 15:30:00,6.395,6.43,6.39,6.43,5452.0,XFLT
2023-05-17 15:28:00,6.39,6.39,6.38,6.39,800.0,XFLT
2023-05-17 15:27:00,6.385,6.3894,6.385,6.3894,601.0,XFLT
2023-05-17 15:24:00,6.39,6.39,6.38,6.38,1100.0,XFLT
2023-05-17 15:18:00,6.41,6.41,6.41,6.41,238.0,XFLT
2023-05-17 15:14:00,6.39,6.43,6.39,6.4298,7742.0,XFLT
2023-05-17 15:13:00,6.3893,6.3893,6.3893,6.3893,500.0,XFLT
2023-05-17 15:09:00,6.39,6.39,6.38,6.39,300.0,XFLT
2023-05-17 15:08:00,6.39,6.39,6.39,6.39,262.0,XFLT
2023-05-17 15:03:00,6.3729,6.38,6.3729,6.38,1754.0,XFLT
2023-05-17 14:53:00,6.3775,6.3775,6.3775,6.3775,100.0,XFLT
2023-05-17 14:44:00,6.375,6.38,6.37,6.38,1900.0,XFLT
2023-05-17 14:41:00,6.3775,6.3775,6.3775,6.3775,100.0,XFLT
2023-05-17 14:35:00,6.3701,6.3701,6.3701,6.3701,1597.0,XFLT
2023-05-17 14:32:00,6.3799,6.38,6.37,6.3797,790.0,XFLT
2023-05-17 14:30:00,6.3714,6.3714,6.3714,6.3714,148.0,XFLT
2023-05-17 14:28:00,6.3799,6.3799,6.3799,6.3799,200.0,XFLT
2023-05-17 14:24:00,6.371,6.371,6.371,6.371,400.0,XFLT
2023-05-17 14:23:00,6.371,6.371,6.371,6.371,400.0,XFLT
2023-05-17 14:22:00,6.3799,6.3799,6.3716,6.3716,1100.0,XFLT
2023-05-17 14:21:00,6.375,6.38,6.375,6.3797,1900.0,XFLT
2023-05-17 14:20:00,6.365,6.37,6.365,6.37,648.0,XFLT
2023-05-17 14:19:00,6.38,6.38,6.36,6.365,2517.0,XFLT
2023-05-17 14:17:00,6.3875,6.3875,6.3875,6.3875,100.0,XFLT
2023-05-17 14:08:00,6.385,6.39,6.38,6.38,2214.0,XFLT
2023-05-17 14:07:00,6.385,6.39,6.385,6.3899,1340.0,XFLT
2023-05-17 14:03:00,6.39,6.39,6.38,6.385,1600.0,XFLT
2023-05-17 13:55:00,6.38,6.385,6.38,6.385,1203.0,XFLT
2023-05-17 13:53:00,6.389,6.389,6.389,6.389,1000.0,XFLT
2023-05-17 13:51:00,6.385,6.385,6.385,6.385,1000.0,XFLT
2023-05-17 13:43:00,6.38,6.38,6.38,6.38,200.0,XFLT
2023-05-17 13:40:00,6.39,6.39,6.39,6.39,1200.0,XFLT
2023-05-17 13:31:00,6.3899,6.3899,6.3892,6.3892,287.0,XFLT
2023-05-17 13:29:00,6.385,6.385,6.385,6.385,290.0,XFLT
2023-05-17 13:28:00,6.39,6.39,6.39,6.39,400.0,XFLT
2023-05-17 13:27:00,6.3801,6.3801,6.3801,6.3801,150.0,XFLT
2023-05-17 13:26:00,6.385,6.39,6.385,6.39,200.0,XFLT
2023-05-17 13:18:00,6.3892,6.3892,6.3892,6.3892,1000.0,XFLT
2023-05-17 13:17:00,6.385,6.385,6.385,6.385,100.0,XFLT
2023-05-17 13:15:00,6.39,6.39,6.39,6.39,200.0,XFLT
2023-05-17 13:14:00,6.4,6.4,6.4,6.4,199.0,XFLT
2023-05-17 13:12:00,6.4,6.4,6.4,6.4,2000.0,XFLT
2023-05-17 13:10:00,6.4,6.4,6.4,6.4,1000.0,XFLT
2023-05-17 13:06:00,6.4,6.4,6.4,6.4,250.0,XFLT
2023-05-17 12:57:00,6.4,6.4,6.39,6.4,1900.0,XFLT
2023-05-17 12:50:00,6.4085,6.4085,6.4085,6.4085,2500.0,XFLT
2023-05-17 12:46:00,6.4,6.4,6.4,6.4,1000.0,XFLT
2023-05-17 12:45:00,6.3901,6.3901,6.3901,6.3901,200.0,XFLT
2023-05-17 12:34:00,6.4033,6.4033,6.4,6.4,500.0,XFLT
2023-05-17 12:30:00,6.4,6.4,6.4,6.4,502.0,XFLT
2023-05-17 12:23:00,6.389,6.39,6.389,6.39,1600.0,XFLT
2023-05-17 12:00:00,6.3944,6.3944,6.3944,6.3944,1653.0,XFLT
2023-05-17 11:57:00,6.395,6.395,6.395,6.395,1254.0,XFLT
2023-05-17 11:53:00,6.4098,6.4098,6.405,6.405,400.0,XFLT
2023-05-17 11:43:00,6.4081,6.4081,6.4081,6.4081,327.0,XFLT
2023-05-17 11:39:00,6.4,6.4,6.39,6.4,1311.0,XFLT
2023-05-17 11:34:00,6.39,6.39,6.39,6.39,100.0,XFLT
2023-05-17 11:33:00,6.401,6.401,6.4,6.4001,600.0,XFLT
2023-05-17 11:32:00,6.405,6.405,6.405,6.405,2500.0,XFLT
2023-05-17 11:31:00,6.4,6.4,6.4,6.4,101.0,XFLT
2023-05-17 11:30:00,6.39,6.4,6.39,6.4,1883.0,XFLT
2023-05-17 11:24:00,6.385,6.3865,6.385,6.3865,600.0,XFLT
2023-05-17 11:22:00,6.39,6.39,6.39,6.39,1000.0,XFLT
2023-05-17 11:13:00,6.39,6.39,6.39,6.39,100.0,XFLT
2023-05-17 11:04:00,6.38,6.38,6.38,6.38,100.0,XFLT
2023-05-17 11:03:00,6.4,6.4,6.39,6.39,300.0,XFLT
2023-05-17 10:59:00,6.395,6.395,6.395,6.395,200.0,XFLT
2023-05-17 10:58:00,6.395,6.41,6.395,6.41,6208.0,XFLT
2023-05-17 10:46:00,6.395,6.395,6.395,6.395,102.0,XFLT
2023-05-17 10:44:00,6.4,6.4,6.4,6.4,200.0,XFLT
2023-05-17 10:43:00,6.4182,6.4182,6.4182,6.4182,500.0,XFLT
2023-05-17 10:39:00,6.4,6.41,6.4,6.4,5107.0,XFLT
2023-05-17 10:34:00,6.3916,6.3916,6.3916,6.3916,3855.0,XFLT
2023-05-17 10:33:00,6.38,6.39,6.38,6.39,3240.0,XFLT
2023-05-17 10:32:00,6.37,6.3795,6.37,6.3795,200.0,XFLT
2023-05-17 10:31:00,6.36,6.36,6.36,6.36,1191.0,XFLT
2023-05-17 10:30:00,6.3505,6.3505,6.3505,6.3505,6525.0,XFLT
2023-05-17 10:29:00,6.3489,6.355,6.3489,6.355,1000.0,XFLT
2023-05-17 10:28:00,6.34,6.34,6.34,6.34,200.0,XFLT
2023-05-17 10:23:00,6.345,6.345,6.345,6.345,1300.0,XFLT
2023-05-17 10:21:00,6.347,6.348,6.347,6.348,400.0,XFLT
2023-05-17 10:20:00,6.341,6.3489,6.341,6.3489,300.0,XFLT
2023-05-17 10:19:00,6.34,6.35,6.34,6.35,1100.0,XFLT
2023-05-17 10:15:00,6.355,6.355,6.355,6.355,700.0,XFLT
2023-05-17 10:13:00,6.35,6.35,6.35,6.35,179.0,XFLT
2023-05-17 10:12:00,6.348,6.348,6.348,6.348,100.0,XFLT
2023-05-17 10:09:00,6.37,6.37,6.3495,6.3495,2814.0,XFLT
2023-05-17 10:08:00,6.3788,6.3788,6.3788,6.3788,650.0,XFLT
2023-05-17 10:07:00,6.375,6.375,6.375,6.375,200.0,XFLT
2023-05-17 10:02:00,6.375,6.38,6.375,6.3789,701.0,XFLT
2023-05-17 09:57:00,6.37,6.3799,6.37,6.3799,1048.0,XFLT
2023-05-17 09:54:00,6.3699,6.37,6.3677,6.37,4100.0,XFLT
2023-05-17 09:52:00,6.3799,6.3799,6.37,6.37,900.0,XFLT
2023-05-17 09:49:00,6.3796,6.3796,6.3796,6.3796,1574.0,XFLT
2023-05-17 09:42:00,6.3743,6.3743,6.3743,6.3743,800.0,XFLT
2023-05-17 09:41:00,6.3723,6.3723,6.3723,6.3723,301.0,XFLT
2023-05-17 09:39:00,6.38,6.389,6.38,6.389,1702.0,XFLT
2023-05-17 09:38:00,6.38,6.3987,6.38,6.3987,2609.0,XFLT
2023-05-17 09:36:00,6.4,6.4095,6.4,6.4095,400.0,XFLT
2023-05-17 09:35:00,6.4,6.4,6.4,6.4,224.0,XFLT
2023-05-17 09:33:00,6.4,6.4,6.4,6.4,2100.0,XFLT
2023-05-17 09:31:00,6.4,6.4,6.4,6.4,1695.0,XFLT
2023-05-17 08:33:00,6.38,6.38,6.38,6.38,100.0,XFLT
2023-05-16 19:52:00,6.34,6.34,6.34,6.34,500.0,XFLT
2023-05-16 19:51:00,6.34,6.34,6.34,6.34,3000.0,XFLT
2023-05-16 19:41:00,6.34,6.34,6.34,6.34,100.0,XFLT
2023-05-16 18:48:00,6.34,6.34,6.34,6.34,1000.0,XFLT
2023-05-16 18:47:00,6.34,6.34,6.34,6.34,1000.0,XFLT
2023-05-16 17:53:00,6.34,6.34,6.34,6.34,500.0,XFLT
2023-05-16 16:00:00,6.315,6.315,6.3,6.305,14778.0,XFLT
2023-05-16 15:59:00,6.315,6.32,6.315,6.315,10196.0,XFLT
2023-05-16 15:58:00,6.3121,6.315,6.3121,6.315,502.0,XFLT
2023-05-16 15:57:00,6.32,6.32,6.3147,6.3147,714.0,XFLT
2023-05-16 15:56:00,6.35,6.355,6.32,6.32,14251.0,XFLT
2023-05-16 15:55:00,6.36,6.37,6.35,6.36,8680.0,XFLT
2023-05-16 15:53:00,6.37,6.38,6.37,6.38,503.0,XFLT
2023-05-16 15:52:00,6.365,6.37,6.365,6.37,4088.0,XFLT
2023-05-16 15:48:00,6.36,6.37,6.36,6.37,1477.0,XFLT
2023-05-16 15:47:00,6.358,6.36,6.355,6.36,913.0,XFLT
2023-05-16 15:46:00,6.3599,6.3599,6.3599,6.3599,310.0,XFLT
2023-05-16 15:44:00,6.34,6.36,6.34,6.35,3901.0,XFLT
2023-05-16 15:43:00,6.34,6.345,6.34,6.345,800.0,XFLT
2023-05-16 15:40:00,6.338,6.338,6.338,6.338,200.0,XFLT
2023-05-16 15:39:00,6.3399,6.3399,6.3399,6.3399,200.0,XFLT
2023-05-16 15:36:00,6.4,6.405,6.26,6.32,58851.0,XFLT
2023-05-16 15:31:00,6.4,6.41,6.4,6.41,524.0,XFLT
2023-05-16 15:30:00,6.39,6.39,6.39,6.39,250.0,XFLT
2023-05-16 15:27:00,6.44,6.445,6.39,6.39,32516.0,XFLT
2023-05-16 15:21:00,6.45,6.46,6.45,6.46,5200.0,XFLT
2023-05-16 15:20:00,6.47,6.475,6.45,6.45,18775.0,XFLT
2023-05-16 15:18:00,6.4801,6.485,6.48,6.48,6958.0,XFLT
2023-05-16 15:15:00,6.49,6.49,6.49,6.49,700.0,XFLT
2023-05-16 15:13:00,6.485,6.485,6.485,6.485,100.0,XFLT
2023-05-16 15:11:00,6.495,6.495,6.48,6.48,3045.0,XFLT
2023-05-16 14:58:00,6.495,6.495,6.49,6.49,1382.0,XFLT
2023-05-16 14:56:00,6.495,6.495,6.495,6.495,1057.0,XFLT
2023-05-16 14:55:00,6.495,6.495,6.495,6.495,1264.0,XFLT
2023-05-16 14:46:00,6.495,6.495,6.495,6.495,182.0,XFLT
2023-05-16 14:45:00,6.495,6.495,6.495,6.495,440.0,XFLT
2023-05-16 14:42:00,6.48,6.5,6.48,6.49,5805.0,XFLT
2023-05-16 14:41:00,6.455,6.475,6.455,6.475,6001.0,XFLT
2023-05-16 14:34:00,6.45,6.455,6.45,6.455,700.0,XFLT
2023-05-16 14:26:00,6.4404,6.455,6.4404,6.455,3460.0,XFLT
2023-05-16 14:02:00,6.445,6.445,6.445,6.445,200.0,XFLT
2023-05-16 14:00:00,6.4499,6.4499,6.4499,6.4499,105.0,XFLT
2023-05-16 13:58:00,6.445,6.445,6.445,6.445,100.0,XFLT
2023-05-16 13:56:00,6.4499,6.4499,6.4499,6.4499,200.0,XFLT
2023-05-16 13:52:00,6.445,6.445,6.445,6.445,197.0,XFLT
2023-05-16 13:51:00,6.445,6.445,6.445,6.445,100.0,XFLT
2023-05-16 13:50:00,6.445,6.45,6.445,6.45,418.0,XFLT
2023-05-16 13:46:00,6.44,6.4436,6.44,6.4436,690.0,XFLT
2023-05-16 13:31:00,6.45,6.45,6.4401,6.4401,2100.0,XFLT
2023-05-16 13:30:00,6.45,6.45,6.44,6.45,13419.0,XFLT
2023-05-16 13:29:00,6.4507,6.4507,6.4507,6.4507,200.0,XFLT
2023-05-16 13:24:00,6.45,6.45,6.45,6.45,258.0,XFLT
2023-05-16 13:22:00,6.4518,6.4518,6.45,6.45,356.0,XFLT
2023-05-16 13:20:00,6.455,6.455,6.455,6.455,260.0,XFLT
2023-05-16 13:19:00,6.45,6.45,6.45,6.45,330.0,XFLT
2023-05-16 13:15:00,6.47,6.47,6.455,6.455,3419.0,XFLT
2023-05-16 13:12:00,6.48,6.48,6.47,6.4734,1463.0,XFLT
2023-05-16 12:57:00,6.4736,6.4736,6.4736,6.4736,155.0,XFLT
2023-05-16 12:56:00,6.47,6.47,6.47,6.47,267.0,XFLT
2023-05-16 12:55:00,6.49,6.49,6.48,6.48,463.0,XFLT
2023-05-16 12:54:00,6.48,6.51,6.48,6.498,5762.0,XFLT
2023-05-16 12:51:00,6.475,6.475,6.475,6.475,200.0,XFLT
2023-05-16 12:50:00,6.475,6.475,6.47,6.47,1010.0,XFLT
2023-05-16 12:48:00,6.47,6.47,6.47,6.47,100.0,XFLT
2023-05-16 12:44:00,6.47,6.47,6.47,6.47,100.0,XFLT
2023-05-16 12:42:00,6.47,6.47,6.47,6.47,200.0,XFLT
2023-05-16 12:40:00,6.47,6.47,6.47,6.47,309.0,XFLT
2023-05-16 12:39:00,6.4788,6.4788,6.475,6.475,565.0,XFLT
2023-05-16 12:38:00,6.475,6.475,6.475,6.475,250.0,XFLT
2023-05-16 12:32:00,6.4724,6.4724,6.4724,6.4724,149.0,XFLT
2023-05-16 12:28:00,6.47,6.475,6.47,6.47,3310.0,XFLT
2023-05-16 12:21:00,6.4799,6.4799,6.4799,6.4799,200.0,XFLT
2023-05-16 12:18:00,6.47,6.47,6.47,6.47,665.0,XFLT
2023-05-16 12:17:00,6.4752,6.4752,6.4752,6.4752,1800.0,XFLT
2023-05-16 12:10:00,6.465,6.47,6.465,6.4699,2365.0,XFLT
2023-05-16 12:09:00,6.46,6.46,6.4599,6.4599,1300.0,XFLT
2023-05-16 12:08:00,6.471,6.4714,6.45,6.4572,31940.0,XFLT
2023-05-16 11:58:00,6.46,6.478,6.46,6.47,1167.0,XFLT
2023-05-16 11:55:00,6.4699,6.4699,6.4699,6.4699,200.0,XFLT
2023-05-16 11:54:00,6.46,6.46,6.455,6.46,1152.0,XFLT
2023-05-16 11:41:00,6.45,6.45,6.45,6.45,248.0,XFLT
2023-05-16 11:40:00,6.46,6.46,6.46,6.46,1010.0,XFLT
2023-05-16 11:32:00,6.47,6.47,6.47,6.47,104.0,XFLT
2023-05-16 11:27:00,6.4799,6.4799,6.4799,6.4799,400.0,XFLT
2023-05-16 11:20:00,6.47,6.47,6.47,6.47,620.0,XFLT
2023-05-16 11:13:00,6.46,6.46,6.4597,6.46,1100.0,XFLT
2023-05-16 11:12:00,6.4592,6.4592,6.4592,6.4592,302.0,XFLT
2023-05-16 11:11:00,6.455,6.455,6.45,6.45,635.0,XFLT
2023-05-16 11:10:00,6.4599,6.4599,6.45,6.45,571.0,XFLT
2023-05-16 11:09:00,6.4594,6.4594,6.45,6.45,628.0,XFLT
2023-05-16 11:08:00,6.48,6.4899,6.46,6.46,2724.0,XFLT
2023-05-16 11:07:00,6.48,6.48,6.48,6.48,1700.0,XFLT
2023-05-16 11:04:00,6.4892,6.4892,6.48,6.48,959.0,XFLT
2023-05-16 11:00:00,6.485,6.49,6.48,6.485,1973.0,XFLT
2023-05-16 10:58:00,6.48,6.48,6.48,6.48,433.0,XFLT
2023-05-16 10:55:00,6.482,6.4892,6.482,6.4892,460.0,XFLT
2023-05-16 10:48:00,6.482,6.482,6.482,6.482,175.0,XFLT
2023-05-16 10:46:00,6.4833,6.4833,6.48,6.48,368.0,XFLT
2023-05-16 10:45:00,6.4801,6.4801,6.4801,6.4801,500.0,XFLT
2023-05-16 10:44:00,6.4882,6.4882,6.48,6.48,741.0,XFLT
2023-05-16 10:39:00,6.49,6.49,6.49,6.49,106.0,XFLT
2023-05-16 10:33:00,6.485,6.485,6.48,6.48,589.0,XFLT
2023-05-16 10:27:00,6.485,6.485,6.485,6.485,106.0,XFLT
2023-05-16 10:26:00,6.48,6.48,6.48,6.48,306.0,XFLT
2023-05-16 10:23:00,6.4963,6.4963,6.4963,6.4963,500.0,XFLT
2023-05-16 10:22:00,6.4921,6.4921,6.4921,6.4921,400.0,XFLT
2023-05-16 10:13:00,6.5,6.5,6.48,6.48,3657.0,XFLT
2023-05-16 10:11:00,6.52,6.52,6.52,6.52,416.0,XFLT
2023-05-16 10:08:00,6.52,6.52,6.52,6.52,232.0,XFLT
2023-05-16 10:05:00,6.5207,6.5207,6.5207,6.5207,420.0,XFLT
2023-05-16 10:02:00,6.525,6.53,6.525,6.525,899.0,XFLT
2023-05-16 09:58:00,6.5265,6.5265,6.5265,6.5265,300.0,XFLT
2023-05-16 09:56:00,6.51,6.5299,6.51,6.52,5999.0,XFLT
2023-05-16 09:55:00,6.52,6.52,6.52,6.52,620.0,XFLT
2023-05-16 09:54:00,6.53,6.53,6.53,6.53,2100.0,XFLT
2023-05-16 09:53:00,6.53,6.54,6.525,6.54,4371.0,XFLT
2023-05-16 09:50:00,6.525,6.525,6.525,6.525,200.0,XFLT
2023-05-16 09:42:00,6.51,6.51,6.51,6.51,1070.0,XFLT
2023-05-16 09:39:00,6.5101,6.5101,6.5101,6.5101,1518.0,XFLT
2023-05-16 09:37:00,6.5115,6.52,6.5115,6.52,1908.0,XFLT
2023-05-16 09:32:00,6.525,6.525,6.525,6.525,100.0,XFLT
2023-05-16 09:31:00,6.5,6.5,6.5,6.5,14633.0,XFLT
2023-05-15 17:27:00,6.6,6.6,6.6,6.6,100.0,XFLT
2023-05-15 16:00:00,6.5,6.5,6.495,6.5,493.0,XFLT
2023-05-15 15:59:00,6.495,6.495,6.495,6.495,817.0,XFLT
2023-05-15 15:58:00,6.4998,6.4998,6.4998,6.4998,222.0,XFLT
2023-05-15 15:56:00,6.495,6.495,6.495,6.495,100.0,XFLT
2023-05-15 15:55:00,6.4999,6.5,6.4958,6.5,2300.0,XFLT
2023-05-15 15:54:00,6.5,6.5,6.5,6.5,103.0,XFLT
2023-05-15 15:51:00,6.5,6.5,6.5,6.5,755.0,XFLT
2023-05-15 15:50:00,6.4999,6.4999,6.4999,6.4999,208.0,XFLT
2023-05-15 15:47:00,6.495,6.495,6.4905,6.4905,353.0,XFLT
2023-05-15 15:46:00,6.495,6.495,6.495,6.495,102.0,XFLT
2023-05-15 15:45:00,6.495,6.4999,6.495,6.4999,591.0,XFLT
2023-05-15 15:44:00,6.4957,6.4999,6.4957,6.4999,1346.0,XFLT
2023-05-15 15:43:00,6.4999,6.4999,6.4999,6.4999,1053.0,XFLT
2023-05-15 15:42:00,6.4904,6.4904,6.4904,6.4904,716.0,XFLT
2023-05-15 15:41:00,6.49,6.49,6.49,6.49,767.0,XFLT
2023-05-15 15:37:00,6.49,6.49,6.49,6.49,110.0,XFLT
2023-05-15 15:33:00,6.495,6.495,6.495,6.495,714.0,XFLT
2023-05-15 15:30:00,6.499,6.499,6.499,6.499,500.0,XFLT
2023-05-15 15:29:00,6.49,6.4999,6.49,6.4999,3210.0,XFLT
2023-05-15 15:28:00,6.505,6.505,6.5,6.5,1562.0,XFLT
2023-05-15 15:27:00,6.515,6.515,6.5,6.5,5685.0,XFLT
2023-05-15 15:24:00,6.5,6.515,6.5,6.505,4531.0,XFLT
2023-05-15 15:18:00,6.4915,6.4915,6.4915,6.4915,1500.0,XFLT
2023-05-15 15:14:00,6.5,6.5,6.4999,6.4999,2652.0,XFLT
2023-05-15 15:05:00,6.49,6.49,6.49,6.49,281.0,XFLT
2023-05-15 15:04:00,6.4915,6.5,6.4915,6.495,1188.0,XFLT
2023-05-15 15:03:00,6.5,6.5,6.5,6.5,224.0,XFLT
2023-05-15 15:00:00,6.4911,6.495,6.4911,6.495,1036.0,XFLT
2023-05-15 14:59:00,6.49,6.49,6.49,6.49,359.0,XFLT
2023-05-15 14:58:00,6.499,6.5,6.495,6.5,4236.0,XFLT
2023-05-15 14:57:00,6.496,6.496,6.496,6.496,675.0,XFLT
2023-05-15 14:56:00,6.495,6.5,6.495,6.495,304.0,XFLT
2023-05-15 14:52:00,6.4915,6.4915,6.4915,6.4915,238.0,XFLT
2023-05-15 14:51:00,6.495,6.4997,6.495,6.4997,1304.0,XFLT
2023-05-15 14:45:00,6.5,6.5,6.5,6.5,150.0,XFLT
2023-05-15 14:39:00,6.495,6.495,6.495,6.495,200.0,XFLT
2023-05-15 14:38:00,6.49,6.49,6.49,6.49,500.0,XFLT
2023-05-15 14:36:00,6.4999,6.4999,6.4999,6.4999,265.0,XFLT
2023-05-15 14:32:00,6.4991,6.4991,6.4991,6.4991,203.0,XFLT
2023-05-15 14:27:00,6.4988,6.4988,6.49,6.49,1800.0,XFLT
2023-05-15 14:25:00,6.49,6.49,6.49,6.49,200.0,XFLT
2023-05-15 14:21:00,6.495,6.495,6.495,6.495,1001.0,XFLT
2023-05-15 14:20:00,6.4999,6.4999,6.4999,6.4999,500.0,XFLT
2023-05-15 14:11:00,6.495,6.495,6.495,6.495,150.0,XFLT
2023-05-15 14:07:00,6.495,6.495,6.49,6.49,6200.0,XFLT
2023-05-15 14:00:00,6.495,6.495,6.495,6.495,155.0,XFLT
2023-05-15 13:58:00,6.4988,6.4988,6.49,6.495,468.0,XFLT
2023-05-15 13:56:00,6.4984,6.499,6.4984,6.499,645.0,XFLT
2023-05-15 13:52:00,6.4986,6.4986,6.4986,6.4986,201.0,XFLT
2023-05-15 13:51:00,6.495,6.4976,6.495,6.4976,200.0,XFLT
2023-05-15 13:50:00,6.4912,6.4912,6.4912,6.4912,422.0,XFLT
2023-05-15 13:45:00,6.4999,6.4999,6.4999,6.4999,1239.0,XFLT
2023-05-15 13:44:00,6.495,6.495,6.495,6.495,107.0,XFLT
2023-05-15 13:42:00,6.495,6.495,6.495,6.495,100.0,XFLT
2023-05-15 13:40:00,6.4957,6.5,6.4957,6.5,473.0,XFLT
2023-05-15 13:39:00,6.5,6.5,6.5,6.5,550.0,XFLT
2023-05-15 13:31:00,6.4991,6.4991,6.4991,6.4991,500.0,XFLT
2023-05-15 13:28:00,6.5,6.5,6.5,6.5,199.0,XFLT
2023-05-15 13:23:00,6.499,6.5,6.499,6.5,3986.0,XFLT
2023-05-15 13:20:00,6.4999,6.4999,6.4999,6.4999,182.0,XFLT
2023-05-15 13:08:00,6.4999,6.4999,6.4999,6.4999,5000.0,XFLT
2023-05-15 13:06:00,6.4988,6.4988,6.4988,6.4988,100.0,XFLT
2023-05-15 13:05:00,6.49,6.49,6.49,6.49,100.0,XFLT
2023-05-15 13:00:00,6.4999,6.4999,6.4999,6.4999,3000.0,XFLT
2023-05-15 12:58:00,6.4944,6.4944,6.4944,6.4944,200.0,XFLT
2023-05-15 12:57:00,6.4968,6.4999,6.4958,6.4999,1162.0,XFLT
2023-05-15 12:54:00,6.5,6.5,6.495,6.5,2318.0,XFLT
2023-05-15 12:52:00,6.4901,6.4901,6.4901,6.4901,210.0,XFLT
2023-05-15 12:50:00,6.49,6.49,6.49,6.49,581.0,XFLT
2023-05-15 12:36:00,6.485,6.5,6.485,6.495,7151.0,XFLT
2023-05-15 12:33:00,6.4807,6.4807,6.4806,6.4806,700.0,XFLT
2023-05-15 12:28:00,6.4899,6.4899,6.4899,6.4899,259.0,XFLT
2023-05-15 12:23:00,6.4893,6.4893,6.4893,6.4893,283.0,XFLT
2023-05-15 12:22:00,6.485,6.485,6.485,6.485,230.0,XFLT
2023-05-15 12:20:00,6.48,6.48,6.48,6.48,175.0,XFLT
2023-05-15 12:18:00,6.48,6.48,6.48,6.48,1446.0,XFLT
2023-05-15 12:17:00,6.48,6.48,6.48,6.48,100.0,XFLT
2023-05-15 12:16:00,6.48,6.48,6.48,6.48,100.0,XFLT
2023-05-15 12:07:00,6.4501,6.46,6.4501,6.46,6043.0,XFLT
2023-05-15 12:05:00,6.475,6.475,6.46,6.46,12718.0,XFLT
2023-05-15 12:02:00,6.48,6.48,6.48,6.48,150.0,XFLT
2023-05-15 12:01:00,6.48,6.48,6.48,6.48,100.0,XFLT
2023-05-15 12:00:00,6.48,6.48,6.48,6.48,120.0,XFLT
2023-05-15 11:59:00,6.4775,6.48,6.4775,6.48,400.0,XFLT
2023-05-15 11:58:00,6.478,6.48,6.478,6.48,892.0,XFLT
2023-05-15 11:57:00,6.478,6.478,6.478,6.478,200.0,XFLT
2023-05-15 11:50:00,6.4799,6.4799,6.4728,6.4728,1200.0,XFLT
2023-05-15 11:49:00,6.47,6.47,6.47,6.47,103.0,XFLT
2023-05-15 11:48:00,6.4624,6.4646,6.4624,6.4646,432.0,XFLT
2023-05-15 11:46:00,6.452,6.452,6.452,6.452,179.0,XFLT
2023-05-15 11:44:00,6.445,6.445,6.445,6.445,141.0,XFLT
2023-05-15 11:43:00,6.4474,6.4474,6.4474,6.4474,175.0,XFLT
2023-05-15 11:42:00,6.4403,6.447,6.4403,6.447,276.0,XFLT
2023-05-15 11:41:00,6.45,6.45,6.45,6.45,8625.0,XFLT
2023-05-15 11:40:00,6.4586,6.4586,6.4586,6.4586,223.0,XFLT
2023-05-15 11:38:00,6.4525,6.46,6.4525,6.46,9502.0,XFLT
2023-05-15 11:37:00,6.455,6.455,6.455,6.455,500.0,XFLT
2023-05-15 11:36:00,6.46,6.46,6.46,6.46,6646.0,XFLT
2023-05-15 11:35:00,6.47,6.47,6.47,6.47,4521.0,XFLT
2023-05-15 11:34:00,6.47,6.47,6.4698,6.4699,3066.0,XFLT
2023-05-15 11:33:00,6.48,6.4801,6.47,6.47,10453.0,XFLT
2023-05-15 11:30:00,6.495,6.5,6.49,6.5,310.0,XFLT
2023-05-15 11:28:00,6.492,6.492,6.492,6.492,250.0,XFLT
2023-05-15 11:27:00,6.47,6.49,6.47,6.48,20623.0,XFLT
2023-05-15 11:26:00,6.49,6.49,6.48,6.48,1735.0,XFLT
2023-05-15 11:24:00,6.4893,6.4893,6.4893,6.4893,153.0,XFLT
2023-05-15 11:20:00,6.4801,6.4801,6.4801,6.4801,7025.0,XFLT
2023-05-15 11:19:00,6.49,6.49,6.485,6.485,305.0,XFLT
2023-05-15 11:18:00,6.51,6.51,6.5,6.5,1951.0,XFLT
2023-05-15 11:17:00,6.5192,6.5192,6.51,6.51,1410.0,XFLT
2023-05-15 11:13:00,6.53,6.53,6.53,6.53,100.0,XFLT
2023-05-15 11:10:00,6.51,6.51,6.5077,6.5077,553.0,XFLT
2023-05-15 11:09:00,6.5,6.51,6.5,6.5052,700.0,XFLT
2023-05-15 11:08:00,6.4801,6.4801,6.4801,6.4801,7731.0,XFLT
2023-05-15 11:06:00,6.5,6.5,6.49,6.49,2859.0,XFLT
2023-05-15 11:02:00,6.5023,6.5023,6.5,6.5,1399.0,XFLT
2023-05-15 11:01:00,6.5051,6.5051,6.5051,6.5051,508.0,XFLT
2023-05-15 10:59:00,6.5,6.5,6.5,6.5,300.0,XFLT
2023-05-15 10:58:00,6.5,6.51,6.5,6.5096,2110.0,XFLT
2023-05-15 10:57:00,6.4896,6.5,6.4896,6.4957,4071.0,XFLT
2023-05-15 10:56:00,6.4899,6.49,6.4899,6.49,1060.0,XFLT
2023-05-15 10:55:00,6.4901,6.4901,6.49,6.49,7560.0,XFLT
2023-05-15 10:54:00,6.4965,6.4965,6.49,6.49,530.0,XFLT
2023-05-15 10:53:00,6.5,6.5,6.4999,6.4999,1285.0,XFLT
2023-05-15 10:52:00,6.5,6.5028,6.5,6.5028,357.0,XFLT
2023-05-15 10:51:00,6.51,6.5181,6.5,6.5,2383.0,XFLT
2023-05-15 10:50:00,6.5199,6.5199,6.5199,6.5199,1029.0,XFLT
2023-05-15 10:48:00,6.51,6.51,6.51,6.51,800.0,XFLT
2023-05-15 10:47:00,6.5,6.5,6.5,6.5,687.0,XFLT
2023-05-15 10:46:00,6.5092,6.5092,6.4999,6.4999,1516.0,XFLT
2023-05-15 10:44:00,6.505,6.51,6.5,6.5,1361.0,XFLT
2023-05-15 10:43:00,6.5,6.5,6.5,6.5,1389.0,XFLT
2023-05-15 10:42:00,6.5,6.5,6.5,6.5,123.0,XFLT
2023-05-15 10:40:00,6.52,6.52,6.49,6.49,11583.0,XFLT
2023-05-15 10:39:00,6.52,6.52,6.52,6.52,5606.0,XFLT
2023-05-15 10:38:00,6.53,6.53,6.52,6.52,22297.0,XFLT
2023-05-15 10:37:00,6.53,6.5301,6.52,6.53,10432.0,XFLT
2023-05-15 10:34:00,6.5399,6.5399,6.53,6.53,766.0,XFLT
2023-05-15 10:33:00,6.53,6.53,6.53,6.53,274.0,XFLT
2023-05-15 10:32:00,6.535,6.5399,6.535,6.5399,500.0,XFLT
2023-05-15 10:28:00,6.535,6.54,6.535,6.5399,560.0,XFLT
2023-05-15 10:24:00,6.535,6.535,6.53,6.53,1598.0,XFLT
2023-05-15 10:17:00,6.5301,6.5301,6.5301,6.5301,139.0,XFLT
2023-05-15 10:15:00,6.535,6.535,6.53,6.53,356.0,XFLT
2023-05-15 10:14:00,6.5399,6.5399,6.5399,6.5399,810.0,XFLT
2023-05-15 10:12:00,6.5391,6.54,6.53,6.54,4022.0,XFLT
2023-05-15 10:11:00,6.54,6.54,6.535,6.5391,851.0,XFLT
2023-05-15 10:10:00,6.5499,6.5499,6.5499,6.5499,2093.0,XFLT
2023-05-15 10:06:00,6.5399,6.54,6.535,6.54,1300.0,XFLT
2023-05-15 10:05:00,6.53,6.53,6.53,6.53,316.0,XFLT
2023-05-15 10:04:00,6.5399,6.5399,6.53,6.5398,2440.0,XFLT
2023-05-15 10:01:00,6.535,6.54,6.534,6.534,547.0,XFLT
2023-05-15 10:00:00,6.5355,6.5355,6.5355,6.5355,125.0,XFLT
2023-05-15 09:59:00,6.539,6.539,6.53,6.53,835.0,XFLT
2023-05-15 09:57:00,6.535,6.535,6.53,6.53,1709.0,XFLT
2023-05-15 09:56:00,6.5399,6.54,6.53,6.53,822.0,XFLT
2023-05-15 09:55:00,6.54,6.54,6.54,6.54,344.0,XFLT
2023-05-15 09:54:00,6.552,6.552,6.54,6.545,5418.0,XFLT
2023-05-15 09:50:00,6.55,6.55,6.55,6.55,268.0,XFLT
2023-05-15 09:47:00,6.55,6.55,6.55,6.55,295.0,XFLT
2023-05-15 09:46:00,6.56,6.56,6.55,6.55,1737.0,XFLT
2023-05-15 09:45:00,6.565,6.565,6.565,6.565,521.0,XFLT
2023-05-15 09:44:00,6.555,6.555,6.555,6.555,130.0,XFLT
2023-05-15 09:41:00,6.559,6.559,6.559,6.559,100.0,XFLT
2023-05-15 09:40:00,6.56,6.56,6.56,6.56,140.0,XFLT
2023-05-15 09:39:00,6.56,6.56,6.56,6.56,152.0,XFLT
2023-05-15 09:37:00,6.575,6.575,6.55,6.55,1368.0,XFLT
2023-05-15 09:35:00,6.5806,6.5806,6.58,6.58,3085.0,XFLT
2023-05-15 09:34:00,6.6,6.6,6.583,6.583,5000.0,XFLT
2023-05-15 09:33:00,6.59,6.5947,6.58,6.58,7349.0,XFLT
2023-05-15 09:32:00,6.59,6.61,6.59,6.61,4515.0,XFLT
2023-05-15 09:31:00,6.65,6.65,6.59,6.59,32621.0,XFLT
2023-05-15 09:30:00,6.65,6.67,6.65,6.67,1740.0,XFLT
2023-05-15 09:22:00,6.66,6.66,6.66,6.66,200.0,XFLT
2023-05-15 09:21:00,6.64,6.64,6.64,6.64,401.0,XFLT
2023-05-15 09:16:00,6.58,6.58,6.58,6.58,1500.0,XFLT
2023-05-15 09:15:00,6.64,6.64,6.64,6.64,1200.0,XFLT
2023-05-12 16:32:00,6.5938,6.5938,6.5938,6.5938,1000.0,XFLT
2023-05-12 16:00:00,6.574,6.5839,6.574,6.579,3580.0,XFLT
2023-05-12 15:53:00,6.5804,6.5804,6.579,6.579,1252.0,XFLT
2023-05-12 15:52:00,6.574,6.574,6.574,6.574,1600.0,XFLT
2023-05-12 15:50:00,6.574,6.574,6.574,6.574,686.0,XFLT
2023-05-12 15:49:00,6.579,6.579,6.579,6.579,409.0,XFLT
2023-05-12 15:48:00,6.579,6.5839,6.574,6.574,2640.0,XFLT
2023-05-12 15:42:00,6.5839,6.5839,6.579,6.579,2631.0,XFLT
2023-05-12 15:41:00,6.5839,6.5839,6.5839,6.5839,150.0,XFLT
2023-05-12 15:39:00,6.5691,6.5839,6.5691,6.5839,1799.0,XFLT
2023-05-12 15:38:00,6.574,6.574,6.5642,6.574,5827.0,XFLT
2023-05-12 15:36:00,6.5741,6.579,6.574,6.574,2954.0,XFLT
2023-05-12 15:35:00,6.579,6.579,6.574,6.574,887.0,XFLT
2023-05-12 15:32:00,6.579,6.579,6.579,6.579,261.0,XFLT
2023-05-12 15:31:00,6.579,6.579,6.579,6.579,721.0,XFLT
2023-05-12 15:29:00,6.5839,6.5839,6.5839,6.5839,297.0,XFLT
2023-05-12 15:28:00,6.5839,6.5839,6.5839,6.5839,225.0,XFLT
2023-05-12 15:27:00,6.5801,6.5839,6.579,6.5839,1937.0,XFLT
2023-05-12 15:26:00,6.5741,6.5741,6.5741,6.5741,329.0,XFLT
2023-05-12 15:22:00,6.579,6.579,6.579,6.579,325.0,XFLT
2023-05-12 15:21:00,6.5838,6.5838,6.574,6.574,6683.0,XFLT
2023-05-12 15:20:00,6.574,6.574,6.574,6.574,926.0,XFLT
2023-05-12 15:19:00,6.579,6.5837,6.579,6.579,1441.0,XFLT
2023-05-12 15:13:00,6.574,6.579,6.574,6.579,822.0,XFLT
2023-05-12 15:12:00,6.5834,6.5834,6.5834,6.5834,150.0,XFLT
2023-05-12 15:01:00,6.579,6.579,6.579,6.579,120.0,XFLT
2023-05-12 15:00:00,6.579,6.579,6.579,6.579,119.0,XFLT
2023-05-12 14:53:00,6.579,6.579,6.579,6.579,249.0,XFLT
2023-05-12 14:52:00,6.579,6.579,6.579,6.579,142.0,XFLT
2023-05-12 14:51:00,6.5839,6.5839,6.5839,6.5839,500.0,XFLT
2023-05-12 14:44:00,6.579,6.579,6.579,6.579,516.0,XFLT
2023-05-12 14:43:00,6.579,6.579,6.579,6.579,928.0,XFLT
2023-05-12 14:42:00,6.574,6.579,6.574,6.574,1100.0,XFLT
2023-05-12 14:40:00,6.5839,6.5938,6.5839,6.5839,890.0,XFLT
2023-05-12 14:32:00,6.5888,6.5888,6.5888,6.5888,160.0,XFLT
2023-05-12 14:31:00,6.5938,6.5938,6.5938,6.5938,177.0,XFLT
2023-05-12 14:29:00,6.5888,6.5888,6.5888,6.5888,200.0,XFLT
2023-05-12 14:22:00,6.584,6.584,6.5839,6.5839,10229.0,XFLT
2023-05-12 14:16:00,6.5938,6.5938,6.5938,6.5938,591.0,XFLT
2023-05-12 14:14:00,6.5839,6.5938,6.5839,6.5938,3245.0,XFLT
2023-05-12 14:13:00,6.5841,6.5841,6.5841,6.5841,157.0,XFLT
2023-05-12 14:10:00,6.584,6.584,6.584,6.584,100.0,XFLT
2023-05-12 14:07:00,6.5938,6.5938,6.5938,6.5938,641.0,XFLT
2023-05-12 14:04:00,6.5959,6.5959,6.5959,6.5959,304.0,XFLT
2023-05-12 13:49:00,6.5987,6.5987,6.5987,6.5987,550.0,XFLT
2023-05-12 13:46:00,6.5939,6.5939,6.5939,6.5939,354.0,XFLT
2023-05-12 13:39:00,6.5938,6.5938,6.589,6.5938,1035.0,XFLT
2023-05-12 13:31:00,6.5938,6.5938,6.5938,6.5938,176.0,XFLT
2023-05-12 13:30:00,6.5929,6.5929,6.5929,6.5929,150.0,XFLT
2023-05-12 13:21:00,6.5888,6.5938,6.5888,6.5935,1077.0,XFLT
2023-05-12 13:14:00,6.579,6.5938,6.579,6.579,1431.0,XFLT
2023-05-12 13:12:00,6.5804,6.5804,6.579,6.579,474.0,XFLT
2023-05-12 13:11:00,6.5839,6.5839,6.579,6.579,901.0,XFLT
2023-05-12 13:10:00,6.5888,6.6036,6.5839,6.5937,9107.0,XFLT
2023-05-12 13:09:00,6.5839,6.5888,6.5839,6.5888,200.0,XFLT
2023-05-12 13:08:00,6.5839,6.5839,6.5839,6.5839,873.0,XFLT
2023-05-12 13:01:00,6.579,6.5839,6.579,6.579,1186.0,XFLT
2023-05-12 12:53:00,6.579,6.579,6.579,6.579,200.0,XFLT
2023-05-12 12:45:00,6.574,6.574,6.574,6.574,108.0,XFLT
2023-05-12 12:42:00,6.576,6.579,6.574,6.574,962.0,XFLT
2023-05-12 12:40:00,6.579,6.579,6.579,6.579,451.0,XFLT
2023-05-12 12:33:00,6.5834,6.5834,6.5834,6.5834,140.0,XFLT
2023-05-12 12:27:00,6.575,6.575,6.574,6.574,731.0,XFLT
2023-05-12 12:26:00,6.5839,6.5938,6.579,6.579,2209.0,XFLT
2023-05-12 12:24:00,6.5888,6.5888,6.5839,6.5839,2569.0,XFLT
2023-05-12 12:22:00,6.5888,6.5888,6.5839,6.5888,642.0,XFLT
2023-05-12 12:21:00,6.5938,6.5938,6.5938,6.5938,100.0,XFLT
2023-05-12 12:20:00,6.5888,6.5888,6.5888,6.5888,203.0,XFLT
2023-05-12 12:16:00,6.5839,6.5888,6.5803,6.5888,1871.0,XFLT
2023-05-12 12:14:00,6.574,6.574,6.5716,6.574,1170.0,XFLT
2023-05-12 12:13:00,6.574,6.574,6.574,6.574,384.0,XFLT
2023-05-12 12:12:00,6.579,6.579,6.576,6.576,950.0,XFLT
2023-05-12 12:11:00,6.5938,6.5938,6.5938,6.5938,294.0,XFLT
2023-05-12 12:10:00,6.6135,6.6135,6.5987,6.5987,463.0,XFLT
2023-05-12 12:09:00,6.6234,6.6234,6.6234,6.6234,2115.0,XFLT
2023-05-12 12:08:00,6.6333,6.6333,6.6234,6.6234,1751.0,XFLT
2023-05-12 12:04:00,6.6234,6.6283,6.6234,6.6283,469.0,XFLT
2023-05-12 12:02:00,6.6407,6.6407,6.6333,6.6333,893.0,XFLT
2023-05-12 12:01:00,6.643,6.643,6.6333,6.6333,595.0,XFLT
2023-05-12 12:00:00,6.6283,6.6431,6.6283,6.6333,5158.0,XFLT
2023-05-12 11:59:00,6.6243,6.6283,6.6135,6.6185,10927.0,XFLT
2023-05-12 11:55:00,6.6283,6.6283,6.6283,6.6283,693.0,XFLT
2023-05-12 11:54:00,6.6234,6.6287,6.6234,6.6283,3763.0,XFLT
2023-05-12 11:53:00,6.6234,6.6283,6.6234,6.6283,203.0,XFLT
2023-05-12 11:52:00,6.6185,6.6234,6.6185,6.6234,575.0,XFLT
2023-05-12 11:51:00,6.6086,6.6135,6.6086,6.6135,2400.0,XFLT
2023-05-12 11:49:00,6.6036,6.6135,6.6036,6.6135,1074.0,XFLT
2023-05-12 11:46:00,6.5938,6.5987,6.5938,6.5938,1928.0,XFLT
2023-05-12 11:41:00,6.5888,6.5888,6.5888,6.5888,100.0,XFLT
2023-05-12 11:40:00,6.5848,6.5888,6.5848,6.5888,1000.0,XFLT
2023-05-12 11:38:00,6.5774,6.5839,6.5774,6.5839,1635.0,XFLT
2023-05-12 11:37:00,6.579,6.6036,6.579,6.5839,3535.0,XFLT
2023-05-12 11:35:00,6.5824,6.5824,6.574,6.574,1147.0,XFLT
2023-05-12 11:34:00,6.574,6.579,6.5691,6.579,4832.0,XFLT
2023-05-12 11:29:00,6.5691,6.5691,6.5642,6.5642,2239.0,XFLT
2023-05-12 11:16:00,6.5728,6.5728,6.5728,6.5728,100.0,XFLT
2023-05-12 11:12:00,6.5694,6.5694,6.5642,6.5642,1049.0,XFLT
2023-05-12 11:10:00,6.5711,6.5711,6.5711,6.5711,325.0,XFLT
2023-05-12 11:07:00,6.5721,6.5721,6.5642,6.5642,1350.0,XFLT
2023-05-12 11:05:00,6.5691,6.5691,6.5642,6.5642,1126.0,XFLT
2023-05-12 11:03:00,6.5719,6.5719,6.5719,6.5719,2000.0,XFLT
2023-05-12 11:01:00,6.5642,6.5642,6.5642,6.5642,1552.0,XFLT
2023-05-12 11:00:00,6.5592,6.5592,6.5543,6.5543,3696.0,XFLT
2023-05-12 10:59:00,6.5543,6.5543,6.5543,6.5543,684.0,XFLT
2023-05-12 10:58:00,6.5592,6.5592,6.5592,6.5592,3366.0,XFLT
2023-05-12 10:57:00,6.5642,6.5691,6.5594,6.5642,1797.0,XFLT
2023-05-12 10:54:00,6.5551,6.5551,6.5551,6.5551,252.0,XFLT
2023-05-12 10:53:00,6.5551,6.5551,6.5551,6.5551,270.0,XFLT
2023-05-12 10:52:00,6.5592,6.5592,6.5543,6.5543,471.0,XFLT
2023-05-12 10:51:00,6.5546,6.5546,6.5546,6.5546,150.0,XFLT
2023-05-12 10:50:00,6.5641,6.5642,6.5543,6.5543,3631.0,XFLT
2023-05-12 10:49:00,6.5691,6.574,6.5538,6.5543,13589.0,XFLT
2023-05-12 10:48:00,6.574,6.574,6.5698,6.5698,706.0,XFLT
2023-05-12 10:47:00,6.5659,6.5839,6.5659,6.574,1949.0,XFLT
2023-05-12 10:46:00,6.5592,6.5839,6.5444,6.5642,16004.0,XFLT
2023-05-12 10:45:00,6.5592,6.5592,6.5543,6.5543,2329.0,XFLT
2023-05-12 10:44:00,6.5592,6.5642,6.5592,6.5642,575.0,XFLT
2023-05-12 10:43:00,6.5552,6.5592,6.5543,6.5543,1012.0,XFLT
2023-05-12 10:33:00,6.5592,6.5642,6.5592,6.5642,300.0,XFLT
2023-05-12 10:30:00,6.5592,6.5839,6.5543,6.5543,12395.0,XFLT
2023-05-12 10:29:00,6.5642,6.5642,6.5543,6.5543,1579.0,XFLT
2023-05-12 10:27:00,6.5543,6.574,6.5542,6.5586,8686.0,XFLT
2023-05-12 10:26:00,6.5543,6.5543,6.5543,6.5543,505.0,XFLT
2023-05-12 10:25:00,6.5494,6.5494,6.5494,6.5494,273.0,XFLT
2023-05-12 10:23:00,6.5543,6.5543,6.5444,6.5494,695.0,XFLT
2023-05-12 10:22:00,6.5543,6.5543,6.5543,6.5543,1702.0,XFLT
2023-05-12 10:21:00,6.5543,6.5642,6.5542,6.5542,7678.0,XFLT
2023-05-12 10:19:00,6.5543,6.5543,6.5543,6.5543,272.0,XFLT
2023-05-12 10:14:00,6.5543,6.5554,6.5543,6.5554,1365.0,XFLT
2023-05-12 10:11:00,6.5543,6.5543,6.5541,6.5541,500.0,XFLT
2023-05-12 10:09:00,6.5494,6.5494,6.5494,6.5494,100.0,XFLT
2023-05-12 10:08:00,6.5512,6.5512,6.5494,6.5494,1346.0,XFLT
2023-05-12 10:06:00,6.5444,6.5444,6.5444,6.5444,100.0,XFLT
2023-05-12 10:05:00,6.5444,6.5444,6.5435,6.5435,365.0,XFLT
2023-05-12 10:03:00,6.5515,6.5515,6.5444,6.5444,1275.0,XFLT
2023-05-12 10:01:00,6.5536,6.5536,6.5536,6.5536,300.0,XFLT
2023-05-12 09:57:00,6.5543,6.5543,6.5543,6.5543,377.0,XFLT
2023-05-12 09:56:00,6.5641,6.5641,6.5543,6.5543,2686.0,XFLT
2023-05-12 09:51:00,6.5637,6.5637,6.5637,6.5637,735.0,XFLT
2023-05-12 09:50:00,6.5838,6.5838,6.5642,6.5642,3514.0,XFLT
2023-05-12 09:46:00,6.583,6.5938,6.579,6.5938,3237.0,XFLT
2023-05-12 09:41:00,6.5642,6.574,6.5639,6.5642,2296.0,XFLT
2023-05-12 09:40:00,6.5598,6.5642,6.5592,6.5642,1647.0,XFLT
2023-05-12 09:39:00,6.564,6.5642,6.5543,6.5642,1794.0,XFLT
2023-05-12 09:38:00,6.5693,6.5693,6.5642,6.5642,1554.0,XFLT
2023-05-12 09:37:00,6.5642,6.5642,6.5642,6.5642,1123.0,XFLT
2023-05-12 09:36:00,6.5671,6.5691,6.5642,6.5642,1875.0,XFLT
2023-05-12 09:35:00,6.574,6.574,6.574,6.574,500.0,XFLT
2023-05-12 09:32:00,6.5839,6.5937,6.574,6.574,1904.0,XFLT
2023-05-12 09:31:00,6.5839,6.5839,6.5839,6.5839,3515.0,XFLT
2023-05-11 16:00:00,6.5543,6.5592,6.5543,6.5592,946.0,XFLT
2023-05-11 15:59:00,6.5642,6.5642,6.5642,6.5642,200.0,XFLT
2023-05-11 15:58:00,6.5642,6.5642,6.5642,6.5642,1986.0,XFLT
2023-05-11 15:56:00,6.574,6.574,6.574,6.574,118.0,XFLT
2023-05-11 15:54:00,6.5641,6.5642,6.5592,6.5642,2029.0,XFLT
2023-05-11 15:53:00,6.5543,6.5543,6.5543,6.5543,751.0,XFLT
2023-05-11 15:52:00,6.5557,6.5557,6.5557,6.5557,1000.0,XFLT
2023-05-11 15:51:00,6.5683,6.5683,6.5543,6.5543,5895.0,XFLT
2023-05-11 15:49:00,6.579,6.579,6.5643,6.5643,895.0,XFLT
2023-05-11 15:47:00,6.579,6.5797,6.574,6.579,5194.0,XFLT
2023-05-11 15:46:00,6.579,6.579,6.579,6.579,100.0,XFLT
2023-05-11 15:43:00,6.5592,6.574,6.5592,6.574,1955.0,XFLT
2023-05-11 15:42:00,6.5592,6.5642,6.5543,6.5642,1050.0,XFLT
2023-05-11 15:40:00,6.5558,6.5558,6.5558,6.5558,147.0,XFLT
2023-05-11 15:39:00,6.5494,6.5543,6.5494,6.5543,1780.0,XFLT
2023-05-11 15:28:00,6.5592,6.5642,6.5543,6.5543,3999.0,XFLT
2023-05-11 15:25:00,6.5543,6.5561,6.5543,6.5561,414.0,XFLT
2023-05-11 14:52:00,6.5494,6.5543,6.5494,6.5543,1302.0,XFLT
2023-05-11 14:44:00,6.5444,6.5444,6.5444,6.5444,100.0,XFLT
2023-05-11 14:35:00,6.5494,6.5494,6.5494,6.5494,320.0,XFLT
2023-05-11 14:09:00,6.5444,6.5444,6.5444,6.5444,100.0,XFLT
2023-05-11 14:02:00,6.5457,6.5457,6.5444,6.5444,2469.0,XFLT
2023-05-11 13:59:00,6.5482,6.5482,6.5444,6.5444,244.0,XFLT
2023-05-11 13:54:00,6.5444,6.5444,6.5444,6.5444,500.0,XFLT
2023-05-11 13:44:00,6.5542,6.5542,6.5542,6.5542,100.0,XFLT
2023-05-11 13:41:00,6.5494,6.5494,6.5494,6.5494,100.0,XFLT
2023-05-11 13:33:00,6.5494,6.5494,6.5444,6.5444,1288.0,XFLT
2023-05-11 13:28:00,6.5543,6.5543,6.5543,6.5543,200.0,XFLT
2023-05-11 13:23:00,6.5642,6.5691,6.5543,6.5543,2551.0,XFLT
2023-05-11 13:18:00,6.5543,6.5642,6.5543,6.5642,500.0,XFLT
2023-05-11 13:13:00,6.5527,6.5527,6.5527,6.5527,400.0,XFLT
2023-05-11 13:05:00,6.5494,6.5494,6.5494,6.5494,100.0,XFLT
2023-05-11 13:04:00,6.5543,6.5543,6.5543,6.5543,123.0,XFLT
2023-05-11 13:02:00,6.5444,6.5444,6.5444,6.5444,793.0,XFLT
2023-05-11 13:00:00,6.5444,6.5444,6.5444,6.5444,518.0,XFLT
2023-05-11 12:59:00,6.5444,6.5444,6.5444,6.5444,159.0,XFLT
2023-05-11 12:54:00,6.5444,6.5444,6.5444,6.5444,100.0,XFLT
2023-05-11 12:51:00,6.5592,6.5592,6.5543,6.5543,7111.0,XFLT
2023-05-11 12:50:00,6.5592,6.5642,6.5592,6.5592,1728.0,XFLT
2023-05-11 12:49:00,6.5592,6.5592,6.5592,6.5592,1000.0,XFLT
2023-05-11 12:45:00,6.5592,6.5592,6.5592,6.5592,200.0,XFLT
2023-05-11 12:43:00,6.5444,6.5543,6.5444,6.5543,1044.0,XFLT
2023-05-11 12:18:00,6.5296,6.5296,6.5247,6.5247,498.0,XFLT
2023-05-11 12:12:00,6.5395,6.5395,6.5247,6.5247,4036.0,XFLT
2023-05-11 12:02:00,6.5443,6.5443,6.5345,6.5345,1488.0,XFLT
2023-05-11 11:59:00,6.5433,6.5433,6.5433,6.5433,250.0,XFLT
2023-05-11 11:55:00,6.5365,6.5395,6.5345,6.5395,2178.0,XFLT
2023-05-11 11:51:00,6.5542,6.5542,6.5444,6.5444,532.0,XFLT
2023-05-11 11:49:00,6.5444,6.5444,6.5444,6.5444,200.0,XFLT
2023-05-11 11:41:00,6.5444,6.5444,6.5444,6.5444,363.0,XFLT
2023-05-11 11:40:00,6.5554,6.5554,6.5554,6.5554,350.0,XFLT
2023-05-11 11:37:00,6.5494,6.5543,6.5494,6.5543,210.0,XFLT
2023-05-11 11:34:00,6.5543,6.5543,6.5444,6.5542,676.0,XFLT
2023-05-11 11:32:00,6.574,6.574,6.5543,6.5592,7050.0,XFLT
2023-05-11 11:31:00,6.5543,6.5543,6.5543,6.5543,100.0,XFLT
2023-05-11 11:30:00,6.5543,6.5543,6.5543,6.5543,100.0,XFLT
2023-05-11 11:28:00,6.5592,6.5592,6.5592,6.5592,100.0,XFLT
2023-05-11 11:26:00,6.5643,6.5643,6.5642,6.5642,5523.0,XFLT
2023-05-11 11:21:00,6.5888,6.5888,6.574,6.574,1130.0,XFLT
2023-05-11 11:04:00,6.5839,6.5839,6.5839,6.5839,190.0,XFLT
2023-05-11 10:59:00,6.5839,6.5839,6.5839,6.5839,320.0,XFLT
2023-05-11 10:58:00,6.5888,6.5888,6.5839,6.5839,553.0,XFLT
2023-05-11 10:55:00,6.5938,6.5938,6.5938,6.5938,100.0,XFLT
2023-05-11 10:54:00,6.5938,6.5938,6.5938,6.5938,105.0,XFLT
2023-05-11 10:53:00,6.6086,6.6135,6.6036,6.6036,2824.0,XFLT
2023-05-11 10:48:00,6.6086,6.6086,6.6086,6.6086,100.0,XFLT
2023-05-11 10:45:00,6.6185,6.6185,6.6135,6.6135,400.0,XFLT
2023-05-11 10:44:00,6.6135,6.6135,6.6135,6.6135,100.0,XFLT
2023-05-11 10:43:00,6.6185,6.6234,6.6185,6.6234,716.0,XFLT
2023-05-11 10:39:00,6.6219,6.6219,6.6219,6.6219,150.0,XFLT
2023-05-11 10:38:00,6.6141,6.6141,6.6141,6.6141,200.0,XFLT
2023-05-11 10:36:00,6.6223,6.6223,6.6223,6.6223,144.0,XFLT
2023-05-11 10:30:00,6.5938,6.6135,6.5938,6.5987,1036.0,XFLT
2023-05-11 10:22:00,6.5839,6.5846,6.5839,6.5846,1405.0,XFLT
2023-05-11 10:21:00,6.5888,6.5888,6.5847,6.5847,200.0,XFLT
2023-05-11 10:20:00,6.5938,6.5938,6.5937,6.5937,200.0,XFLT
2023-05-11 10:14:00,6.5927,6.5927,6.5927,6.5927,375.0,XFLT
2023-05-11 10:06:00,6.5888,6.5888,6.5864,6.5864,1651.0,XFLT
2023-05-11 10:02:00,6.5888,6.5888,6.5888,6.5888,400.0,XFLT
2023-05-11 10:00:00,6.5839,6.5937,6.5839,6.5937,992.0,XFLT
2023-05-11 09:46:00,6.5888,6.5888,6.5888,6.5888,100.0,XFLT
2023-05-11 09:45:00,6.5938,6.5938,6.5856,6.5856,1599.0,XFLT
2023-05-11 09:43:00,6.5888,6.5888,6.5888,6.5888,603.0,XFLT
2023-05-11 09:40:00,6.5937,6.5937,6.5937,6.5937,791.0,XFLT
2023-05-11 09:37:00,6.5938,6.5938,6.5938,6.5938,200.0,XFLT
2023-05-11 09:33:00,6.5938,6.5938,6.5839,6.5839,1550.0,XFLT
2023-05-11 09:31:00,6.6036,6.6036,6.5839,6.5839,2441.0,XFLT
2023-05-10 17:07:00,6.6135,6.6135,6.6135,6.6135,150.0,XFLT
2023-05-10 16:00:00,6.5543,6.5543,6.5345,6.5494,8362.0,XFLT
2023-05-10 15:58:00,6.5543,6.5543,6.5543,6.5543,2021.0,XFLT
2023-05-10 15:57:00,6.5647,6.5647,6.5642,6.5642,900.0,XFLT
2023-05-10 15:50:00,6.5543,6.5543,6.5543,6.5543,351.0,XFLT
2023-05-10 15:45:00,6.5395,6.5444,6.5395,6.5443,2096.0,XFLT
2023-05-10 15:44:00,6.5444,6.5444,6.5395,6.5395,848.0,XFLT
2023-05-10 15:40:00,6.5461,6.5461,6.5461,6.5461,300.0,XFLT
2023-05-10 15:38:00,6.5465,6.5465,6.5444,6.5444,2018.0,XFLT
2023-05-10 15:37:00,6.5494,6.5543,6.5444,6.5444,4881.0,XFLT
2023-05-10 15:35:00,6.5494,6.5494,6.5494,6.5494,237.0,XFLT
2023-05-10 15:34:00,6.5543,6.5543,6.5494,6.5494,1458.0,XFLT
2023-05-10 15:24:00,6.5582,6.5582,6.5543,6.5543,447.0,XFLT
2023-05-10 15:18:00,6.5543,6.5543,6.5543,6.5543,259.0,XFLT
2023-05-10 15:17:00,6.5642,6.5642,6.5543,6.5543,600.0,XFLT
2023-05-10 15:16:00,6.5642,6.5642,6.5642,6.5642,686.0,XFLT
2023-05-10 15:11:00,6.5592,6.5592,6.5592,6.5592,272.0,XFLT
2023-05-10 15:10:00,6.5723,6.5723,6.5723,6.5723,1004.0,XFLT
2023-05-10 15:00:00,6.5739,6.5739,6.5739,6.5739,101.0,XFLT
2023-05-10 14:58:00,6.574,6.574,6.5642,6.5739,1767.0,XFLT
2023-05-10 14:57:00,6.574,6.574,6.574,6.574,278.0,XFLT
2023-05-10 14:45:00,6.5839,6.5839,6.5839,6.5839,946.0,XFLT
2023-05-10 14:43:00,6.5839,6.5839,6.5839,6.5839,552.0,XFLT
2023-05-10 14:42:00,6.5846,6.5846,6.5846,6.5846,1000.0,XFLT
2023-05-10 14:41:00,6.5839,6.5839,6.5839,6.5839,380.0,XFLT
2023-05-10 14:39:00,6.5838,6.5839,6.5792,6.5792,630.0,XFLT
2023-05-10 14:37:00,6.5739,6.574,6.5739,6.574,405.0,XFLT
2023-05-10 14:34:00,6.5642,6.5642,6.5642,6.5642,100.0,XFLT
2023-05-10 14:32:00,6.5642,6.5642,6.5642,6.5642,277.0,XFLT
2023-05-10 14:31:00,6.5543,6.5739,6.5543,6.5739,917.0,XFLT
2023-05-10 14:10:00,6.5451,6.5494,6.5444,6.5444,3421.0,XFLT
2023-05-10 13:59:00,6.5444,6.5444,6.5444,6.5444,305.0,XFLT
2023-05-10 13:58:00,6.5494,6.5543,6.5494,6.5543,3462.0,XFLT
2023-05-10 13:57:00,6.5542,6.5542,6.5542,6.5542,100.0,XFLT
2023-05-10 13:55:00,6.5494,6.5494,6.5494,6.5494,253.0,XFLT
2023-05-10 13:41:00,6.5476,6.5476,6.5476,6.5476,308.0,XFLT
2023-05-10 13:35:00,6.5517,6.5517,6.5517,6.5517,175.0,XFLT
2023-05-10 13:33:00,6.5494,6.5494,6.5494,6.5494,175.0,XFLT
2023-05-10 13:31:00,6.5543,6.5543,6.5496,6.5496,260.0,XFLT
2023-05-10 13:30:00,6.5494,6.5494,6.5494,6.5494,462.0,XFLT
2023-05-10 13:28:00,6.5494,6.5543,6.5494,6.5543,1000.0,XFLT
2023-05-10 13:27:00,6.5543,6.5642,6.5543,6.5642,347.0,XFLT
2023-05-10 13:24:00,6.5592,6.5592,6.5592,6.5592,150.0,XFLT
2023-05-10 13:21:00,6.555,6.555,6.555,6.555,100.0,XFLT
2023-05-10 13:16:00,6.5592,6.5592,6.5592,6.5592,344.0,XFLT
2023-05-10 13:15:00,6.5592,6.5639,6.5592,6.5639,3000.0,XFLT
2023-05-10 13:14:00,6.5543,6.5543,6.5542,6.5542,578.0,XFLT
2023-05-10 13:07:00,6.5494,6.5543,6.5494,6.5542,1200.0,XFLT
2023-05-10 13:04:00,6.5471,6.5471,6.5471,6.5471,100.0,XFLT
2023-05-10 13:02:00,6.5494,6.5494,6.5494,6.5494,354.0,XFLT
2023-05-10 12:58:00,6.5543,6.5543,6.5444,6.5444,964.0,XFLT
2023-05-10 12:53:00,6.5641,6.5641,6.5641,6.5641,150.0,XFLT
2023-05-10 12:34:00,6.5592,6.5592,6.5592,6.5592,147.0,XFLT
2023-05-10 12:31:00,6.5642,6.5642,6.5641,6.5642,1602.0,XFLT
2023-05-10 12:25:00,6.5635,6.5635,6.5635,6.5635,500.0,XFLT
2023-05-10 12:19:00,6.5494,6.5592,6.5494,6.5592,1373.0,XFLT
2023-05-10 12:15:00,6.5491,6.5494,6.5444,6.5444,5521.0,XFLT
2023-05-10 12:07:00,6.5543,6.5543,6.5543,6.5543,135.0,XFLT
2023-05-10 12:05:00,6.5592,6.5592,6.5592,6.5592,100.0,XFLT
2023-05-10 12:04:00,6.5592,6.5592,6.5543,6.5543,338.0,XFLT
2023-05-10 12:02:00,6.5641,6.5641,6.5641,6.5641,151.0,XFLT
2023-05-10 11:58:00,6.5642,6.5642,6.5543,6.5543,614.0,XFLT
2023-05-10 11:56:00,6.5739,6.5739,6.5691,6.5691,2667.0,XFLT
2023-05-10 11:52:00,6.5691,6.5691,6.5691,6.5691,749.0,XFLT
2023-05-10 11:51:00,6.5691,6.5691,6.5691,6.5691,500.0,XFLT
2023-05-10 11:46:00,6.5691,6.5691,6.5691,6.5691,272.0,XFLT
2023-05-10 11:40:00,6.574,6.5839,6.5594,6.5839,6009.0,XFLT
2023-05-10 11:39:00,6.5739,6.5739,6.5739,6.5739,100.0,XFLT
2023-05-10 11:37:00,6.5642,6.5642,6.5642,6.5642,620.0,XFLT
2023-05-10 11:35:00,6.574,6.5839,6.5642,6.5642,9644.0,XFLT
2023-05-10 11:34:00,6.574,6.574,6.574,6.574,179.0,XFLT
2023-05-10 11:31:00,6.6036,6.6036,6.574,6.574,11138.0,XFLT
2023-05-10 11:27:00,6.5839,6.6036,6.5839,6.5938,7140.0,XFLT
2023-05-10 11:26:00,6.574,6.574,6.5691,6.5691,926.0,XFLT
2023-05-10 11:24:00,6.5672,6.5672,6.5642,6.5642,1414.0,XFLT
2023-05-10 11:19:00,6.5739,6.5739,6.5739,6.5739,177.0,XFLT
2023-05-10 11:15:00,6.5642,6.5642,6.5642,6.5642,330.0,XFLT
2023-05-10 11:14:00,6.5642,6.5642,6.5642,6.5642,130.0,XFLT
2023-05-10 11:13:00,6.574,6.574,6.574,6.574,1776.0,XFLT
2023-05-10 11:12:00,6.5841,6.5841,6.574,6.574,10802.0,XFLT
2023-05-10 11:07:00,6.5937,6.5937,6.5937,6.5937,250.0,XFLT
2023-05-10 11:06:00,6.5839,6.5839,6.5839,6.5839,535.0,XFLT
2023-05-10 11:03:00,6.583,6.583,6.583,6.583,137.0,XFLT
2023-05-10 11:02:00,6.5839,6.5839,6.5792,6.5839,2000.0,XFLT
2023-05-10 10:58:00,6.574,6.574,6.574,6.574,921.0,XFLT
2023-05-10 10:51:00,6.5888,6.5888,6.5839,6.5839,1300.0,XFLT
2023-05-10 10:49:00,6.5987,6.5987,6.5938,6.5938,6245.0,XFLT
2023-05-10 10:47:00,6.5987,6.5987,6.5938,6.5938,1650.0,XFLT
2023-05-10 10:46:00,6.5938,6.6035,6.5938,6.6035,1300.0,XFLT
2023-05-10 10:45:00,6.5987,6.5987,6.5987,6.5987,177.0,XFLT
2023-05-10 10:42:00,6.6027,6.6036,6.6027,6.6036,1498.0,XFLT
2023-05-10 10:39:00,6.5987,6.5987,6.5987,6.5987,135.0,XFLT
2023-05-10 10:36:00,6.5987,6.6036,6.5987,6.6036,4803.0,XFLT
2023-05-10 10:35:00,6.5987,6.5987,6.5987,6.5987,1000.0,XFLT
2023-05-10 10:33:00,6.5839,6.6006,6.5829,6.6006,3316.0,XFLT
2023-05-10 10:30:00,6.579,6.5839,6.579,6.5839,699.0,XFLT
2023-05-10 10:27:00,6.5839,6.5938,6.574,6.579,8899.0,XFLT
2023-05-10 10:24:00,6.579,6.5836,6.574,6.574,1391.0,XFLT
2023-05-10 10:18:00,6.574,6.574,6.574,6.574,534.0,XFLT
2023-05-10 10:16:00,6.5839,6.5888,6.5839,6.5839,7946.0,XFLT
2023-05-10 10:14:00,6.5929,6.5937,6.574,6.579,15556.0,XFLT
2023-05-10 10:10:00,6.5901,6.5901,6.5901,6.5901,1000.0,XFLT
2023-05-10 10:07:00,6.574,6.574,6.574,6.574,500.0,XFLT
2023-05-10 10:06:00,6.5879,6.5879,6.5853,6.5853,800.0,XFLT
2023-05-10 10:05:00,6.579,6.579,6.579,6.579,104.0,XFLT
2023-05-10 10:04:00,6.574,6.574,6.574,6.574,755.0,XFLT
2023-05-10 10:00:00,6.5642,6.5642,6.5642,6.5642,100.0,XFLT
2023-05-10 09:57:00,6.5571,6.5571,6.5543,6.5543,393.0,XFLT
2023-05-10 09:53:00,6.5522,6.5522,6.5444,6.5444,1487.0,XFLT
2023-05-10 09:52:00,6.5528,6.5528,6.5444,6.5494,1854.0,XFLT
2023-05-10 09:51:00,6.5494,6.5494,6.5494,6.5494,200.0,XFLT
2023-05-10 09:50:00,6.574,6.574,6.5444,6.5494,6169.0,XFLT
2023-05-10 09:49:00,6.5839,6.5839,6.574,6.574,2943.0,XFLT
2023-05-10 09:48:00,6.5839,6.5905,6.5839,6.5888,1080.0,XFLT
2023-05-10 09:47:00,6.5938,6.5987,6.584,6.584,4091.0,XFLT
2023-05-10 09:46:00,6.5888,6.5888,6.5888,6.5888,300.0,XFLT
2023-05-10 09:45:00,6.579,6.5938,6.579,6.5888,1690.0,XFLT
2023-05-10 09:44:00,6.5938,6.5939,6.574,6.574,4453.0,XFLT
2023-05-10 09:41:00,6.5938,6.6023,6.5938,6.5987,891.0,XFLT
2023-05-10 09:36:00,6.6135,6.6214,6.6135,6.6214,620.0,XFLT
2023-05-10 09:32:00,6.5949,6.5949,6.5949,6.5949,2037.0,XFLT
2023-05-10 09:31:00,6.6135,6.6135,6.5938,6.5938,4515.0,XFLT
2023-05-09 16:00:00,6.5987,6.5987,6.574,6.5839,12138.0,XFLT
2023-05-09 15:59:00,6.5938,6.5987,6.5938,6.5987,400.0,XFLT
2023-05-09 15:58:00,6.5938,6.5938,6.5938,6.5938,573.0,XFLT
2023-05-09 15:57:00,6.5938,6.5938,6.5938,6.5938,1387.0,XFLT
2023-05-09 15:56:00,6.5888,6.5938,6.5852,6.5938,5905.0,XFLT
2023-05-09 15:55:00,6.6036,6.6036,6.6036,6.6036,318.0,XFLT
2023-05-09 15:54:00,6.6135,6.6185,6.6135,6.6135,2808.0,XFLT
2023-05-09 15:50:00,6.6135,6.6135,6.6117,6.6117,1797.0,XFLT
2023-05-09 15:49:00,6.6086,6.6135,6.6086,6.6086,800.0,XFLT
2023-05-09 15:48:00,6.6036,6.6086,6.6036,6.6086,885.0,XFLT
2023-05-09 15:47:00,6.5987,6.5987,6.5987,6.5987,270.0,XFLT
2023-05-09 15:43:00,6.6036,6.6036,6.6036,6.6036,194.0,XFLT
2023-05-09 15:41:00,6.6036,6.6036,6.6036,6.6036,100.0,XFLT
2023-05-09 15:38:00,6.6036,6.6036,6.6036,6.6036,323.0,XFLT
2023-05-09 15:35:00,6.6036,6.6036,6.6036,6.6036,496.0,XFLT
2023-05-09 15:34:00,6.6086,6.6086,6.6086,6.6086,776.0,XFLT
2023-05-09 15:31:00,6.6134,6.6134,6.6086,6.6086,353.0,XFLT
2023-05-09 15:29:00,6.6086,6.6135,6.6086,6.6086,2786.0,XFLT
2023-05-09 15:28:00,6.6134,6.6134,6.6134,6.6134,250.0,XFLT
2023-05-09 15:27:00,6.6086,6.6086,6.6036,6.6036,416.0,XFLT
2023-05-09 15:26:00,6.6036,6.6086,6.6036,6.6036,501.0,XFLT
2023-05-09 15:19:00,6.6036,6.6036,6.6036,6.6036,230.0,XFLT
2023-05-09 15:12:00,6.6233,6.6233,6.6036,6.6086,9452.0,XFLT
2023-05-09 15:06:00,6.6135,6.6135,6.6135,6.6135,261.0,XFLT
2023-05-09 15:05:00,6.6135,6.6135,6.6135,6.6135,633.0,XFLT
2023-05-09 15:04:00,6.6431,6.6431,6.6135,6.6135,3389.0,XFLT
2023-05-09 15:03:00,6.6481,6.6481,6.6432,6.6432,9715.0,XFLT
2023-05-09 14:59:00,6.6495,6.6495,6.6431,6.6431,632.0,XFLT
2023-05-09 14:55:00,6.6481,6.6481,6.6481,6.6481,1345.0,XFLT
2023-05-09 14:51:00,6.6438,6.6438,6.6431,6.6431,433.0,XFLT
2023-05-09 14:48:00,6.6481,6.6481,6.6481,6.6481,100.0,XFLT
2023-05-09 14:45:00,6.6431,6.6431,6.6431,6.6431,100.0,XFLT
2023-05-09 14:44:00,6.653,6.653,6.653,6.653,473.0,XFLT
2023-05-09 14:40:00,6.6579,6.6579,6.6579,6.6579,283.0,XFLT
2023-05-09 14:36:00,6.6588,6.6588,6.6579,6.6579,316.0,XFLT
2023-05-09 14:35:00,6.6431,6.653,6.643,6.653,2407.0,XFLT
2023-05-09 14:33:00,6.6431,6.6431,6.6431,6.6431,250.0,XFLT
2023-05-09 14:30:00,6.6431,6.6431,6.6431,6.6431,210.0,XFLT
2023-05-09 14:27:00,6.6382,6.6431,6.6382,6.6431,1000.0,XFLT
2023-05-09 14:26:00,6.6283,6.6333,6.6283,6.6333,2123.0,XFLT
2023-05-09 14:23:00,6.6255,6.6255,6.6255,6.6255,508.0,XFLT
2023-05-09 14:21:00,6.6234,6.6431,6.6234,6.6234,6036.0,XFLT
2023-05-09 14:17:00,6.6134,6.6135,6.6134,6.6135,1201.0,XFLT
2023-05-09 14:08:00,6.5888,6.6135,6.5888,6.6086,4294.0,XFLT
2023-05-09 14:07:00,6.5922,6.5922,6.5922,6.5922,125.0,XFLT
2023-05-09 14:06:00,6.6035,6.6035,6.5938,6.5938,6628.0,XFLT
2023-05-09 14:02:00,6.5888,6.5938,6.5888,6.5938,690.0,XFLT
2023-05-09 14:01:00,6.5931,6.5931,6.5931,6.5931,250.0,XFLT
2023-05-09 14:00:00,6.6035,6.6035,6.5938,6.5938,10153.0,XFLT
2023-05-09 13:56:00,6.5938,6.5987,6.5938,6.5987,379.0,XFLT
2023-05-09 13:54:00,6.5987,6.5987,6.5987,6.5987,405.0,XFLT
2023-05-09 13:53:00,6.5987,6.5987,6.5987,6.5987,298.0,XFLT
2023-05-09 13:51:00,6.5938,6.5938,6.5938,6.5938,135.0,XFLT
2023-05-09 13:50:00,6.5987,6.5987,6.5938,6.5938,2195.0,XFLT
2023-05-09 13:47:00,6.5938,6.5938,6.5938,6.5938,276.0,XFLT
2023-05-09 13:44:00,6.6045,6.6045,6.5987,6.5987,1293.0,XFLT
2023-05-09 13:39:00,6.6333,6.6334,6.6135,6.6135,1861.0,XFLT
2023-05-09 13:29:00,6.643,6.643,6.6382,6.6382,776.0,XFLT
2023-05-09 13:25:00,6.6333,6.6382,6.6333,6.6333,1109.0,XFLT
2023-05-09 13:14:00,6.6422,6.6422,6.6422,6.6422,503.0,XFLT
2023-05-09 12:59:00,6.643,6.643,6.643,6.643,100.0,XFLT
2023-05-09 12:58:00,6.6382,6.6382,6.6382,6.6382,1028.0,XFLT
2023-05-09 12:56:00,6.6333,6.6333,6.6333,6.6333,100.0,XFLT
2023-05-09 12:53:00,6.6421,6.6421,6.6421,6.6421,182.0,XFLT
2023-05-09 12:47:00,6.6333,6.6401,6.6333,6.6401,1687.0,XFLT
2023-05-09 12:44:00,6.6185,6.6234,6.6135,6.6234,4349.0,XFLT
2023-05-09 12:43:00,6.62,6.62,6.6135,6.6135,2037.0,XFLT
2023-05-09 12:39:00,6.6234,6.6234,6.6234,6.6234,558.0,XFLT
2023-05-09 12:36:00,6.6358,6.6364,6.6234,6.6234,3395.0,XFLT
2023-05-09 12:35:00,6.6382,6.653,6.6382,6.6382,4913.0,XFLT
2023-05-09 12:34:00,6.6283,6.6333,6.6283,6.6283,1229.0,XFLT
2023-05-09 12:31:00,6.6234,6.6234,6.6234,6.6234,180.0,XFLT
2023-05-09 12:20:00,6.6234,6.6234,6.6234,6.6234,100.0,XFLT
2023-05-09 12:19:00,6.6332,6.6332,6.6332,6.6332,1000.0,XFLT
2023-05-09 12:15:00,6.6234,6.6234,6.6234,6.6234,1436.0,XFLT
2023-05-09 12:10:00,6.6147,6.6147,6.6135,6.6135,439.0,XFLT
2023-05-09 12:03:00,6.6207,6.6207,6.6207,6.6207,530.0,XFLT
2023-05-09 11:59:00,6.6233,6.6233,6.6233,6.6233,224.0,XFLT
2023-05-09 11:52:00,6.6185,6.6185,6.6185,6.6185,143.0,XFLT
2023-05-09 11:49:00,6.6154,6.6185,6.6135,6.6135,5532.0,XFLT
2023-05-09 11:44:00,6.6228,6.6228,6.6228,6.6228,500.0,XFLT
2023-05-09 11:42:00,6.6135,6.6135,6.6134,6.6134,1220.0,XFLT
2023-05-09 11:39:00,6.5987,6.6135,6.5938,6.6036,2519.0,XFLT
2023-05-09 11:38:00,6.5987,6.5987,6.5987,6.5987,502.0,XFLT
2023-05-09 11:37:00,6.6036,6.6036,6.5938,6.5938,1498.0,XFLT
2023-05-09 11:34:00,6.6036,6.6036,6.6036,6.6036,200.0,XFLT
2023-05-09 11:33:00,6.6086,6.6124,6.6036,6.6036,2779.0,XFLT
2023-05-09 11:31:00,6.6185,6.6225,6.6135,6.6135,1566.0,XFLT
2023-05-09 11:30:00,6.6135,6.6234,6.6135,6.6234,1386.0,XFLT
2023-05-09 11:29:00,6.6135,6.6135,6.6135,6.6135,456.0,XFLT
2023-05-09 11:28:00,6.6135,6.6135,6.6135,6.6135,100.0,XFLT
2023-05-09 11:21:00,6.6333,6.6333,6.6135,6.6135,5383.0,XFLT
2023-05-09 11:19:00,6.6428,6.6529,6.6333,6.6333,7060.0,XFLT
2023-05-09 11:17:00,6.6431,6.6431,6.6431,6.6431,976.0,XFLT
2023-05-09 11:16:00,6.6382,6.6382,6.6382,6.6382,245.0,XFLT
2023-05-09 11:15:00,6.6234,6.6333,6.6185,6.6185,2132.0,XFLT
2023-05-09 11:13:00,6.6431,6.6431,6.6234,6.6234,10554.0,XFLT
2023-05-09 11:08:00,6.6333,6.6431,6.6332,6.6431,3788.0,XFLT
2023-05-09 11:07:00,6.633,6.633,6.633,6.633,100.0,XFLT
2023-05-09 11:04:00,6.6283,6.6283,6.6185,6.6234,746.0,XFLT
2023-05-09 11:03:00,6.6283,6.6283,6.6283,6.6283,100.0,XFLT
2023-05-09 11:02:00,6.6334,6.6431,6.6283,6.6308,4264.0,XFLT
2023-05-09 10:59:00,6.653,6.653,6.653,6.653,220.0,XFLT
2023-05-09 10:58:00,6.6727,6.6754,6.6629,6.6629,1144.0,XFLT
2023-05-09 10:57:00,6.6825,6.6825,6.6727,6.6727,778.0,XFLT
2023-05-09 10:56:00,6.6727,6.6727,6.6727,6.6727,252.0,XFLT
2023-05-09 10:55:00,6.6826,6.6826,6.6826,6.6826,1386.0,XFLT
2023-05-09 10:51:00,6.6826,6.6826,6.6826,6.6826,205.0,XFLT
2023-05-09 10:49:00,6.7024,6.7024,6.7024,6.7024,422.0,XFLT
2023-05-09 10:46:00,6.6974,6.6974,6.6974,6.6974,200.0,XFLT
2023-05-09 10:41:00,6.6974,6.6974,6.6974,6.6974,100.0,XFLT
2023-05-09 10:39:00,6.6974,6.6974,6.6974,6.6974,105.0,XFLT
2023-05-09 10:34:00,6.732,6.732,6.7122,6.7122,1000.0,XFLT
2023-05-09 10:30:00,6.7221,6.7221,6.7221,6.7221,125.0,XFLT
2023-05-09 10:29:00,6.726,6.727,6.7221,6.7221,810.0,XFLT
2023-05-09 10:21:00,6.7222,6.7499,6.7222,6.7499,2671.0,XFLT
2023-05-09 10:20:00,6.7418,6.7418,6.7369,6.7369,258.0,XFLT
2023-05-09 10:19:00,6.7517,6.7517,6.7418,6.7418,1005.0,XFLT
2023-05-09 10:18:00,6.7437,6.7437,6.7437,6.7437,100.0,XFLT
2023-05-09 10:16:00,6.7369,6.7616,6.7369,6.7616,1082.0,XFLT
2023-05-09 10:13:00,6.7369,6.7369,6.7369,6.7369,100.0,XFLT
2023-05-09 10:11:00,6.6826,6.7221,6.6826,6.7221,2186.0,XFLT
2023-05-09 10:08:00,6.6826,6.6826,6.6826,6.6826,1000.0,XFLT
2023-05-09 10:04:00,6.6823,6.6823,6.6823,6.6823,101.0,XFLT
2023-05-09 10:01:00,6.6727,6.6727,6.6727,6.6727,744.0,XFLT
2023-05-09 09:55:00,6.6481,6.6727,6.6481,6.6629,1703.0,XFLT
2023-05-09 09:52:00,6.6431,6.653,6.6431,6.6431,1415.0,XFLT
2023-05-09 09:51:00,6.6333,6.6333,6.6333,6.6333,330.0,XFLT
2023-05-09 09:48:00,6.6234,6.6333,6.6234,6.6333,1300.0,XFLT
2023-05-09 09:47:00,6.6135,6.6135,6.6135,6.6135,1385.0,XFLT
2023-05-09 09:46:00,6.6086,6.6086,6.6036,6.6036,246.0,XFLT
2023-05-09 09:45:00,6.6135,6.6135,6.6127,6.6127,626.0,XFLT
2023-05-09 09:44:00,6.6234,6.6333,6.6185,6.6232,2870.0,XFLT
2023-05-09 09:43:00,6.6235,6.6235,6.6235,6.6235,5000.0,XFLT
2023-05-09 09:42:00,6.6283,6.6283,6.6283,6.6283,404.0,XFLT
2023-05-09 09:41:00,6.6312,6.6312,6.6312,6.6312,664.0,XFLT
2023-05-09 09:40:00,6.6234,6.6234,6.6234,6.6234,500.0,XFLT
2023-05-09 09:39:00,6.6234,6.6333,6.6233,6.6333,2170.0,XFLT
2023-05-09 09:38:00,6.6135,6.6135,6.6135,6.6135,258.0,XFLT
2023-05-09 09:37:00,6.6234,6.6234,6.6135,6.6135,700.0,XFLT
2023-05-09 09:36:00,6.6234,6.6234,6.6234,6.6234,1054.0,XFLT
2023-05-09 09:35:00,6.6135,6.6135,6.6135,6.6135,232.0,XFLT
2023-05-09 09:34:00,6.6135,6.6174,6.6135,6.6174,511.0,XFLT
2023-05-09 09:31:00,6.7221,6.7221,6.6135,6.6226,8293.0,XFLT
2023-05-08 16:00:00,6.6875,6.7122,6.6826,6.7122,6150.0,XFLT
2023-05-08 15:59:00,6.7024,6.7024,6.6826,6.6826,5236.0,XFLT
2023-05-08 15:58:00,6.6826,6.7122,6.6826,6.7098,5486.0,XFLT
2023-05-08 15:57:00,6.689,6.689,6.6826,6.6826,2100.0,XFLT
2023-05-08 15:56:00,6.6925,6.6925,6.6826,6.6826,2012.0,XFLT
2023-05-08 15:55:00,6.6875,6.6925,6.6826,6.6875,2671.0,XFLT
2023-05-08 15:54:00,6.6974,6.6974,6.6925,6.6925,1214.0,XFLT
2023-05-08 15:53:00,6.6924,6.7122,6.6826,6.7024,9390.0,XFLT
2023-05-08 15:52:00,6.7084,6.7084,6.6826,6.6826,1878.0,XFLT
2023-05-08 15:51:00,6.6925,6.7024,6.6925,6.7024,1438.0,XFLT
2023-05-08 15:50:00,6.6777,6.6924,6.6777,6.6924,1916.0,XFLT
2023-05-08 15:47:00,6.6777,6.6777,6.6727,6.6727,778.0,XFLT
2023-05-08 15:45:00,6.6727,6.6727,6.6727,6.6727,971.0,XFLT
2023-05-08 15:44:00,6.6777,6.6777,6.6777,6.6777,520.0,XFLT
2023-05-08 15:43:00,6.6826,6.6826,6.6826,6.6826,784.0,XFLT
2023-05-08 15:41:00,6.6826,6.6826,6.6826,6.6826,426.0,XFLT
2023-05-08 15:40:00,6.6826,6.6826,6.6826,6.6826,400.0,XFLT
2023-05-08 15:38:00,6.6925,6.6925,6.6875,6.6924,1113.0,XFLT
2023-05-08 15:35:00,6.7023,6.7023,6.6826,6.6925,12127.0,XFLT
2023-05-08 15:33:00,6.6974,6.6974,6.6974,6.6974,310.0,XFLT
2023-05-08 15:30:00,6.6924,6.6974,6.6727,6.6777,3954.0,XFLT
2023-05-08 15:28:00,6.6826,6.6826,6.6826,6.6826,100.0,XFLT
2023-05-08 15:27:00,6.6875,6.6875,6.6875,6.6875,200.0,XFLT
2023-05-08 15:23:00,6.7024,6.7024,6.6826,6.6826,400.0,XFLT
2023-05-08 15:22:00,6.7122,6.7122,6.7122,6.7122,374.0,XFLT
2023-05-08 15:20:00,6.7221,6.7221,6.7122,6.7122,913.0,XFLT
2023-05-08 15:17:00,6.732,6.732,6.727,6.727,513.0,XFLT
2023-05-08 15:16:00,6.732,6.732,6.732,6.732,149.0,XFLT
2023-05-08 15:13:00,6.7369,6.7369,6.7369,6.7369,198.0,XFLT
2023-05-08 15:11:00,6.7369,6.7418,6.732,6.732,1205.0,XFLT
2023-05-08 15:10:00,6.732,6.7418,6.732,6.7418,703.0,XFLT
2023-05-08 15:09:00,6.728,6.728,6.728,6.728,200.0,XFLT
2023-05-08 15:07:00,6.7319,6.7319,6.7319,6.7319,102.0,XFLT
2023-05-08 15:05:00,6.6925,6.7221,6.6925,6.7221,5731.0,XFLT
2023-05-08 15:02:00,6.6875,6.6925,6.6875,6.6925,3198.0,XFLT
2023-05-08 15:00:00,6.6925,6.6925,6.6875,6.6875,869.0,XFLT
2023-05-08 14:58:00,6.6925,6.6925,6.6925,6.6925,200.0,XFLT
2023-05-08 14:57:00,6.6897,6.6897,6.6897,6.6897,162.0,XFLT
2023-05-08 14:55:00,6.6875,6.6875,6.6875,6.6875,100.0,XFLT
2023-05-08 14:54:00,6.6925,6.6925,6.6877,6.6877,400.0,XFLT
2023-05-08 14:53:00,6.6925,6.6925,6.6925,6.6925,293.0,XFLT
2023-05-08 14:50:00,6.6875,6.6925,6.6875,6.6925,300.0,XFLT
2023-05-08 14:48:00,6.6826,6.6911,6.6826,6.6911,300.0,XFLT
2023-05-08 14:45:00,6.6826,6.6826,6.6826,6.6826,183.0,XFLT
2023-05-08 14:44:00,6.6875,6.6875,6.6875,6.6875,100.0,XFLT
2023-05-08 14:43:00,6.6875,6.6875,6.6875,6.6875,406.0,XFLT
2023-05-08 14:39:00,6.6826,6.6826,6.6826,6.6826,200.0,XFLT
2023-05-08 14:36:00,6.6875,6.6875,6.6875,6.6875,400.0,XFLT
2023-05-08 14:34:00,6.6826,6.6875,6.6826,6.6875,240.0,XFLT
2023-05-08 14:33:00,6.6875,6.6875,6.6826,6.6826,1734.0,XFLT
2023-05-08 14:32:00,6.6875,6.6875,6.6875,6.6875,292.0,XFLT
2023-05-08 14:31:00,6.6826,6.6925,6.6826,6.6925,907.0,XFLT
2023-05-08 14:30:00,6.6752,6.6752,6.6752,6.6752,100.0,XFLT
2023-05-08 14:29:00,6.6825,6.6825,6.6825,6.6825,150.0,XFLT
2023-05-08 14:28:00,6.6826,6.6826,6.6826,6.6826,600.0,XFLT
2023-05-08 14:25:00,6.6826,6.6826,6.6826,6.6826,500.0,XFLT
2023-05-08 14:24:00,6.6826,6.6826,6.6779,6.6779,520.0,XFLT
2023-05-08 14:22:00,6.6777,6.6777,6.6727,6.6727,350.0,XFLT
2023-05-08 14:15:00,6.6727,6.6727,6.6727,6.6727,496.0,XFLT
2023-05-08 14:14:00,6.6629,6.6678,6.6629,6.6678,451.0,XFLT
2023-05-08 14:12:00,6.6579,6.6579,6.6579,6.6579,255.0,XFLT
2023-05-08 14:11:00,6.6579,6.6629,6.6579,6.6579,1000.0,XFLT
2023-05-08 14:10:00,6.6579,6.6579,6.6579,6.6579,200.0,XFLT
2023-05-08 14:09:00,6.6669,6.6669,6.6579,6.6579,300.0,XFLT
2023-05-08 14:05:00,6.6629,6.6727,6.653,6.6629,5597.0,XFLT
2023-05-08 14:03:00,6.6629,6.6629,6.6629,6.6629,288.0,XFLT
2023-05-08 14:00:00,6.6996,6.7023,6.6629,6.6629,2554.0,XFLT
2023-05-08 13:58:00,6.732,6.732,6.6925,6.6925,3666.0,XFLT
2023-05-08 13:57:00,6.732,6.7324,6.732,6.7324,335.0,XFLT
2023-05-08 13:56:00,6.7418,6.7517,6.7369,6.7369,10640.0,XFLT
2023-05-08 13:55:00,6.7468,6.7468,6.7468,6.7468,876.0,XFLT
2023-05-08 13:54:00,6.7525,6.7616,6.7468,6.7468,3462.0,XFLT
2023-05-08 13:53:00,6.7547,6.7566,6.7547,6.7566,1315.0,XFLT
2023-05-08 13:50:00,6.7517,6.7517,6.7517,6.7517,150.0,XFLT
2023-05-08 13:48:00,6.7566,6.7566,6.7566,6.7566,100.0,XFLT
2023-05-08 13:47:00,6.7615,6.7615,6.7566,6.7566,500.0,XFLT
2023-05-08 13:46:00,6.7566,6.7566,6.7566,6.7566,400.0,XFLT
2023-05-08 13:43:00,6.7517,6.7517,6.7517,6.7517,282.0,XFLT
2023-05-08 13:42:00,6.7532,6.7532,6.7532,6.7532,100.0,XFLT
2023-05-08 13:39:00,6.7566,6.7566,6.7566,6.7566,200.0,XFLT
2023-05-08 13:33:00,6.7566,6.7566,6.7566,6.7566,100.0,XFLT
2023-05-08 13:28:00,6.7517,6.7517,6.7517,6.7517,100.0,XFLT
2023-05-08 13:23:00,6.7518,6.7518,6.7518,6.7518,100.0,XFLT
2023-05-08 13:22:00,6.7616,6.7616,6.7616,6.7616,200.0,XFLT
2023-05-08 13:17:00,6.7566,6.7566,6.7566,6.7566,100.0,XFLT
2023-05-08 13:15:00,6.7527,6.7527,6.7527,6.7527,500.0,XFLT
2023-05-08 13:12:00,6.7566,6.7566,6.7518,6.7518,500.0,XFLT
2023-05-08 13:09:00,6.7517,6.7517,6.7517,6.7517,355.0,XFLT
2023-05-08 13:02:00,6.7517,6.7566,6.7517,6.7566,1812.0,XFLT
2023-05-08 12:58:00,6.7468,6.7517,6.7468,6.7468,850.0,XFLT
2023-05-08 12:57:00,6.7468,6.7517,6.7468,6.7468,1348.0,XFLT
2023-05-08 12:53:00,6.7418,6.7517,6.7418,6.7517,584.0,XFLT
2023-05-08 12:52:00,6.7516,6.7516,6.7516,6.7516,450.0,XFLT
2023-05-08 12:50:00,6.7471,6.7471,6.7471,6.7471,150.0,XFLT
2023-05-08 12:48:00,6.7418,6.7418,6.7418,6.7418,149.0,XFLT
2023-05-08 12:45:00,6.7517,6.7517,6.7468,6.7515,750.0,XFLT
2023-05-08 12:44:00,6.7517,6.7517,6.7517,6.7517,200.0,XFLT
2023-05-08 12:43:00,6.7526,6.7526,6.7526,6.7526,700.0,XFLT
2023-05-08 12:42:00,6.7468,6.7517,6.7468,6.7517,1400.0,XFLT
2023-05-08 12:41:00,6.7596,6.7665,6.7418,6.7468,12244.0,XFLT
2023-05-08 12:40:00,6.7517,6.7517,6.7517,6.7517,100.0,XFLT
2023-05-08 12:37:00,6.7616,6.7616,6.7518,6.7566,4339.0,XFLT
2023-05-08 12:36:00,6.7517,6.7517,6.7517,6.7517,100.0,XFLT
2023-05-08 12:34:00,6.7566,6.7616,6.7566,6.7616,900.0,XFLT
2023-05-08 12:31:00,6.7566,6.7566,6.7566,6.7566,250.0,XFLT
2023-05-08 12:30:00,6.7517,6.7517,6.7517,6.7517,200.0,XFLT
2023-05-08 12:29:00,6.7517,6.7517,6.7517,6.7517,500.0,XFLT
2023-05-08 12:28:00,6.7517,6.7616,6.7517,6.7517,910.0,XFLT
2023-05-08 12:27:00,6.7517,6.7517,6.7514,6.7514,400.0,XFLT
2023-05-08 12:25:00,6.7418,6.7418,6.7418,6.7418,2384.0,XFLT
2023-05-08 12:23:00,6.7382,6.7382,6.7382,6.7382,120.0,XFLT
2023-05-08 12:19:00,6.732,6.7418,6.7319,6.7418,4202.0,XFLT
2023-05-08 12:18:00,6.7132,6.7221,6.7122,6.7221,5423.0,XFLT
2023-05-08 12:15:00,6.7122,6.7122,6.7122,6.7122,100.0,XFLT
2023-05-08 12:14:00,6.7122,6.7122,6.7122,6.7122,101.0,XFLT
2023-05-08 12:10:00,6.7172,6.7172,6.7172,6.7172,500.0,XFLT
2023-05-08 12:05:00,6.7221,6.7221,6.7171,6.7171,585.0,XFLT
2023-05-08 12:02:00,6.727,6.727,6.727,6.727,300.0,XFLT
2023-05-08 11:59:00,6.7221,6.7221,6.7221,6.7221,100.0,XFLT
2023-05-08 11:57:00,6.727,6.727,6.727,6.727,400.0,XFLT
2023-05-08 11:55:00,6.7271,6.7319,6.727,6.727,4799.0,XFLT
2023-05-08 11:48:00,6.7319,6.7319,6.7319,6.7319,101.0,XFLT
2023-05-08 11:46:00,6.7172,6.732,6.7172,6.732,3169.0,XFLT
2023-05-08 11:45:00,6.6925,6.7122,6.6925,6.7122,1732.0,XFLT
2023-05-08 11:43:00,6.6925,6.6925,6.6888,6.6888,1357.0,XFLT
2023-05-08 11:42:00,6.6875,6.6875,6.6875,6.6875,180.0,XFLT
2023-05-08 11:39:00,6.6875,6.6875,6.6875,6.6875,750.0,XFLT
2023-05-08 11:38:00,6.6925,6.6925,6.6902,6.6925,725.0,XFLT
2023-05-08 11:35:00,6.6827,6.6827,6.6827,6.6827,173.0,XFLT
2023-05-08 11:34:00,6.6875,6.6925,6.6875,6.6925,300.0,XFLT
2023-05-08 11:33:00,6.6875,6.6875,6.6875,6.6875,400.0,XFLT
2023-05-08 11:32:00,6.6826,6.6826,6.6826,6.6826,100.0,XFLT
2023-05-08 11:31:00,6.6875,6.6875,6.6875,6.6875,400.0,XFLT
2023-05-08 11:29:00,6.6883,6.6883,6.6875,6.6875,1245.0,XFLT
2023-05-08 11:27:00,6.6826,6.6875,6.6826,6.6875,507.0,XFLT
2023-05-08 11:26:00,6.6727,6.6727,6.6727,6.6727,100.0,XFLT
2023-05-08 11:25:00,6.6875,6.6875,6.6629,6.6727,2117.0,XFLT
2023-05-08 11:24:00,6.6826,6.6875,6.6826,6.6875,393.0,XFLT
2023-05-08 11:22:00,6.6924,6.6924,6.6875,6.6875,2475.0,XFLT
2023-05-08 11:19:00,6.6875,6.6875,6.6875,6.6875,241.0,XFLT
2023-05-08 11:14:00,6.7122,6.7122,6.6875,6.6875,1685.0,XFLT
2023-05-08 11:13:00,6.7172,6.7182,6.7172,6.7172,1452.0,XFLT
2023-05-08 11:12:00,6.7173,6.7221,6.7171,6.7221,1201.0,XFLT
2023-05-08 11:11:00,6.7073,6.7221,6.7073,6.7221,1102.0,XFLT
2023-05-08 11:10:00,6.7122,6.7122,6.7122,6.7122,1305.0,XFLT
2023-05-08 11:09:00,6.6974,6.7122,6.6974,6.7122,6184.0,XFLT
2023-05-08 11:08:00,6.7058,6.7122,6.7024,6.7024,2948.0,XFLT
2023-05-08 11:06:00,6.7073,6.7073,6.7073,6.7073,100.0,XFLT
2023-05-08 11:04:00,6.7122,6.7122,6.7122,6.7122,100.0,XFLT
2023-05-08 11:01:00,6.7148,6.7148,6.7148,6.7148,216.0,XFLT
2023-05-08 11:00:00,6.7073,6.7122,6.7073,6.7122,2110.0,XFLT
2023-05-08 10:58:00,6.7122,6.7122,6.7073,6.7073,1147.0,XFLT
2023-05-08 10:55:00,6.7221,6.727,6.7221,6.7221,803.0,XFLT
2023-05-08 10:54:00,6.727,6.727,6.727,6.727,330.0,XFLT
2023-05-08 10:46:00,6.7221,6.7221,6.7179,6.7221,1679.0,XFLT
2023-05-08 10:42:00,6.7122,6.7221,6.7121,6.7121,2073.0,XFLT
2023-05-08 10:40:00,6.7073,6.7073,6.7073,6.7073,371.0,XFLT
2023-05-08 10:36:00,6.6925,6.6925,6.6925,6.6925,1852.0,XFLT
2023-05-08 10:35:00,6.6875,6.6875,6.6875,6.6875,1500.0,XFLT
2023-05-08 10:33:00,6.6924,6.6925,6.6826,6.6826,3843.0,XFLT
2023-05-08 10:32:00,6.6875,6.6913,6.6826,6.6913,511.0,XFLT
2023-05-08 10:31:00,6.6838,6.6838,6.6838,6.6838,606.0,XFLT
2023-05-08 10:30:00,6.6833,6.6875,6.6833,6.6875,1078.0,XFLT
2023-05-08 10:27:00,6.6875,6.6875,6.6875,6.6875,200.0,XFLT
2023-05-08 10:26:00,6.6777,6.7122,6.6777,6.6875,13106.0,XFLT
2023-05-08 10:24:00,6.6777,6.6826,6.6727,6.6727,2300.0,XFLT
2023-05-08 10:22:00,6.6758,6.6758,6.6758,6.6758,250.0,XFLT
2023-05-08 10:21:00,6.6579,6.6629,6.6579,6.6629,2474.0,XFLT
2023-05-08 10:19:00,6.6579,6.6629,6.6579,6.6629,2363.0,XFLT
2023-05-08 10:15:00,6.6568,6.6568,6.6568,6.6568,515.0,XFLT
2023-05-08 10:14:00,6.6569,6.6569,6.6569,6.6569,1185.0,XFLT
2023-05-08 10:13:00,6.6597,6.6597,6.6597,6.6597,148.0,XFLT
2023-05-08 10:11:00,6.6579,6.6579,6.6579,6.6579,500.0,XFLT
2023-05-08 10:07:00,6.653,6.6629,6.653,6.653,1302.0,XFLT
2023-05-08 10:06:00,6.6431,6.653,6.6431,6.653,3796.0,XFLT
2023-05-08 10:05:00,6.6333,6.6333,6.6333,6.6333,200.0,XFLT
2023-05-08 10:03:00,6.6343,6.6343,6.6343,6.6343,100.0,XFLT
2023-05-08 10:02:00,6.6411,6.6411,6.6411,6.6411,1000.0,XFLT
2023-05-08 09:58:00,6.6431,6.6431,6.6382,6.6382,917.0,XFLT
2023-05-08 09:57:00,6.6333,6.653,6.6333,6.6431,5308.0,XFLT
2023-05-08 09:55:00,6.6234,6.6333,6.6233,6.6242,7302.0,XFLT
2023-05-08 09:54:00,6.5938,6.6086,6.5935,6.6086,4887.0,XFLT
2023-05-08 09:50:00,6.5915,6.5915,6.5888,6.5888,2828.0,XFLT
2023-05-08 09:49:00,6.5885,6.5888,6.5839,6.5888,1000.0,XFLT
2023-05-08 09:48:00,6.5803,6.5938,6.5803,6.5839,3012.0,XFLT
2023-05-08 09:46:00,6.574,6.574,6.5642,6.5642,1738.0,XFLT
2023-05-08 09:45:00,6.574,6.574,6.574,6.574,350.0,XFLT
2023-05-08 09:44:00,6.578,6.579,6.578,6.579,875.0,XFLT
2023-05-08 09:43:00,6.579,6.5835,6.579,6.5835,630.0,XFLT
2023-05-08 09:41:00,6.575,6.575,6.575,6.575,125.0,XFLT
2023-05-08 09:40:00,6.5802,6.5802,6.5802,6.5802,1000.0,XFLT
2023-05-08 09:39:00,6.5642,6.5938,6.5642,6.5839,1578.0,XFLT
2023-05-08 09:38:00,6.5642,6.5642,6.5642,6.5642,234.0,XFLT
2023-05-08 09:37:00,6.5642,6.5642,6.5617,6.5642,3087.0,XFLT
2023-05-08 09:36:00,6.5602,6.5602,6.5602,6.5602,300.0,XFLT
2023-05-08 09:35:00,6.5642,6.5642,6.5631,6.5631,1830.0,XFLT
2023-05-08 09:34:00,6.5543,6.5621,6.5543,6.5621,352.0,XFLT
2023-05-08 09:31:00,6.5642,6.5642,6.5444,6.5642,10710.0,XFLT
2023-05-08 08:01:00,6.5938,6.5938,6.5938,6.5938,102.0,XFLT
2023-05-08 07:01:00,6.4753,6.4753,6.4753,6.4753,997.0,XFLT
