Datetime;Open;High;Low;Close;Volume
2021-07-19 09:30:00-04:00;2.509999990463257;2.51200008392334;2.502000093460083;2.509999990463257;10292
2021-07-19 09:31:00-04:00;2.5137999057769775;2.5299999713897705;2.5;2.5;7106
2021-07-19 09:32:00-04:00;2.5399999618530273;2.5399999618530273;2.5399999618530273;2.5399999618530273;100
2021-07-19 09:33:00-04:00;2.509999990463257;2.509999990463257;2.4814999103546143;2.4814999103546143;3613
2021-07-19 09:34:00-04:00;2.4700000286102295;2.4779999256134033;2.450000047683716;2.4779999256134033;8589
2021-07-19 09:37:00-04:00;2.4651999473571777;2.4651999473571777;2.4651999473571777;2.4651999473571777;100
2021-07-19 09:38:00-04:00;2.45740008354187;2.45740008354187;2.45740008354187;2.45740008354187;850
2021-07-19 09:39:00-04:00;2.4600000381469727;2.4600000381469727;2.4600000381469727;2.4600000381469727;8655
2021-07-19 09:40:00-04:00;2.450000047683716;2.450000047683716;2.4200000762939453;2.420099973678589;8186
2021-07-19 09:41:00-04:00;2.4279000759124756;2.440000057220459;2.4279000759124756;2.440000057220459;1001
2021-07-19 09:42:00-04:00;2.4260001182556152;2.440000057220459;2.4260001182556152;2.440000057220459;799
2021-07-19 09:47:00-04:00;2.4210000038146973;2.4210000038146973;2.4200000762939453;2.4200000762939453;43329
2021-07-19 09:48:00-04:00;2.430000066757202;2.440000057220459;2.430000066757202;2.440000057220459;2601
2021-07-19 09:49:00-04:00;2.4217000007629395;2.440000057220459;2.4200000762939453;2.4200000762939453;6826
2021-07-19 09:50:00-04:00;2.4200000762939453;2.4200000762939453;2.4200000762939453;2.4200000762939453;111
2021-07-19 09:52:00-04:00;2.4182000160217285;2.4182000160217285;2.4182000160217285;2.4182000160217285;625
2021-07-19 09:53:00-04:00;2.4000000953674316;2.4000000953674316;2.380000114440918;2.4000000953674316;8115
2021-07-19 09:54:00-04:00;2.40120005607605;2.40120005607605;2.4000000953674316;2.4000000953674316;3601
2021-07-19 09:55:00-04:00;2.3910000324249268;2.4000000953674316;2.3901000022888184;2.3901000022888184;20259
2021-07-19 09:57:00-04:00;2.390000104904175;2.392199993133545;2.380000114440918;2.380000114440918;10750
2021-07-19 09:58:00-04:00;2.378999948501587;2.380000114440918;2.378999948501587;2.380000114440918;1700
2021-07-19 09:59:00-04:00;2.4200000762939453;2.4200000762939453;2.380000114440918;2.4000000953674316;18762
2021-07-19 10:00:00-04:00;2.4000000953674316;2.4200000762939453;2.390000104904175;2.4100000858306885;17920
2021-07-19 10:01:00-04:00;2.4000000953674316;2.4200000762939453;2.4000000953674316;2.4100000858306885;21899
2021-07-19 10:02:00-04:00;2.4100000858306885;2.4100000858306885;2.4100000858306885;2.4100000858306885;1801
2021-07-19 10:03:00-04:00;2.430000066757202;2.430000066757202;2.4100000858306885;2.4100000858306885;5000
2021-07-19 10:04:00-04:00;2.4049999713897705;2.430000066757202;2.4049999713897705;2.430000066757202;3332
2021-07-19 10:05:00-04:00;2.430000066757202;2.440000057220459;2.430000066757202;2.440000057220459;603
2021-07-19 10:06:00-04:00;2.434999942779541;2.440000057220459;2.4200000762939453;2.440000057220459;9876
2021-07-19 10:07:00-04:00;2.430000066757202;2.430000066757202;2.4200000762939453;2.424999952316284;8211
2021-07-19 10:08:00-04:00;2.420099973678589;2.420099973678589;2.420099973678589;2.420099973678589;2500
2021-07-19 10:09:00-04:00;2.424999952316284;2.424999952316284;2.390000104904175;2.390000104904175;20662
2021-07-19 10:10:00-04:00;2.380000114440918;2.380000114440918;2.3701000213623047;2.380000114440918;1500
2021-07-19 10:11:00-04:00;2.380000114440918;2.3975000381469727;2.380000114440918;2.390000104904175;1653
2021-07-19 10:12:00-04:00;2.4000000953674316;2.4000000953674316;2.369999885559082;2.369999885559082;19580
2021-07-19 10:13:00-04:00;2.4000000953674316;2.4000000953674316;2.38100004196167;2.3968000411987305;5901
2021-07-19 10:14:00-04:00;2.4000000953674316;2.4000000953674316;2.380000114440918;2.384999990463257;6742
2021-07-19 10:15:00-04:00;2.3801000118255615;2.3801000118255615;2.3801000118255615;2.3801000118255615;154
2021-07-19 10:16:00-04:00;2.390000104904175;2.3940000534057617;2.390000104904175;2.390000104904175;11265
2021-07-19 10:17:00-04:00;2.4000000953674316;2.4000000953674316;2.380000114440918;2.3949999809265137;3250
2021-07-19 10:18:00-04:00;2.390000104904175;2.4000000953674316;2.381999969482422;2.3901000022888184;19900
2021-07-19 10:19:00-04:00;2.4000000953674316;2.4100000858306885;2.4000000953674316;2.4100000858306885;3148
2021-07-19 10:20:00-04:00;2.4100000858306885;2.5;2.4100000858306885;2.5;27686
2021-07-19 10:21:00-04:00;2.4600000381469727;2.5;2.4500999450683594;2.466399908065796;10201
2021-07-19 10:22:00-04:00;2.490000009536743;2.490000009536743;2.450500011444092;2.467900037765503;21848
2021-07-19 10:23:00-04:00;2.490000009536743;2.490000009536743;2.4749999046325684;2.4749999046325684;879
2021-07-19 10:24:00-04:00;2.4800000190734863;2.4800000190734863;2.4800000190734863;2.4800000190734863;100
2021-07-19 10:25:00-04:00;2.4800000190734863;2.4800000190734863;2.4600000381469727;2.4700000286102295;23200
2021-07-19 10:26:00-04:00;2.4800000190734863;2.4800000190734863;2.460700035095215;2.4700000286102295;10392
2021-07-19 10:27:00-04:00;2.4700000286102295;2.4700000286102295;2.4700000286102295;2.4700000286102295;4288
2021-07-19 10:28:00-04:00;2.4700000286102295;2.5;2.4605000019073486;2.4800000190734863;16672
2021-07-19 10:29:00-04:00;2.4800000190734863;2.490000009536743;2.4600000381469727;2.460099935531616;2500
2021-07-19 10:31:00-04:00;2.4798998832702637;2.4798998832702637;2.4798998832702637;2.4798998832702637;400
2021-07-19 10:32:00-04:00;2.4798998832702637;2.4798998832702637;2.4798998832702637;2.4798998832702637;300
2021-07-19 10:33:00-04:00;2.466200113296509;2.4700000286102295;2.466200113296509;2.4700000286102295;494
2021-07-19 10:37:00-04:00;2.460099935531616;2.460099935531616;2.460099935531616;2.460099935531616;503
2021-07-19 10:38:00-04:00;2.4700000286102295;2.4700000286102295;2.4700000286102295;2.4700000286102295;150
2021-07-19 10:39:00-04:00;2.4600000381469727;2.4600000381469727;2.4600000381469727;2.4600000381469727;320
2021-07-19 10:40:00-04:00;2.450000047683716;2.450000047683716;2.450000047683716;2.450000047683716;1299
2021-07-19 10:43:00-04:00;2.4481000900268555;2.4481000900268555;2.4481000900268555;2.4481000900268555;110
2021-07-19 10:47:00-04:00;2.450000047683716;2.450000047683716;2.450000047683716;2.450000047683716;200
2021-07-19 10:49:00-04:00;2.440000057220459;2.4409000873565674;2.440000057220459;2.4409000873565674;895
2021-07-19 10:50:00-04:00;2.450000047683716;2.4700000286102295;2.450000047683716;2.4700000286102295;1187
2021-07-19 10:56:00-04:00;2.490000009536743;2.5;2.490000009536743;2.5;252
2021-07-19 10:59:00-04:00;2.492000102996826;2.492000102996826;2.492000102996826;2.492000102996826;100
2021-07-19 11:02:00-04:00;2.5;2.5;2.5;2.5;103
2021-07-19 11:03:00-04:00;2.4999001026153564;2.5;2.4800000190734863;2.4800000190734863;4400
2021-07-19 11:04:00-04:00;2.490000009536743;2.490000009536743;2.4800000190734863;2.4800000190734863;1100
2021-07-19 11:08:00-04:00;2.5;2.5;2.5;2.5;100
2021-07-19 11:09:00-04:00;2.484999895095825;2.5;2.484999895095825;2.5;1499
2021-07-19 11:10:00-04:00;2.5;2.5199999809265137;2.5;2.509999990463257;4487
2021-07-19 11:16:00-04:00;2.5065999031066895;2.5065999031066895;2.5065999031066895;2.5065999031066895;1509
2021-07-19 11:20:00-04:00;2.5099000930786133;2.5099000930786133;2.4916999340057373;2.4916999340057373;5399
2021-07-19 11:22:00-04:00;2.509999990463257;2.509999990463257;2.509999990463257;2.509999990463257;103
2021-07-19 11:25:00-04:00;2.509999990463257;2.509999990463257;2.5;2.5;760
2021-07-19 11:29:00-04:00;2.490000009536743;2.490000009536743;2.490000009536743;2.490000009536743;667
2021-07-19 11:30:00-04:00;2.509999990463257;2.509999990463257;2.4921000003814697;2.4921000003814697;249
2021-07-19 11:34:00-04:00;2.509999990463257;2.509999990463257;2.509999990463257;2.509999990463257;100
2021-07-19 11:35:00-04:00;2.509999990463257;2.509999990463257;2.509999990463257;2.509999990463257;200
2021-07-19 11:36:00-04:00;2.509200096130371;2.509200096130371;2.500999927520752;2.500999927520752;200
2021-07-19 11:37:00-04:00;2.5;2.500999927520752;2.4900999069213867;2.4900999069213867;1200
2021-07-19 11:38:00-04:00;2.500999927520752;2.500999927520752;2.4900999069213867;2.4900999069213867;2105
2021-07-19 11:39:00-04:00;2.4900999069213867;2.5;2.490000009536743;2.5;4661
2021-07-19 11:42:00-04:00;2.509999990463257;2.509999990463257;2.5072999000549316;2.5072999000549316;240
2021-07-19 11:43:00-04:00;2.509000062942505;2.509000062942505;2.509000062942505;2.509000062942505;3005
2021-07-19 11:48:00-04:00;2.509999990463257;2.5199999809265137;2.505000114440918;2.5199999809265137;8100
2021-07-19 11:50:00-04:00;2.5199999809265137;2.5199999809265137;2.5199999809265137;2.5199999809265137;300
2021-07-19 11:52:00-04:00;2.5299999713897705;2.5299999713897705;2.5299999713897705;2.5299999713897705;100
2021-07-19 11:54:00-04:00;2.5299999713897705;2.5299999713897705;2.5048999786376953;2.5048999786376953;397
2021-07-19 11:57:00-04:00;2.503999948501587;2.503999948501587;2.503999948501587;2.503999948501587;500
2021-07-19 11:58:00-04:00;2.515000104904175;2.5250000953674316;2.515000104904175;2.5250000953674316;599
2021-07-19 11:59:00-04:00;2.5299999713897705;2.5299999713897705;2.5299999713897705;2.5299999713897705;205
2021-07-19 12:02:00-04:00;2.5118000507354736;2.5118000507354736;2.5118000507354736;2.5118000507354736;106
2021-07-19 12:05:00-04:00;2.5299999713897705;2.5299999713897705;2.509999990463257;2.5199999809265137;1013
2021-07-19 12:10:00-04:00;2.5;2.5;2.5;2.5;280
2021-07-19 12:11:00-04:00;2.5;2.5;2.5;2.5;451
2021-07-19 12:20:00-04:00;2.5018999576568604;2.5018999576568604;2.5018999576568604;2.5018999576568604;200
2021-07-19 12:25:00-04:00;2.509999990463257;2.509999990463257;2.5;2.5;301
2021-07-19 12:29:00-04:00;2.509999990463257;2.509999990463257;2.5;2.5004000663757324;700
2021-07-19 12:30:00-04:00;2.490000009536743;2.4902000427246094;2.490000009536743;2.4902000427246094;400
2021-07-19 12:31:00-04:00;2.4760000705718994;2.4760000705718994;2.4760000705718994;2.4760000705718994;100
2021-07-19 12:32:00-04:00;2.4760000705718994;2.4760000705718994;2.474299907684326;2.474299907684326;218
2021-07-19 12:41:00-04:00;2.460099935531616;2.460099935531616;2.460099935531616;2.460099935531616;100
2021-07-19 12:42:00-04:00;2.460099935531616;2.460099935531616;2.460099935531616;2.460099935531616;1820
2021-07-19 12:43:00-04:00;2.460099935531616;2.460099935531616;2.460099935531616;2.460099935531616;1917
2021-07-19 12:45:00-04:00;2.4612998962402344;2.4612998962402344;2.4612998962402344;2.4612998962402344;802
2021-07-19 12:49:00-04:00;2.4600000381469727;2.4600000381469727;2.4600000381469727;2.4600000381469727;210
2021-07-19 13:00:00-04:00;2.4549999237060547;2.4549999237060547;2.450000047683716;2.4549999237060547;2248
2021-07-19 13:02:00-04:00;2.4400999546051025;2.4400999546051025;2.4400999546051025;2.4400999546051025;1010
2021-07-19 13:05:00-04:00;2.4430999755859375;2.4430999755859375;2.4430999755859375;2.4430999755859375;100
2021-07-19 13:07:00-04:00;2.444999933242798;2.4600000381469727;2.444999933242798;2.4600000381469727;401
2021-07-19 13:15:00-04:00;2.4600000381469727;2.4600000381469727;2.4600000381469727;2.4600000381469727;200
2021-07-19 13:18:00-04:00;2.4514000415802;2.4514000415802;2.4514000415802;2.4514000415802;1027
2021-07-19 13:24:00-04:00;2.450000047683716;2.450000047683716;2.450000047683716;2.450000047683716;130
2021-07-19 13:28:00-04:00;2.4700000286102295;2.4700000286102295;2.4700000286102295;2.4700000286102295;121
2021-07-19 13:31:00-04:00;2.4600000381469727;2.4600000381469727;2.450000047683716;2.450200080871582;2702
2021-07-19 13:42:00-04:00;2.450000047683716;2.450000047683716;2.450000047683716;2.450000047683716;195
2021-07-19 13:49:00-04:00;2.45989990234375;2.45989990234375;2.45989990234375;2.45989990234375;1328
2021-07-19 13:52:00-04:00;2.4600000381469727;2.4600000381469727;2.4600000381469727;2.4600000381469727;100
2021-07-19 13:55:00-04:00;2.450000047683716;2.450000047683716;2.430000066757202;2.430000066757202;2032
2021-07-19 13:57:00-04:00;2.431299924850464;2.440000057220459;2.430000066757202;2.440000057220459;5281
2021-07-19 14:00:00-04:00;2.440000057220459;2.440000057220459;2.440000057220459;2.440000057220459;171
2021-07-19 14:08:00-04:00;2.4549999237060547;2.4549999237060547;2.4549999237060547;2.4549999237060547;1093
2021-07-19 14:12:00-04:00;2.4481000900268555;2.4481000900268555;2.4481000900268555;2.4481000900268555;100
2021-07-19 14:14:00-04:00;2.440999984741211;2.440999984741211;2.440999984741211;2.440999984741211;500
2021-07-19 14:20:00-04:00;2.4700000286102295;2.4700000286102295;2.4700000286102295;2.4700000286102295;404
2021-07-19 14:26:00-04:00;2.4700000286102295;2.4700000286102295;2.4700000286102295;2.4700000286102295;130
2021-07-19 14:27:00-04:00;2.4649999141693115;2.4649999141693115;2.4649999141693115;2.4649999141693115;1191
2021-07-19 14:34:00-04:00;2.4700000286102295;2.4700000286102295;2.4700000286102295;2.4700000286102295;103
2021-07-19 14:40:00-04:00;2.4800000190734863;2.4800000190734863;2.4800000190734863;2.4800000190734863;242
2021-07-19 14:46:00-04:00;2.4800000190734863;2.4800000190734863;2.4800000190734863;2.4800000190734863;738
2021-07-19 14:53:00-04:00;2.4800000190734863;2.4800000190734863;2.4800000190734863;2.4800000190734863;200
2021-07-19 14:55:00-04:00;2.4800000190734863;2.4800000190734863;2.4800000190734863;2.4800000190734863;299
2021-07-19 15:06:00-04:00;2.4779999256134033;2.4779999256134033;2.4779999256134033;2.4779999256134033;399
2021-07-19 15:08:00-04:00;2.4800000190734863;2.495500087738037;2.4800000190734863;2.495500087738037;555
2021-07-19 15:14:00-04:00;2.490000009536743;2.490000009536743;2.490000009536743;2.490000009536743;575
2021-07-19 15:19:00-04:00;2.490000009536743;2.490000009536743;2.490000009536743;2.490000009536743;100
2021-07-19 15:22:00-04:00;2.4798998832702637;2.4798998832702637;2.4798998832702637;2.4798998832702637;1250
2021-07-19 15:23:00-04:00;2.4798998832702637;2.4798998832702637;2.4798998832702637;2.4798998832702637;252
2021-07-19 15:26:00-04:00;2.4800000190734863;2.4800000190734863;2.4800000190734863;2.4800000190734863;199
2021-07-19 15:27:00-04:00;2.4800000190734863;2.4800000190734863;2.4800000190734863;2.4800000190734863;302
2021-07-19 15:31:00-04:00;2.4800000190734863;2.4800000190734863;2.4800000190734863;2.4800000190734863;275
2021-07-19 15:35:00-04:00;2.4800000190734863;2.4800000190734863;2.4700000286102295;2.4749999046325684;1213
2021-07-19 15:43:00-04:00;2.4700000286102295;2.4700000286102295;2.4700000286102295;2.4700000286102295;600
2021-07-19 15:45:00-04:00;2.4649999141693115;2.4649999141693115;2.4649999141693115;2.4649999141693115;2040
2021-07-19 15:46:00-04:00;2.4600000381469727;2.4600000381469727;2.4600000381469727;2.4600000381469727;1101
2021-07-19 15:47:00-04:00;2.4679999351501465;2.4679999351501465;2.4679999351501465;2.4679999351501465;101
2021-07-19 15:49:00-04:00;2.4649999141693115;2.4649999141693115;2.4649999141693115;2.4649999141693115;121
2021-07-19 15:50:00-04:00;2.4700000286102295;2.4700000286102295;2.4700000286102295;2.4700000286102295;122
2021-07-19 15:53:00-04:00;2.4700000286102295;2.4700000286102295;2.460099935531616;2.4700000286102295;550
2021-07-19 15:56:00-04:00;2.4700000286102295;2.4700000286102295;2.4700000286102295;2.4700000286102295;304
2021-07-19 15:58:00-04:00;2.4700000286102295;2.4700000286102295;2.4700000286102295;2.4700000286102295;201
2021-07-19 15:59:00-04:00;2.4700000286102295;2.4700000286102295;2.4600000381469727;2.4600000381469727;3815
2021-07-20 09:30:00-04:00;2.450000047683716;2.4651999473571777;2.450000047683716;2.4651999473571777;12254
2021-07-20 09:32:00-04:00;2.440000057220459;2.440000057220459;2.440000057220459;2.440000057220459;1003
2021-07-20 09:34:00-04:00;2.469899892807007;2.469899892807007;2.469899892807007;2.469899892807007;1017
2021-07-20 09:35:00-04:00;2.450000047683716;2.450000047683716;2.440000057220459;2.440000057220459;4249
2021-07-20 09:36:00-04:00;2.450000047683716;2.450000047683716;2.450000047683716;2.450000047683716;100
2021-07-20 09:38:00-04:00;2.4409000873565674;2.444999933242798;2.440000057220459;2.444999933242798;300
2021-07-20 09:39:00-04:00;2.450000047683716;2.450000047683716;2.434999942779541;2.434999942779541;200
2021-07-20 09:40:00-04:00;2.4423999786376953;2.4423999786376953;2.440000057220459;2.440000057220459;315
2021-07-20 09:47:00-04:00;2.444999933242798;2.444999933242798;2.444999933242798;2.444999933242798;1000
2021-07-20 09:48:00-04:00;2.4700000286102295;2.4700000286102295;2.450000047683716;2.4700000286102295;420
2021-07-20 09:51:00-04:00;2.4576001167297363;2.4576001167297363;2.4576001167297363;2.4576001167297363;200
2021-07-20 09:52:00-04:00;2.4665000438690186;2.4679999351501465;2.4665000438690186;2.4679999351501465;100
2021-07-20 09:53:00-04:00;2.4700000286102295;2.4700000286102295;2.4700000286102295;2.4700000286102295;1000
2021-07-20 09:54:00-04:00;2.450000047683716;2.450000047683716;2.450000047683716;2.450000047683716;600
2021-07-20 09:55:00-04:00;2.4607999324798584;2.4607999324798584;2.4607999324798584;2.4607999324798584;100
2021-07-20 09:56:00-04:00;2.450000047683716;2.4683001041412354;2.450000047683716;2.4516000747680664;1600
2021-07-20 09:57:00-04:00;2.4700000286102295;2.4700000286102295;2.4700000286102295;2.4700000286102295;342
2021-07-20 10:01:00-04:00;2.4600000381469727;2.4600000381469727;2.4600000381469727;2.4600000381469727;500
2021-07-20 10:02:00-04:00;2.4616000652313232;2.4616000652313232;2.450000047683716;2.450000047683716;2081
2021-07-20 10:03:00-04:00;2.456700086593628;2.456700086593628;2.4433000087738037;2.4433000087738037;311
2021-07-20 10:04:00-04:00;2.4581000804901123;2.4581000804901123;2.440000057220459;2.440000057220459;1400
2021-07-20 10:06:00-04:00;2.450000047683716;2.450000047683716;2.450000047683716;2.450000047683716;105
2021-07-20 10:11:00-04:00;2.440000057220459;2.450000047683716;2.440000057220459;2.450000047683716;4800
2021-07-20 10:12:00-04:00;2.4423000812530518;2.4423000812530518;2.4423000812530518;2.4423000812530518;403
2021-07-20 10:14:00-04:00;2.441999912261963;2.441999912261963;2.441999912261963;2.441999912261963;341
2021-07-20 10:15:00-04:00;2.433000087738037;2.459199905395508;2.433000087738037;2.459199905395508;1070
2021-07-20 10:16:00-04:00;2.445199966430664;2.445199966430664;2.445199966430664;2.445199966430664;160
2021-07-20 10:17:00-04:00;2.466599941253662;2.466599941253662;2.466599941253662;2.466599941253662;550
2021-07-20 10:18:00-04:00;2.4697000980377197;2.4697000980377197;2.4549999237060547;2.4549999237060547;500
2021-07-20 10:20:00-04:00;2.4700000286102295;2.4700000286102295;2.4549999237060547;2.4700000286102295;300
2021-07-20 10:21:00-04:00;2.4700000286102295;2.4700000286102295;2.4700000286102295;2.4700000286102295;113
2021-07-20 10:24:00-04:00;2.4700000286102295;2.4700000286102295;2.4700000286102295;2.4700000286102295;182
2021-07-20 10:26:00-04:00;2.4600000381469727;2.4600000381469727;2.450000047683716;2.450000047683716;200
2021-07-20 10:27:00-04:00;2.450000047683716;2.450000047683716;2.448499917984009;2.448499917984009;1710
2021-07-20 10:29:00-04:00;2.444999933242798;2.458699941635132;2.444999933242798;2.4486000537872314;300
2021-07-20 10:30:00-04:00;2.4346001148223877;2.4600000381469727;2.4346001148223877;2.4600000381469727;1265
2021-07-20 10:31:00-04:00;2.4598000049591064;2.4600000381469727;2.4598000049591064;2.4598000049591064;1430
2021-07-20 10:33:00-04:00;2.4600000381469727;2.4700000286102295;2.4600000381469727;2.4700000286102295;703
2021-07-20 10:37:00-04:00;2.4700000286102295;2.4700000286102295;2.4700000286102295;2.4700000286102295;101
2021-07-20 10:43:00-04:00;2.4700000286102295;2.4700000286102295;2.4700000286102295;2.4700000286102295;160
2021-07-20 10:46:00-04:00;2.4700000286102295;2.4700000286102295;2.462899923324585;2.462899923324585;2305
2021-07-20 10:47:00-04:00;2.4649999141693115;2.4649999141693115;2.4649999141693115;2.4649999141693115;100
2021-07-20 10:48:00-04:00;2.4700000286102295;2.4800000190734863;2.4697999954223633;2.4800000190734863;576
2021-07-20 10:51:00-04:00;2.4749999046325684;2.4749999046325684;2.450000047683716;2.450000047683716;8200
2021-07-20 10:53:00-04:00;2.4700000286102295;2.4700000286102295;2.4700000286102295;2.4700000286102295;100
2021-07-20 10:55:00-04:00;2.4626998901367188;2.4626998901367188;2.4626998901367188;2.4626998901367188;500
2021-07-20 10:56:00-04:00;2.4700000286102295;2.4700000286102295;2.4700000286102295;2.4700000286102295;653
2021-07-20 10:58:00-04:00;2.4730000495910645;2.489799976348877;2.4730000495910645;2.489799976348877;900
2021-07-20 11:04:00-04:00;2.4800000190734863;2.4800000190734863;2.4700000286102295;2.4700000286102295;5629
2021-07-20 11:05:00-04:00;2.4700000286102295;2.4800000190734863;2.4700000286102295;2.4800000190734863;4460
2021-07-20 11:09:00-04:00;2.4800000190734863;2.4800000190734863;2.4800000190734863;2.4800000190734863;10251
2021-07-20 11:16:00-04:00;2.5;2.5;2.5;2.5;106
2021-07-20 11:21:00-04:00;2.4986000061035156;2.4986000061035156;2.4986000061035156;2.4986000061035156;340
2021-07-20 11:27:00-04:00;2.5;2.5;2.5;2.5;400
2021-07-20 11:29:00-04:00;2.494999885559082;2.494999885559082;2.494999885559082;2.494999885559082;900
2021-07-20 11:30:00-04:00;2.494999885559082;2.494999885559082;2.494999885559082;2.494999885559082;100
2021-07-20 11:32:00-04:00;2.490000009536743;2.490000009536743;2.490000009536743;2.490000009536743;246
2021-07-20 11:33:00-04:00;2.5;2.5;2.5;2.5;125
2021-07-20 11:36:00-04:00;2.4900999069213867;2.492799997329712;2.4900999069213867;2.4900999069213867;1650
2021-07-20 11:37:00-04:00;2.4900999069213867;2.494999885559082;2.4900999069213867;2.494999885559082;1060
2021-07-20 11:47:00-04:00;2.5099000930786133;2.5099000930786133;2.5099000930786133;2.5099000930786133;125
2021-07-20 11:49:00-04:00;2.509999990463257;2.509999990463257;2.509999990463257;2.509999990463257;177
2021-07-20 11:54:00-04:00;2.490000009536743;2.490000009536743;2.490000009536743;2.490000009536743;5000
2021-07-20 11:55:00-04:00;2.4927000999450684;2.4927000999450684;2.4927000999450684;2.4927000999450684;1095
2021-07-20 12:00:00-04:00;2.5;2.509999990463257;2.5;2.509999990463257;250
2021-07-20 12:02:00-04:00;2.509999990463257;2.509999990463257;2.509999990463257;2.509999990463257;1007
2021-07-20 12:04:00-04:00;2.5099000930786133;2.5099000930786133;2.5099000930786133;2.5099000930786133;100
2021-07-20 12:05:00-04:00;2.509000062942505;2.509000062942505;2.509000062942505;2.509000062942505;150
2021-07-20 12:08:00-04:00;2.509999990463257;2.509999990463257;2.509999990463257;2.509999990463257;262
2021-07-20 12:10:00-04:00;2.5;2.5;2.5;2.5;510
2021-07-20 12:11:00-04:00;2.490000009536743;2.490000009536743;2.490000009536743;2.490000009536743;501
2021-07-20 12:15:00-04:00;2.4935998916625977;2.4935998916625977;2.4935998916625977;2.4935998916625977;1000
2021-07-20 12:16:00-04:00;2.5;2.509999990463257;2.5;2.5;1880
2021-07-20 12:21:00-04:00;2.4900999069213867;2.509999990463257;2.4900999069213867;2.4900999069213867;550
2021-07-20 12:26:00-04:00;2.509999990463257;2.509999990463257;2.4900999069213867;2.497999906539917;1254
2021-07-20 12:27:00-04:00;2.509999990463257;2.509999990463257;2.4900999069213867;2.4979000091552734;1857
2021-07-20 12:32:00-04:00;2.505000114440918;2.505000114440918;2.505000114440918;2.505000114440918;500
2021-07-20 12:34:00-04:00;2.5090999603271484;2.5090999603271484;2.5090999603271484;2.5090999603271484;200
2021-07-20 12:36:00-04:00;2.509999990463257;2.509999990463257;2.509999990463257;2.509999990463257;142
2021-07-20 12:50:00-04:00;2.5;2.5;2.5;2.5;484
2021-07-20 12:52:00-04:00;2.5;2.5;2.5;2.5;427
2021-07-20 12:55:00-04:00;2.5;2.5;2.4916999340057373;2.4916999340057373;400
2021-07-20 13:12:00-04:00;2.5;2.5;2.5;2.5;121
2021-07-20 13:19:00-04:00;2.5099000930786133;2.5099000930786133;2.5099000930786133;2.5099000930786133;501
2021-07-20 13:27:00-04:00;2.509999990463257;2.509999990463257;2.509999990463257;2.509999990463257;178
2021-07-20 13:35:00-04:00;2.490000009536743;2.5;2.490000009536743;2.5;1896
2021-07-20 13:37:00-04:00;2.5023999214172363;2.5023999214172363;2.5023999214172363;2.5023999214172363;5000
2021-07-20 13:38:00-04:00;2.505000114440918;2.505000114440918;2.505000114440918;2.505000114440918;300
2021-07-20 13:40:00-04:00;2.505000114440918;2.505000114440918;2.505000114440918;2.505000114440918;5000
2021-07-20 13:42:00-04:00;2.5199999809265137;2.5199999809265137;2.5199999809265137;2.5199999809265137;114
2021-07-20 13:45:00-04:00;2.5000998973846436;2.5000998973846436;2.5000998973846436;2.5000998973846436;5000
2021-07-20 13:48:00-04:00;2.509999990463257;2.509999990463257;2.509999990463257;2.509999990463257;1216
2021-07-20 14:11:00-04:00;2.5199999809265137;2.5199999809265137;2.509999990463257;2.509999990463257;879
2021-07-20 14:38:00-04:00;2.505000114440918;2.509999990463257;2.505000114440918;2.509999990463257;2722
2021-07-20 14:41:00-04:00;2.5;2.5;2.5;2.5;942
2021-07-20 14:43:00-04:00;2.5160999298095703;2.5160999298095703;2.5160999298095703;2.5160999298095703;206
2021-07-20 14:46:00-04:00;2.5;2.5;2.5;2.5;200
2021-07-20 14:49:00-04:00;2.5;2.5;2.5;2.5;600
2021-07-20 14:50:00-04:00;2.5;2.5;2.5;2.5;310
2021-07-20 15:02:00-04:00;2.5;2.5;2.5;2.5;422
2021-07-20 15:11:00-04:00;2.5000998973846436;2.5000998973846436;2.5000998973846436;2.5000998973846436;1001
2021-07-20 15:23:00-04:00;2.509999990463257;2.509999990463257;2.509999990463257;2.509999990463257;7119
2021-07-20 15:26:00-04:00;2.518199920654297;2.518199920654297;2.518199920654297;2.518199920654297;500
2021-07-20 15:32:00-04:00;2.5199999809265137;2.5199999809265137;2.5199999809265137;2.5199999809265137;100
2021-07-20 15:35:00-04:00;2.5199999809265137;2.5199999809265137;2.5199999809265137;2.5199999809265137;544
2021-07-20 15:38:00-04:00;2.5199999809265137;2.5299999713897705;2.5199999809265137;2.5299999713897705;1824
2021-07-20 15:40:00-04:00;2.5250000953674316;2.5250000953674316;2.5201001167297363;2.521699905395508;602
2021-07-20 15:42:00-04:00;2.5218000411987305;2.522700071334839;2.5199999809265137;2.522700071334839;430
2021-07-20 15:44:00-04:00;2.5199999809265137;2.5199999809265137;2.5;2.5;1000
2021-07-20 15:46:00-04:00;2.5199999809265137;2.549999952316284;2.5199999809265137;2.549999952316284;1274
2021-07-20 15:47:00-04:00;2.549999952316284;2.549999952316284;2.549999952316284;2.549999952316284;2123
2021-07-20 15:48:00-04:00;2.54010009765625;2.559999942779541;2.54010009765625;2.559999942779541;2149
2021-07-20 15:49:00-04:00;2.559999942779541;2.559999942779541;2.54010009765625;2.559999942779541;2792
2021-07-20 15:50:00-04:00;2.559999942779541;2.569999933242798;2.559999942779541;2.569999933242798;1729
2021-07-20 15:51:00-04:00;2.5799999237060547;2.5899999141693115;2.549999952316284;2.550100088119507;6438
2021-07-20 15:52:00-04:00;2.549999952316284;2.5799999237060547;2.54010009765625;2.5799999237060547;3894
2021-07-20 15:53:00-04:00;2.5601000785827637;2.5999999046325684;2.5601000785827637;2.5899999141693115;7756
2021-07-20 15:54:00-04:00;2.569999933242798;2.5999999046325684;2.569999933242798;2.5999999046325684;3889
2021-07-20 15:55:00-04:00;2.5999999046325684;2.609999895095825;2.5662999153137207;2.5999999046325684;8174
2021-07-20 15:56:00-04:00;2.5999999046325684;2.609999895095825;2.5999999046325684;2.609999895095825;9315
2021-07-20 15:57:00-04:00;2.619999885559082;2.619999885559082;2.5999999046325684;2.6089999675750732;8840
2021-07-20 15:58:00-04:00;2.615000009536743;2.619999885559082;2.600100040435791;2.609999895095825;15653
2021-07-20 15:59:00-04:00;2.619999885559082;2.630000114440918;2.609999895095825;2.630000114440918;25903
2021-07-21 09:30:00-04:00;2.609999895095825;2.609999895095825;2.559999942779541;2.559999942779541;3492
2021-07-21 09:31:00-04:00;2.5899999141693115;2.5899999141693115;2.569999933242798;2.569999933242798;1510
2021-07-21 09:32:00-04:00;2.550100088119507;2.569999933242798;2.550100088119507;2.569999933242798;1236
2021-07-21 09:34:00-04:00;2.559999942779541;2.559999942779541;2.549999952316284;2.549999952316284;300
2021-07-21 09:35:00-04:00;2.552500009536743;2.562299966812134;2.5299999713897705;2.5299999713897705;4946
2021-07-21 09:36:00-04:00;2.609999895095825;2.609999895095825;2.609999895095825;2.609999895095825;500
2021-07-21 09:38:00-04:00;2.565000057220459;2.602299928665161;2.565000057220459;2.602299928665161;1906
2021-07-21 09:46:00-04:00;2.609999895095825;2.609999895095825;2.609999895095825;2.609999895095825;103
2021-07-21 09:51:00-04:00;2.5399999618530273;2.5799999237060547;2.5399999618530273;2.5799999237060547;990
2021-07-21 09:52:00-04:00;2.588399887084961;2.588399887084961;2.588399887084961;2.588399887084961;200
2021-07-21 09:57:00-04:00;2.5899999141693115;2.5899999141693115;2.5899999141693115;2.5899999141693115;100
2021-07-21 09:58:00-04:00;2.5897998809814453;2.5897998809814453;2.569999933242798;2.5897998809814453;2295
2021-07-21 10:00:00-04:00;2.559999942779541;2.561000108718872;2.5232999324798584;2.5232999324798584;4837
2021-07-21 10:04:00-04:00;2.552799940109253;2.552799940109253;2.552799940109253;2.552799940109253;100
2021-07-21 10:05:00-04:00;2.5199999809265137;2.5450000762939453;2.5199999809265137;2.5450000762939453;300
2021-07-21 10:06:00-04:00;2.555299997329712;2.555299997329712;2.5550999641418457;2.5550999641418457;426
2021-07-21 10:08:00-04:00;2.559999942779541;2.569999933242798;2.5399999618530273;2.549999952316284;1982
2021-07-21 10:10:00-04:00;2.549999952316284;2.551500082015991;2.549999952316284;2.549999952316284;3219
2021-07-21 10:12:00-04:00;2.5399999618530273;2.5399999618530273;2.5199999809265137;2.5220000743865967;2303
2021-07-21 10:13:00-04:00;2.549999952316284;2.549999952316284;2.549999952316284;2.549999952316284;424
2021-07-21 10:18:00-04:00;2.5269999504089355;2.5269999504089355;2.5269999504089355;2.5269999504089355;1000
2021-07-21 10:20:00-04:00;2.5399999618530273;2.5399999618530273;2.5399999618530273;2.5399999618530273;500
2021-07-21 10:21:00-04:00;2.54010009765625;2.54010009765625;2.54010009765625;2.54010009765625;793
2021-07-21 10:22:00-04:00;2.559799909591675;2.559799909591675;2.559799909591675;2.559799909591675;201
2021-07-21 10:24:00-04:00;2.559999942779541;2.586699962615967;2.559999942779541;2.586699962615967;850
2021-07-21 10:25:00-04:00;2.5799999237060547;2.5799999237060547;2.569999933242798;2.569999933242798;650
2021-07-21 10:26:00-04:00;2.5799999237060547;2.5799999237060547;2.5799999237060547;2.5799999237060547;311
2021-07-21 10:38:00-04:00;2.565000057220459;2.565000057220459;2.565000057220459;2.565000057220459;150
2021-07-21 10:40:00-04:00;2.569999933242798;2.569999933242798;2.569999933242798;2.569999933242798;100
2021-07-21 10:42:00-04:00;2.5673000812530518;2.5673000812530518;2.5673000812530518;2.5673000812530518;170
2021-07-21 10:46:00-04:00;2.569999933242798;2.569999933242798;2.559999942779541;2.559999942779541;3177
2021-07-21 10:49:00-04:00;2.558000087738037;2.569999933242798;2.558000087738037;2.569999933242798;1200
2021-07-21 10:50:00-04:00;2.569999933242798;2.569999933242798;2.569999933242798;2.569999933242798;187
2021-07-21 11:04:00-04:00;2.555000066757202;2.555000066757202;2.5399999618530273;2.5399999618530273;1300
2021-07-21 11:06:00-04:00;2.5299999713897705;2.5618999004364014;2.5299999713897705;2.5618999004364014;250
2021-07-21 11:07:00-04:00;2.562999963760376;2.562999963760376;2.562999963760376;2.562999963760376;206
2021-07-21 11:13:00-04:00;2.5520999431610107;2.5520999431610107;2.5520999431610107;2.5520999431610107;158
2021-07-21 11:16:00-04:00;2.559999942779541;2.561800003051758;2.559999942779541;2.561800003051758;300
2021-07-21 11:22:00-04:00;2.5617001056671143;2.5617001056671143;2.5615999698638916;2.5615999698638916;200
2021-07-21 11:23:00-04:00;2.559999942779541;2.559999942779541;2.559999942779541;2.559999942779541;215
2021-07-21 11:25:00-04:00;2.559999942779541;2.559999942779541;2.555999994277954;2.555999994277954;1100
2021-07-21 11:26:00-04:00;2.559999942779541;2.559999942779541;2.559999942779541;2.559999942779541;150
2021-07-21 11:27:00-04:00;2.559999942779541;2.559999942779541;2.559999942779541;2.559999942779541;102
2021-07-21 11:28:00-04:00;2.551800012588501;2.551800012588501;2.551800012588501;2.551800012588501;503
2021-07-21 11:29:00-04:00;2.559999942779541;2.559999942779541;2.559999942779541;2.559999942779541;239
2021-07-21 11:33:00-04:00;2.549999952316284;2.559999942779541;2.549999952316284;2.549999952316284;2654
2021-07-21 11:35:00-04:00;2.549999952316284;2.55049991607666;2.549999952316284;2.55049991607666;1367
2021-07-21 11:36:00-04:00;2.5399999618530273;2.548099994659424;2.5399999618530273;2.548099994659424;2500
2021-07-21 11:37:00-04:00;2.549999952316284;2.549999952316284;2.549999952316284;2.549999952316284;602
2021-07-21 11:39:00-04:00;2.5299999713897705;2.5299999713897705;2.5299999713897705;2.5299999713897705;500
2021-07-21 11:40:00-04:00;2.5557000637054443;2.5557000637054443;2.5557000637054443;2.5557000637054443;200
2021-07-21 11:45:00-04:00;2.5399999618530273;2.5583999156951904;2.5399999618530273;2.5583999156951904;200
2021-07-21 11:49:00-04:00;2.5490000247955322;2.5490000247955322;2.5490000247955322;2.5490000247955322;100
2021-07-21 11:50:00-04:00;2.549999952316284;2.549999952316284;2.549999952316284;2.549999952316284;679
2021-07-21 11:55:00-04:00;2.549999952316284;2.549999952316284;2.549999952316284;2.549999952316284;600
2021-07-21 11:56:00-04:00;2.549999952316284;2.555000066757202;2.5299999713897705;2.549999952316284;8705
2021-07-21 11:57:00-04:00;2.5299999713897705;2.5299999713897705;2.5299999713897705;2.5299999713897705;1400
2021-07-21 12:00:00-04:00;2.522200107574463;2.522200107574463;2.522200107574463;2.522200107574463;6801
2021-07-21 12:04:00-04:00;2.549999952316284;2.549999952316284;2.549999952316284;2.549999952316284;883
2021-07-21 12:08:00-04:00;2.5350000858306885;2.5350000858306885;2.5350000858306885;2.5350000858306885;866
2021-07-21 12:17:00-04:00;2.5199999809265137;2.5199999809265137;2.5199999809265137;2.5199999809265137;408
2021-07-21 12:23:00-04:00;2.5350000858306885;2.5350000858306885;2.5199999809265137;2.5199999809265137;1652
2021-07-21 12:28:00-04:00;2.525399923324585;2.525399923324585;2.525399923324585;2.525399923324585;1000
2021-07-21 12:32:00-04:00;2.5399999618530273;2.5450000762939453;2.5399999618530273;2.5450000762939453;600
2021-07-21 12:36:00-04:00;2.541300058364868;2.541300058364868;2.541300058364868;2.541300058364868;1000
2021-07-21 12:38:00-04:00;2.5380001068115234;2.5380001068115234;2.5380001068115234;2.5380001068115234;501
2021-07-21 12:42:00-04:00;2.549999952316284;2.549999952316284;2.549999952316284;2.549999952316284;3000
2021-07-21 12:45:00-04:00;2.549999952316284;2.549999952316284;2.549999952316284;2.549999952316284;100
2021-07-21 12:51:00-04:00;2.549999952316284;2.549999952316284;2.5199999809265137;2.5399999618530273;15973
2021-07-21 12:52:00-04:00;2.549999952316284;2.559999942779541;2.5299999713897705;2.5399999618530273;17510
2021-07-21 12:53:00-04:00;2.559999942779541;2.559999942779541;2.559999942779541;2.559999942779541;270
2021-07-21 12:56:00-04:00;2.559999942779541;2.559999942779541;2.549999952316284;2.549999952316284;1136
2021-07-21 12:57:00-04:00;2.561000108718872;2.561000108718872;2.549999952316284;2.549999952316284;2601
2021-07-21 12:58:00-04:00;2.549999952316284;2.549999952316284;2.5299999713897705;2.5299999713897705;1000
2021-07-21 12:59:00-04:00;2.5199999809265137;2.549999952316284;2.5199999809265137;2.5299999713897705;12340
2021-07-21 13:00:00-04:00;2.539900064468384;2.559999942779541;2.539900064468384;2.549999952316284;10766
2021-07-21 13:02:00-04:00;2.569999933242798;2.569999933242798;2.569999933242798;2.569999933242798;1124
2021-07-21 13:04:00-04:00;2.5399999618530273;2.5399999618530273;2.5199999809265137;2.5199999809265137;3300
2021-07-21 13:05:00-04:00;2.5299999713897705;2.5299999713897705;2.5299999713897705;2.5299999713897705;8070
2021-07-21 13:06:00-04:00;2.5299999713897705;2.5399999618530273;2.5299999713897705;2.5399999618530273;1000
2021-07-21 13:09:00-04:00;2.5201001167297363;2.5201001167297363;2.5201001167297363;2.5201001167297363;1600
2021-07-21 13:10:00-04:00;2.5199999809265137;2.5199999809265137;2.5199999809265137;2.5199999809265137;3208
2021-07-21 13:11:00-04:00;2.509999990463257;2.5199999809265137;2.509999990463257;2.5199999809265137;1891
2021-07-21 13:16:00-04:00;2.5199999809265137;2.5199999809265137;2.5199999809265137;2.5199999809265137;200
2021-07-21 13:19:00-04:00;2.509999990463257;2.509999990463257;2.509999990463257;2.509999990463257;310
2021-07-21 13:20:00-04:00;2.5;2.5;2.490000009536743;2.490000009536743;1809
2021-07-21 13:21:00-04:00;2.4900999069213867;2.5;2.490000009536743;2.490000009536743;3899
2021-07-21 13:23:00-04:00;2.509999990463257;2.509999990463257;2.5;2.5;1502
2021-07-21 13:25:00-04:00;2.490000009536743;2.490000009536743;2.490000009536743;2.490000009536743;203
2021-07-21 13:26:00-04:00;2.51990008354187;2.5199999809265137;2.51990008354187;2.5199999809265137;250
2021-07-21 13:27:00-04:00;2.5009000301361084;2.5009000301361084;2.5009000301361084;2.5009000301361084;150
2021-07-21 13:28:00-04:00;2.509999990463257;2.509999990463257;2.509999990463257;2.509999990463257;1061
2021-07-21 13:30:00-04:00;2.515000104904175;2.515000104904175;2.515000104904175;2.515000104904175;100
2021-07-21 13:31:00-04:00;2.519200086593628;2.519200086593628;2.509999990463257;2.509999990463257;9179
2021-07-21 13:33:00-04:00;2.518199920654297;2.5199999809265137;2.509999990463257;2.5188000202178955;620
2021-07-21 13:34:00-04:00;2.509999990463257;2.5199999809265137;2.509999990463257;2.515000104904175;910
2021-07-21 13:44:00-04:00;2.515000104904175;2.515000104904175;2.515000104904175;2.515000104904175;110
2021-07-21 13:46:00-04:00;2.5190999507904053;2.5190999507904053;2.5;2.5;2100
2021-07-21 13:48:00-04:00;2.5025999546051025;2.5025999546051025;2.5025999546051025;2.5025999546051025;450
2021-07-21 13:50:00-04:00;2.51990008354187;2.5199999809265137;2.509999990463257;2.5199999809265137;10900
2021-07-21 13:51:00-04:00;2.51990008354187;2.539900064468384;2.51990008354187;2.539900064468384;9600
2021-07-21 13:52:00-04:00;2.5216000080108643;2.5374999046325684;2.5216000080108643;2.5374999046325684;701
2021-07-21 13:53:00-04:00;2.52620005607605;2.52620005607605;2.52620005607605;2.52620005607605;500
2021-07-21 14:00:00-04:00;2.5199999809265137;2.5199999809265137;2.5199999809265137;2.5199999809265137;131
2021-07-21 14:07:00-04:00;2.5350000858306885;2.5350000858306885;2.5199999809265137;2.5199999809265137;2939
2021-07-21 14:24:00-04:00;2.509999990463257;2.5299999713897705;2.509999990463257;2.5199999809265137;6230
2021-07-21 14:25:00-04:00;2.5199999809265137;2.5199999809265137;2.509999990463257;2.509999990463257;6052
2021-07-21 14:26:00-04:00;2.517199993133545;2.517199993133545;2.501199960708618;2.501199960708618;4500
2021-07-21 14:27:00-04:00;2.5199999809265137;2.5199999809265137;2.5199999809265137;2.5199999809265137;2500
2021-07-21 14:30:00-04:00;2.509999990463257;2.509999990463257;2.509999990463257;2.509999990463257;102
2021-07-21 14:33:00-04:00;2.5;2.5;2.5;2.5;102
2021-07-21 14:34:00-04:00;2.509999990463257;2.509999990463257;2.5;2.5;1000
2021-07-21 14:35:00-04:00;2.5099000930786133;2.5099000930786133;2.5099000930786133;2.5099000930786133;300
2021-07-21 14:36:00-04:00;2.503700017929077;2.503700017929077;2.503700017929077;2.503700017929077;725
2021-07-21 14:41:00-04:00;2.505000114440918;2.505000114440918;2.5;2.5;8569
2021-07-21 14:47:00-04:00;2.4999001026153564;2.4999001026153564;2.4999001026153564;2.4999001026153564;251
2021-07-21 14:49:00-04:00;2.4999001026153564;2.5;2.4999001026153564;2.5;555
2021-07-21 14:53:00-04:00;2.5199999809265137;2.5199999809265137;2.5199999809265137;2.5199999809265137;177
2021-07-21 14:57:00-04:00;2.5299999713897705;2.5299999713897705;2.509999990463257;2.509999990463257;5811
2021-07-21 14:58:00-04:00;2.515000104904175;2.515000104904175;2.515000104904175;2.515000104904175;1000
2021-07-21 15:03:00-04:00;2.509999990463257;2.509999990463257;2.5;2.5;600
2021-07-21 15:10:00-04:00;2.509999990463257;2.509999990463257;2.505000114440918;2.505000114440918;1100
2021-07-21 15:15:00-04:00;2.515000104904175;2.515000104904175;2.515000104904175;2.515000104904175;204
2021-07-21 15:18:00-04:00;2.5199999809265137;2.5199999809265137;2.5199999809265137;2.5199999809265137;105
2021-07-21 15:22:00-04:00;2.51200008392334;2.51200008392334;2.51200008392334;2.51200008392334;150
2021-07-21 15:24:00-04:00;2.5199999809265137;2.5199999809265137;2.509999990463257;2.509999990463257;465
2021-07-21 15:30:00-04:00;2.5127999782562256;2.5199999809265137;2.5127999782562256;2.5199999809265137;461
2021-07-21 15:39:00-04:00;2.5199999809265137;2.5199999809265137;2.5199999809265137;2.5199999809265137;162
2021-07-21 15:42:00-04:00;2.5199999809265137;2.5199999809265137;2.509999990463257;2.5199999809265137;2235
2021-07-21 15:46:00-04:00;2.5250000953674316;2.5250000953674316;2.5206000804901123;2.5206000804901123;400
2021-07-21 15:48:00-04:00;2.5250000953674316;2.5332000255584717;2.5199999809265137;2.5332000255584717;1262
2021-07-21 15:50:00-04:00;2.5250000953674316;2.5299999713897705;2.5199999809265137;2.5204999446868896;2798
2021-07-21 15:51:00-04:00;2.5199999809265137;2.5297999382019043;2.509999990463257;2.509999990463257;2174
2021-07-21 15:52:00-04:00;2.509999990463257;2.509999990463257;2.509999990463257;2.509999990463257;754
2021-07-21 15:54:00-04:00;2.500200033187866;2.515000104904175;2.500200033187866;2.509999990463257;1797
2021-07-21 15:55:00-04:00;2.5028998851776123;2.5028998851776123;2.490000009536743;2.4902000427246094;12000
2021-07-21 15:58:00-04:00;2.5;2.5;2.5;2.5;457
2021-07-21 15:59:00-04:00;2.509999990463257;2.509999990463257;2.5;2.5;1245
2021-07-22 09:30:00-04:00;2.4800000190734863;2.4800000190734863;2.4600000381469727;2.4600000381469727;3251
2021-07-22 09:31:00-04:00;2.4600000381469727;2.4649999141693115;2.4600000381469727;2.4649999141693115;200
2021-07-22 09:32:00-04:00;2.468400001525879;2.468400001525879;2.468400001525879;2.468400001525879;102
2021-07-22 09:33:00-04:00;2.4600000381469727;2.4600000381469727;2.4600000381469727;2.4600000381469727;401
2021-07-22 09:34:00-04:00;2.4600000381469727;2.4600000381469727;2.4600000381469727;2.4600000381469727;2061
2021-07-22 09:38:00-04:00;2.4700000286102295;2.4700000286102295;2.469899892807007;2.469899892807007;100
2021-07-22 09:39:00-04:00;2.469899892807007;2.469899892807007;2.469899892807007;2.469899892807007;350
2021-07-22 09:40:00-04:00;2.4700000286102295;2.4700000286102295;2.4649999141693115;2.4649999141693115;2000
2021-07-22 09:41:00-04:00;2.4600000381469727;2.5;2.4600000381469727;2.5;4133
2021-07-22 09:42:00-04:00;2.4860000610351562;2.4860000610351562;2.4860000610351562;2.4860000610351562;5101
2021-07-22 09:46:00-04:00;2.490000009536743;2.490000009536743;2.4899001121520996;2.4899001121520996;1529
2021-07-22 09:47:00-04:00;2.4800000190734863;2.490000009536743;2.4800000190734863;2.490000009536743;4054
2021-07-22 09:48:00-04:00;2.490000009536743;2.509999990463257;2.490000009536743;2.509999990463257;2504
2021-07-22 09:49:00-04:00;2.5199999809265137;2.5199999809265137;2.509999990463257;2.509999990463257;12444
2021-07-22 09:51:00-04:00;2.569999933242798;2.569999933242798;2.5399999618530273;2.559999942779541;415
2021-07-22 09:52:00-04:00;2.509999990463257;2.509999990463257;2.509999990463257;2.509999990463257;6438
2021-07-22 09:54:00-04:00;2.5329999923706055;2.5329999923706055;2.5329999923706055;2.5329999923706055;3984
2021-07-22 09:56:00-04:00;2.5199999809265137;2.5199999809265137;2.5199999809265137;2.5199999809265137;3640
2021-07-22 09:57:00-04:00;2.5199999809265137;2.5199999809265137;2.5199999809265137;2.5199999809265137;2501
2021-07-22 09:58:00-04:00;2.509999990463257;2.5199999809265137;2.509999990463257;2.509999990463257;2400
2021-07-22 10:02:00-04:00;2.5;2.5;2.490000009536743;2.490000009536743;2700
2021-07-22 10:06:00-04:00;2.48009991645813;2.48009991645813;2.48009991645813;2.48009991645813;1125
2021-07-22 10:08:00-04:00;2.4700000286102295;2.4800000190734863;2.450000047683716;2.450000047683716;20248
2021-07-22 10:15:00-04:00;2.4800000190734863;2.4800000190734863;2.4800000190734863;2.4800000190734863;5010
2021-07-22 10:18:00-04:00;2.4600000381469727;2.4700000286102295;2.4600000381469727;2.4600000381469727;565
2021-07-22 10:19:00-04:00;2.450000047683716;2.450000047683716;2.4400999546051025;2.4400999546051025;5230
2021-07-22 10:23:00-04:00;2.440000057220459;2.440000057220459;2.430000066757202;2.436500072479248;6516
2021-07-22 10:27:00-04:00;2.434999942779541;2.4393999576568604;2.434999942779541;2.4393999576568604;4000
2021-07-22 10:31:00-04:00;2.441499948501587;2.441499948501587;2.441499948501587;2.441499948501587;665
2021-07-22 10:33:00-04:00;2.450000047683716;2.450000047683716;2.440000057220459;2.440000057220459;2301
2021-07-22 10:37:00-04:00;2.4600000381469727;2.4800000190734863;2.440000057220459;2.4800000190734863;2595
2021-07-22 10:38:00-04:00;2.450000047683716;2.450000047683716;2.430000066757202;2.440000057220459;3090
2021-07-22 10:39:00-04:00;2.440000057220459;2.450000047683716;2.430000066757202;2.450000047683716;9351
2021-07-22 10:40:00-04:00;2.4600000381469727;2.4700000286102295;2.4600000381469727;2.4700000286102295;1400
2021-07-22 10:41:00-04:00;2.4700000286102295;2.4700000286102295;2.4649999141693115;2.4700000286102295;3661
2021-07-22 10:42:00-04:00;2.4800000190734863;2.490000009536743;2.4800000190734863;2.490000009536743;7100
2021-07-22 10:43:00-04:00;2.4800000190734863;2.4800000190734863;2.4800000190734863;2.4800000190734863;6313
2021-07-22 10:45:00-04:00;2.490000009536743;2.490000009536743;2.490000009536743;2.490000009536743;1590
2021-07-22 10:46:00-04:00;2.4800000190734863;2.490000009536743;2.4800000190734863;2.490000009536743;1053
2021-07-22 10:47:00-04:00;2.509999990463257;2.509999990463257;2.509999990463257;2.509999990463257;110
2021-07-22 10:48:00-04:00;2.509999990463257;2.509999990463257;2.5;2.509999990463257;1318
2021-07-22 10:49:00-04:00;2.509999990463257;2.509999990463257;2.490000009536743;2.490000009536743;1100
2021-07-22 10:50:00-04:00;2.490000009536743;2.509999990463257;2.4800000190734863;2.509999990463257;6885
2021-07-22 10:51:00-04:00;2.5;2.5299999713897705;2.5;2.5;19200
2021-07-22 10:52:00-04:00;2.5199999809265137;2.5350000858306885;2.5000998973846436;2.5350000858306885;29600
2021-07-22 10:53:00-04:00;2.509999990463257;2.5399999618530273;2.490000009536743;2.4904000759124756;12000
2021-07-22 10:54:00-04:00;2.5;2.5;2.5;2.5;6110
2021-07-22 10:55:00-04:00;2.5;2.5;2.5;2.5;2300
2021-07-22 10:56:00-04:00;2.5;2.509999990463257;2.5;2.505000114440918;2200
2021-07-22 10:57:00-04:00;2.5;2.5199999809265137;2.5;2.5;9800
2021-07-22 10:58:00-04:00;2.5;2.5;2.5;2.5;1610
2021-07-22 10:59:00-04:00;2.5;2.5;2.5;2.5;4995
2021-07-22 11:03:00-04:00;2.484999895095825;2.484999895095825;2.484999895095825;2.484999895095825;216
2021-07-22 11:10:00-04:00;2.4700000286102295;2.4700000286102295;2.4600000381469727;2.4600000381469727;1020
2021-07-22 11:12:00-04:00;2.466599941253662;2.466599941253662;2.466599941253662;2.466599941253662;810
2021-07-22 11:15:00-04:00;2.4600000381469727;2.4600000381469727;2.4600000381469727;2.4600000381469727;225
2021-07-22 11:32:00-04:00;2.450000047683716;2.4600000381469727;2.450000047683716;2.4600000381469727;807
2021-07-22 11:35:00-04:00;2.4423000812530518;2.4423000812530518;2.4423000812530518;2.4423000812530518;300
2021-07-22 11:38:00-04:00;2.450000047683716;2.4600000381469727;2.450000047683716;2.4600000381469727;700
2021-07-22 11:39:00-04:00;2.440000057220459;2.440000057220459;2.440000057220459;2.440000057220459;504
2021-07-22 11:50:00-04:00;2.440000057220459;2.440000057220459;2.440000057220459;2.440000057220459;735
2021-07-22 11:55:00-04:00;2.4363999366760254;2.4363999366760254;2.4363999366760254;2.4363999366760254;175
2021-07-22 11:59:00-04:00;2.4200000762939453;2.4200000762939453;2.4100000858306885;2.4200000762939453;6269
2021-07-22 12:03:00-04:00;2.4149999618530273;2.4149999618530273;2.4149999618530273;2.4149999618530273;100
2021-07-22 12:04:00-04:00;2.4100000858306885;2.4100000858306885;2.4100000858306885;2.4100000858306885;352
2021-07-22 12:07:00-04:00;2.4022998809814453;2.4022998809814453;2.4022998809814453;2.4022998809814453;500
2021-07-22 12:08:00-04:00;2.400099992752075;2.400099992752075;2.400099992752075;2.400099992752075;100
2021-07-22 12:10:00-04:00;2.419600009918213;2.419600009918213;2.419600009918213;2.419600009918213;100
2021-07-22 12:14:00-04:00;2.402100086212158;2.402100086212158;2.402100086212158;2.402100086212158;900
2021-07-22 12:18:00-04:00;2.400099992752075;2.4049999713897705;2.4000000953674316;2.400099992752075;12541
2021-07-22 12:19:00-04:00;2.390000104904175;2.390199899673462;2.380000114440918;2.390000104904175;6864
2021-07-22 12:21:00-04:00;2.394700050354004;2.4200000762939453;2.390000104904175;2.4200000762939453;15100
2021-07-22 12:22:00-04:00;2.4100000858306885;2.4100000858306885;2.4100000858306885;2.4100000858306885;200
2021-07-22 12:25:00-04:00;2.4200000762939453;2.4200000762939453;2.4200000762939453;2.4200000762939453;104
2021-07-22 12:43:00-04:00;2.4100000858306885;2.4100000858306885;2.4100000858306885;2.4100000858306885;209
2021-07-22 12:51:00-04:00;2.4026999473571777;2.4026999473571777;2.4026999473571777;2.4026999473571777;216
2021-07-22 12:58:00-04:00;2.4200000762939453;2.4200000762939453;2.4200000762939453;2.4200000762939453;2000
2021-07-22 13:00:00-04:00;2.4049999713897705;2.4049999713897705;2.390000104904175;2.3940000534057617;4966
2021-07-22 13:07:00-04:00;2.399899959564209;2.399899959564209;2.399899959564209;2.399899959564209;300
2021-07-22 13:08:00-04:00;2.3973000049591064;2.3973000049591064;2.3973000049591064;2.3973000049591064;200
2021-07-22 13:14:00-04:00;2.3958001136779785;2.4000000953674316;2.3949999809265137;2.3949999809265137;1398
2021-07-22 13:15:00-04:00;2.4000000953674316;2.4000000953674316;2.4000000953674316;2.4000000953674316;478
2021-07-22 13:23:00-04:00;2.4200000762939453;2.4200000762939453;2.4200000762939453;2.4200000762939453;200
2021-07-22 13:24:00-04:00;2.4149999618530273;2.4149999618530273;2.4149999618530273;2.4149999618530273;600
2021-07-22 13:26:00-04:00;2.4200000762939453;2.4200000762939453;2.4200000762939453;2.4200000762939453;1150
2021-07-22 13:28:00-04:00;2.4398999214172363;2.440000057220459;2.434999942779541;2.440000057220459;12450
2021-07-22 13:29:00-04:00;2.430000066757202;2.430000066757202;2.430000066757202;2.430000066757202;300
2021-07-22 13:31:00-04:00;2.431999921798706;2.431999921798706;2.431999921798706;2.431999921798706;801
2021-07-22 13:43:00-04:00;2.440000057220459;2.450000047683716;2.440000057220459;2.440000057220459;310
2021-07-22 13:47:00-04:00;2.43969988822937;2.450000047683716;2.43969988822937;2.450000047683716;305
2021-07-22 14:05:00-04:00;2.440000057220459;2.440000057220459;2.440000057220459;2.440000057220459;1950
2021-07-22 14:07:00-04:00;2.430000066757202;2.430000066757202;2.430000066757202;2.430000066757202;1000
2021-07-22 14:11:00-04:00;2.4398999214172363;2.4398999214172363;2.4398999214172363;2.4398999214172363;150
2021-07-22 14:18:00-04:00;2.440000057220459;2.440000057220459;2.440000057220459;2.440000057220459;205
2021-07-22 14:23:00-04:00;2.426100015640259;2.426100015640259;2.426100015640259;2.426100015640259;400
2021-07-22 14:24:00-04:00;2.430000066757202;2.430000066757202;2.430000066757202;2.430000066757202;1800
2021-07-22 14:25:00-04:00;2.4398999214172363;2.4398999214172363;2.4398999214172363;2.4398999214172363;100
2021-07-22 14:31:00-04:00;2.430000066757202;2.430000066757202;2.430000066757202;2.430000066757202;198
2021-07-22 15:05:00-04:00;2.430000066757202;2.430000066757202;2.430000066757202;2.430000066757202;844
2021-07-22 15:22:00-04:00;2.4200000762939453;2.4200000762939453;2.4200000762939453;2.4200000762939453;400
2021-07-22 15:26:00-04:00;2.4100000858306885;2.4149999618530273;2.4100000858306885;2.4149999618530273;2700
2021-07-22 15:27:00-04:00;2.4000000953674316;2.4000000953674316;2.4000000953674316;2.4000000953674316;125
2021-07-22 15:28:00-04:00;2.4000000953674316;2.4000000953674316;2.4000000953674316;2.4000000953674316;820
2021-07-22 15:31:00-04:00;2.400099992752075;2.400099992752075;2.400099992752075;2.400099992752075;5000
2021-07-22 15:36:00-04:00;2.4198999404907227;2.4198999404907227;2.4198999404907227;2.4198999404907227;1500
2021-07-22 15:37:00-04:00;2.4198999404907227;2.4198999404907227;2.4198999404907227;2.4198999404907227;1800
2021-07-22 15:39:00-04:00;2.4000000953674316;2.408799886703491;2.4000000953674316;2.408799886703491;2251
2021-07-22 15:42:00-04:00;2.4000000953674316;2.4000000953674316;2.4000000953674316;2.4000000953674316;899
2021-07-22 15:43:00-04:00;2.4000000953674316;2.4000000953674316;2.4000000953674316;2.4000000953674316;2100
2021-07-22 15:47:00-04:00;2.4000000953674316;2.4000000953674316;2.390000104904175;2.390000104904175;529
2021-07-22 15:48:00-04:00;2.390000104904175;2.390000104904175;2.390000104904175;2.390000104904175;616
2021-07-22 15:51:00-04:00;2.4000000953674316;2.4000000953674316;2.4000000953674316;2.4000000953674316;119
2021-07-22 15:52:00-04:00;2.4000000953674316;2.4000000953674316;2.4000000953674316;2.4000000953674316;436
2021-07-22 15:53:00-04:00;2.4049999713897705;2.4089999198913574;2.4049999713897705;2.4089999198913574;3000
2021-07-22 15:54:00-04:00;2.4049999713897705;2.4100000858306885;2.4049999713897705;2.4100000858306885;13123
2021-07-22 15:56:00-04:00;2.4000000953674316;2.4000000953674316;2.4000000953674316;2.4000000953674316;648
2021-07-22 15:57:00-04:00;2.4000000953674316;2.4000000953674316;2.390000104904175;2.390000104904175;433
2021-07-22 15:58:00-04:00;2.390000104904175;2.390000104904175;2.390000104904175;2.390000104904175;200
2021-07-22 15:59:00-04:00;2.390000104904175;2.399899959564209;2.390000104904175;2.390000104904175;2135
2021-07-23 09:30:00-04:00;2.369999885559082;2.369999885559082;2.369999885559082;2.369999885559082;2384
2021-07-23 09:31:00-04:00;2.380000114440918;2.390000104904175;2.380000114440918;2.380000114440918;658
2021-07-23 09:33:00-04:00;2.390000104904175;2.4100000858306885;2.390000104904175;2.4059998989105225;5235
2021-07-23 09:34:00-04:00;2.4000000953674316;2.4100000858306885;2.4000000953674316;2.4000000953674316;736
2021-07-23 09:51:00-04:00;2.3731000423431396;2.3731000423431396;2.3731000423431396;2.3731000423431396;435
2021-07-23 09:53:00-04:00;2.387200117111206;2.387200117111206;2.387200117111206;2.387200117111206;307
2021-07-23 09:54:00-04:00;2.3722000122070312;2.3722000122070312;2.3722000122070312;2.3722000122070312;400
2021-07-23 09:59:00-04:00;2.3701000213623047;2.3701000213623047;2.3701000213623047;2.3701000213623047;209
2021-07-23 10:00:00-04:00;2.369999885559082;2.369999885559082;2.369999885559082;2.369999885559082;16418
2021-07-23 10:03:00-04:00;2.3773999214172363;2.3773999214172363;2.3773999214172363;2.3773999214172363;400
2021-07-23 10:07:00-04:00;2.369999885559082;2.369999885559082;2.359999895095825;2.359999895095825;3328
2021-07-23 10:12:00-04:00;2.3598999977111816;2.3598999977111816;2.3598999977111816;2.3598999977111816;1000
2021-07-23 10:13:00-04:00;2.3578999042510986;2.3578999042510986;2.3578999042510986;2.3578999042510986;105
2021-07-23 10:15:00-04:00;2.3510000705718994;2.3510000705718994;2.3510000705718994;2.3510000705718994;475
2021-07-23 10:16:00-04:00;2.359999895095825;2.359999895095825;2.359999895095825;2.359999895095825;6210
2021-07-23 10:18:00-04:00;2.350100040435791;2.350100040435791;2.350100040435791;2.350100040435791;2099
2021-07-23 10:26:00-04:00;2.3499999046325684;2.3499999046325684;2.3499999046325684;2.3499999046325684;213
2021-07-23 10:35:00-04:00;2.390000104904175;2.399399995803833;2.369999885559082;2.369999885559082;800
2021-07-23 10:36:00-04:00;2.380000114440918;2.380000114440918;2.359999895095825;2.359999895095825;917
2021-07-23 10:37:00-04:00;2.3499999046325684;2.380000114440918;2.3499999046325684;2.380000114440918;11612
2021-07-23 10:38:00-04:00;2.380000114440918;2.390000104904175;2.380000114440918;2.390000104904175;9300
2021-07-23 10:39:00-04:00;2.390000104904175;2.390000104904175;2.359999895095825;2.380000114440918;1729
2021-07-23 10:40:00-04:00;2.390000104904175;2.4000000953674316;2.369999885559082;2.4000000953674316;13042
2021-07-23 10:41:00-04:00;2.4000000953674316;2.40939998626709;2.390000104904175;2.390000104904175;1510
2021-07-23 10:42:00-04:00;2.359999895095825;2.4100000858306885;2.359999895095825;2.4000000953674316;21381
2021-07-23 10:43:00-04:00;2.380000114440918;2.4398999214172363;2.380000114440918;2.4200000762939453;12096
2021-07-23 10:44:00-04:00;2.4200000762939453;2.430000066757202;2.4200000762939453;2.430000066757202;1100
2021-07-23 10:45:00-04:00;2.430000066757202;2.4395999908447266;2.430000066757202;2.430000066757202;835
2021-07-23 10:46:00-04:00;2.430000066757202;2.440000057220459;2.430000066757202;2.440000057220459;7140
2021-07-23 10:47:00-04:00;2.450000047683716;2.4600000381469727;2.450000047683716;2.4600000381469727;935
2021-07-23 10:48:00-04:00;2.4600000381469727;2.4600000381469727;2.4600000381469727;2.4600000381469727;300
2021-07-23 10:49:00-04:00;2.4600000381469727;2.4800000190734863;2.440000057220459;2.450000047683716;14187
2021-07-23 10:50:00-04:00;2.450000047683716;2.4600000381469727;2.440000057220459;2.440000057220459;10521
2021-07-23 10:51:00-04:00;2.440000057220459;2.450000047683716;2.440000057220459;2.450000047683716;15526
2021-07-23 10:52:00-04:00;2.450000047683716;2.4600000381469727;2.440000057220459;2.450000047683716;10875
2021-07-23 10:53:00-04:00;2.450000047683716;2.450000047683716;2.440000057220459;2.440000057220459;1900
2021-07-23 10:54:00-04:00;2.440000057220459;2.440000057220459;2.440000057220459;2.440000057220459;5850
2021-07-23 10:55:00-04:00;2.4600000381469727;2.4600000381469727;2.4600000381469727;2.4600000381469727;1000
2021-07-23 10:56:00-04:00;2.440000057220459;2.4600000381469727;2.440000057220459;2.450000047683716;1500
2021-07-23 10:57:00-04:00;2.440000057220459;2.450000047683716;2.434999942779541;2.434999942779541;10300
2021-07-23 10:58:00-04:00;2.430000066757202;2.430999994277954;2.430000066757202;2.430000066757202;6001
2021-07-23 10:59:00-04:00;2.430000066757202;2.4600000381469727;2.427000045776367;2.427000045776367;18733
2021-07-23 11:00:00-04:00;2.440000057220459;2.440000057220459;2.440000057220459;2.440000057220459;2400
2021-07-23 11:01:00-04:00;2.4200000762939453;2.4200000762939453;2.4200000762939453;2.4200000762939453;5294
2021-07-23 11:06:00-04:00;2.4100000858306885;2.4100000858306885;2.4100000858306885;2.4100000858306885;912
2021-07-23 11:08:00-04:00;2.3949999809265137;2.4100000858306885;2.3949999809265137;2.4100000858306885;669
2021-07-23 11:09:00-04:00;2.3949999809265137;2.3949999809265137;2.380000114440918;2.380000114440918;316
2021-07-23 11:19:00-04:00;2.430000066757202;2.430000066757202;2.430000066757202;2.430000066757202;206
2021-07-23 11:24:00-04:00;2.4200000762939453;2.430000066757202;2.4200000762939453;2.430000066757202;556
2021-07-23 11:32:00-04:00;2.4351000785827637;2.4351000785827637;2.4351000785827637;2.4351000785827637;500
2021-07-23 11:37:00-04:00;2.4100000858306885;2.4100000858306885;2.4100000858306885;2.4100000858306885;100
2021-07-23 11:39:00-04:00;2.4279000759124756;2.4279000759124756;2.4000000953674316;2.4000000953674316;2150
2021-07-23 11:52:00-04:00;2.4149999618530273;2.4149999618530273;2.4000000953674316;2.4000000953674316;5750
2021-07-23 11:53:00-04:00;2.4000000953674316;2.4000000953674316;2.4000000953674316;2.4000000953674316;510
2021-07-23 12:05:00-04:00;2.4298999309539795;2.4298999309539795;2.4298999309539795;2.4298999309539795;2504
2021-07-23 12:15:00-04:00;2.4149999618530273;2.430000066757202;2.4149999618530273;2.430000066757202;10403
2021-07-23 12:28:00-04:00;2.400099992752075;2.400099992752075;2.400099992752075;2.400099992752075;801
2021-07-23 12:38:00-04:00;2.4052999019622803;2.4052999019622803;2.4052999019622803;2.4052999019622803;1032
2021-07-23 13:09:00-04:00;2.4100000858306885;2.4100000858306885;2.4100000858306885;2.4100000858306885;300
2021-07-23 13:10:00-04:00;2.4100000858306885;2.4100000858306885;2.4000000953674316;2.4000000953674316;1593
2021-07-23 13:36:00-04:00;2.4100000858306885;2.4100000858306885;2.4100000858306885;2.4100000858306885;3010
2021-07-23 13:41:00-04:00;2.390000104904175;2.390000104904175;2.390000104904175;2.390000104904175;570
2021-07-23 13:44:00-04:00;2.390000104904175;2.3984999656677246;2.390000104904175;2.3984999656677246;402
2021-07-23 13:56:00-04:00;2.378499984741211;2.378499984741211;2.378499984741211;2.378499984741211;2000
2021-07-23 14:00:00-04:00;2.380000114440918;2.380000114440918;2.380000114440918;2.380000114440918;595
2021-07-23 14:12:00-04:00;2.4000000953674316;2.4000000953674316;2.4000000953674316;2.4000000953674316;1555
2021-07-23 14:15:00-04:00;2.4000000953674316;2.4000000953674316;2.4000000953674316;2.4000000953674316;500
2021-07-23 14:29:00-04:00;2.390000104904175;2.390000104904175;2.369999885559082;2.369999885559082;5109
2021-07-23 14:51:00-04:00;2.369999885559082;2.369999885559082;2.369999885559082;2.369999885559082;310
2021-07-23 14:52:00-04:00;2.369999885559082;2.369999885559082;2.359999895095825;2.359999895095825;383
2021-07-23 15:02:00-04:00;2.3778998851776123;2.3778998851776123;2.359999895095825;2.361999988555908;1401
2021-07-23 15:08:00-04:00;2.359999895095825;2.359999895095825;2.359999895095825;2.359999895095825;200
2021-07-23 15:09:00-04:00;2.369999885559082;2.369999885559082;2.369999885559082;2.369999885559082;501
2021-07-23 15:10:00-04:00;2.380000114440918;2.380000114440918;2.380000114440918;2.380000114440918;501
2021-07-23 15:11:00-04:00;2.399899959564209;2.399899959564209;2.399899959564209;2.399899959564209;409
2021-07-23 15:14:00-04:00;2.3814001083374023;2.3814001083374023;2.3814001083374023;2.3814001083374023;489
2021-07-23 15:41:00-04:00;2.380000114440918;2.380000114440918;2.380000114440918;2.380000114440918;1050
2021-07-23 15:43:00-04:00;2.380000114440918;2.380000114440918;2.380000114440918;2.380000114440918;100
2021-07-23 15:44:00-04:00;2.380000114440918;2.380000114440918;2.380000114440918;2.380000114440918;476
2021-07-23 15:46:00-04:00;2.387399911880493;2.387399911880493;2.387399911880493;2.387399911880493;100
2021-07-23 15:49:00-04:00;2.390000104904175;2.390000104904175;2.390000104904175;2.390000104904175;501
2021-07-23 15:52:00-04:00;2.384999990463257;2.384999990463257;2.380000114440918;2.380000114440918;358
2021-07-23 15:58:00-04:00;2.380000114440918;2.380000114440918;2.380000114440918;2.380000114440918;280
2021-07-23 15:59:00-04:00;2.380000114440918;2.390000104904175;2.369999885559082;2.369999885559082;1061
