Datetime;Open;High;Low;Close;Volume
2021-07-19 09:30:00-04:00;3.049999952316284;3.049999952316284;3.0399999618530273;3.0399999618530273;10249
2021-07-19 09:32:00-04:00;3.059999942779541;3.059999942779541;3.0399999618530273;3.0399999618530273;2695
2021-07-19 09:33:00-04:00;3.049999952316284;3.059999942779541;3.049999952316284;3.049999952316284;2836
2021-07-19 09:34:00-04:00;3.0399999618530273;3.0409998893737793;3.0399999618530273;3.0399999618530273;12351
2021-07-19 09:35:00-04:00;3.065000057220459;3.065000057220459;3.065000057220459;3.065000057220459;775
2021-07-19 09:36:00-04:00;3.059999942779541;3.069999933242798;3.059999942779541;3.065000057220459;3708
2021-07-19 09:38:00-04:00;3.049999952316284;3.049999952316284;3.049999952316284;3.049999952316284;1362
2021-07-19 09:39:00-04:00;3.0394999980926514;3.059999942779541;3.0394999980926514;3.059999942779541;3858
2021-07-19 09:40:00-04:00;3.0587000846862793;3.0587000846862793;3.055000066757202;3.055000066757202;1614
2021-07-19 09:41:00-04:00;3.049999952316284;3.049999952316284;3.049999952316284;3.049999952316284;861
2021-07-19 09:42:00-04:00;3.049999952316284;3.055000066757202;3.049999952316284;3.055000066757202;4904
2021-07-19 09:43:00-04:00;3.065000057220459;3.0799999237060547;3.065000057220459;3.0713999271392822;6148
2021-07-19 09:44:00-04:00;3.069999933242798;3.075000047683716;3.069999933242798;3.075000047683716;636
2021-07-19 09:45:00-04:00;3.069999933242798;3.069999933242798;3.069999933242798;3.069999933242798;420
2021-07-19 09:46:00-04:00;3.075000047683716;3.075000047683716;3.075000047683716;3.075000047683716;335
2021-07-19 09:47:00-04:00;3.0850000381469727;3.0850000381469727;3.0850000381469727;3.0850000381469727;4702
2021-07-19 09:48:00-04:00;3.0850000381469727;3.0850000381469727;3.0850000381469727;3.0850000381469727;765
2021-07-19 09:49:00-04:00;3.075000047683716;3.075000047683716;3.075000047683716;3.075000047683716;1380
2021-07-19 09:50:00-04:00;3.075000047683716;3.075000047683716;3.075000047683716;3.075000047683716;1814
2021-07-19 09:51:00-04:00;3.0799999237060547;3.0799999237060547;3.075000047683716;3.075000047683716;1470
2021-07-19 09:54:00-04:00;3.069999933242798;3.069999933242798;3.0615999698638916;3.0615999698638916;733
2021-07-19 09:56:00-04:00;3.0522000789642334;3.0522000789642334;3.0522000789642334;3.0522000789642334;540
2021-07-19 09:59:00-04:00;3.049999952316284;3.050100088119507;3.0422000885009766;3.050100088119507;17179
2021-07-19 10:00:00-04:00;3.065000057220459;3.069999933242798;3.065000057220459;3.069999933242798;1631
2021-07-19 10:02:00-04:00;3.055000066757202;3.055000066757202;3.055000066757202;3.055000066757202;108
2021-07-19 10:03:00-04:00;3.056999921798706;3.059999942779541;3.056999921798706;3.059999942779541;213
2021-07-19 10:04:00-04:00;3.052799940109253;3.059999942779541;3.052799940109253;3.059999942779541;1964
2021-07-19 10:06:00-04:00;3.069999933242798;3.075000047683716;3.069999933242798;3.075000047683716;596
2021-07-19 10:07:00-04:00;3.075000047683716;3.078000068664551;3.075000047683716;3.075000047683716;1308
2021-07-19 10:09:00-04:00;3.075000047683716;3.075000047683716;3.065000057220459;3.065000057220459;2605
2021-07-19 10:10:00-04:00;3.059999942779541;3.059999942779541;3.059999942779541;3.059999942779541;327
2021-07-19 10:11:00-04:00;3.059999942779541;3.059999942779541;3.059999942779541;3.059999942779541;136
2021-07-19 10:14:00-04:00;3.049999952316284;3.049999952316284;3.049999952316284;3.049999952316284;300
2021-07-19 10:15:00-04:00;3.049999952316284;3.055000066757202;3.049999952316284;3.055000066757202;613
2021-07-19 10:16:00-04:00;3.055000066757202;3.059999942779541;3.055000066757202;3.059999942779541;278
2021-07-19 10:17:00-04:00;3.059999942779541;3.0699000358581543;3.059999942779541;3.0699000358581543;206
2021-07-19 10:18:00-04:00;3.0601000785827637;3.0601000785827637;3.0601000785827637;3.0601000785827637;209
2021-07-19 10:20:00-04:00;3.069999933242798;3.0864999294281006;3.069999933242798;3.0864999294281006;665
2021-07-19 10:21:00-04:00;3.0899999141693115;3.0966999530792236;3.0899999141693115;3.0966999530792236;649
2021-07-19 10:22:00-04:00;3.0899999141693115;3.0950000286102295;3.0799999237060547;3.0950000286102295;6509
2021-07-19 10:24:00-04:00;3.0999999046325684;3.1050000190734863;3.0999999046325684;3.1050000190734863;791
2021-07-19 10:25:00-04:00;3.1010000705718994;3.1050000190734863;3.1010000705718994;3.1050000190734863;583
2021-07-19 10:26:00-04:00;3.1070001125335693;3.1070001125335693;3.0950000286102295;3.0950000286102295;1435
2021-07-19 10:31:00-04:00;3.0950000286102295;3.0950000286102295;3.0899999141693115;3.0950000286102295;1538
2021-07-19 10:32:00-04:00;3.0899999141693115;3.0950000286102295;3.0899999141693115;3.0950000286102295;853
2021-07-19 10:35:00-04:00;3.0950000286102295;3.0999999046325684;3.0950000286102295;3.0999999046325684;928
2021-07-19 10:36:00-04:00;3.0950000286102295;3.0950000286102295;3.0950000286102295;3.0950000286102295;144
2021-07-19 10:37:00-04:00;3.0950000286102295;3.0950000286102295;3.092400074005127;3.092400074005127;323
2021-07-19 10:39:00-04:00;3.0999999046325684;3.119999885559082;3.0999999046325684;3.119999885559082;3006
2021-07-19 10:40:00-04:00;3.122499942779541;3.130000114440918;3.122499942779541;3.130000114440918;971
2021-07-19 10:41:00-04:00;3.140000104904175;3.140000104904175;3.140000104904175;3.140000104904175;242
2021-07-19 10:42:00-04:00;3.1500000953674316;3.1600000858306885;3.1500000953674316;3.1600000858306885;3290
2021-07-19 10:43:00-04:00;3.1700000762939453;3.1700000762939453;3.1600000858306885;3.1600000858306885;1883
2021-07-19 10:44:00-04:00;3.1600000858306885;3.1600000858306885;3.1600000858306885;3.1600000858306885;1064
2021-07-19 10:45:00-04:00;3.1600000858306885;3.1600000858306885;3.1600000858306885;3.1600000858306885;1104
2021-07-19 10:46:00-04:00;3.1549999713897705;3.1549999713897705;3.1549999713897705;3.1549999713897705;1016
2021-07-19 10:47:00-04:00;3.1549999713897705;3.1600000858306885;3.1549999713897705;3.1600000858306885;884
2021-07-19 10:48:00-04:00;3.1526999473571777;3.1526999473571777;3.1526999473571777;3.1526999473571777;535
2021-07-19 10:53:00-04:00;3.1600000858306885;3.1600000858306885;3.1600000858306885;3.1600000858306885;261
2021-07-19 10:54:00-04:00;3.1600000858306885;3.1600000858306885;3.1500000953674316;3.1500000953674316;939
2021-07-19 10:55:00-04:00;3.1500000953674316;3.1500000953674316;3.1500000953674316;3.1500000953674316;1043
2021-07-19 10:56:00-04:00;3.140000104904175;3.140000104904175;3.140000104904175;3.140000104904175;3902
2021-07-19 10:57:00-04:00;3.1500000953674316;3.1500000953674316;3.149899959564209;3.149899959564209;4012
2021-07-19 10:58:00-04:00;3.1422998905181885;3.1422998905181885;3.1422998905181885;3.1422998905181885;785
2021-07-19 11:00:00-04:00;3.1600000858306885;3.1600000858306885;3.1600000858306885;3.1600000858306885;617
2021-07-19 11:01:00-04:00;3.1607000827789307;3.1607000827789307;3.1607000827789307;3.1607000827789307;767
2021-07-19 11:02:00-04:00;3.1700000762939453;3.180000066757202;3.1700000762939453;3.1700000762939453;10672
2021-07-19 11:03:00-04:00;3.180000066757202;3.180000066757202;3.180000066757202;3.180000066757202;800
2021-07-19 11:04:00-04:00;3.184999942779541;3.190000057220459;3.184999942779541;3.190000057220459;2345
2021-07-19 11:05:00-04:00;3.180000066757202;3.180000066757202;3.180000066757202;3.180000066757202;1414
2021-07-19 11:06:00-04:00;3.190000057220459;3.190000057220459;3.190000057220459;3.190000057220459;203
2021-07-19 11:07:00-04:00;3.190000057220459;3.190000057220459;3.190000057220459;3.190000057220459;225
2021-07-19 11:08:00-04:00;3.200000047683716;3.200000047683716;3.200000047683716;3.200000047683716;148
2021-07-19 11:09:00-04:00;3.200000047683716;3.200000047683716;3.200000047683716;3.200000047683716;4109
2021-07-19 11:10:00-04:00;3.200000047683716;3.200000047683716;3.200000047683716;3.200000047683716;1494
2021-07-19 11:12:00-04:00;3.219099998474121;3.2200000286102295;3.219099998474121;3.2200000286102295;613
2021-07-19 11:14:00-04:00;3.2100000381469727;3.2200000286102295;3.2100000381469727;3.2200000286102295;1728
2021-07-19 11:16:00-04:00;3.2149999141693115;3.2300000190734863;3.2149999141693115;3.2249999046325684;2552
2021-07-19 11:18:00-04:00;3.220099925994873;3.240000009536743;3.220099925994873;3.2300000190734863;5583
2021-07-19 11:19:00-04:00;3.2300000190734863;3.2300000190734863;3.2300000190734863;3.2300000190734863;484
2021-07-19 11:21:00-04:00;3.2200000286102295;3.2200000286102295;3.2100000381469727;3.2100000381469727;1953
2021-07-19 11:22:00-04:00;3.2100000381469727;3.2100000381469727;3.2100000381469727;3.2100000381469727;1144
2021-07-19 11:23:00-04:00;3.2200000286102295;3.2200000286102295;3.2200000286102295;3.2200000286102295;211
2021-07-19 11:24:00-04:00;3.2297000885009766;3.2297000885009766;3.2297000885009766;3.2297000885009766;1005
2021-07-19 11:25:00-04:00;3.2300000190734863;3.2300000190734863;3.2300000190734863;3.2300000190734863;208
2021-07-19 11:26:00-04:00;3.2300000190734863;3.2300000190734863;3.2281999588012695;3.2300000190734863;1767
2021-07-19 11:27:00-04:00;3.2300000190734863;3.2376999855041504;3.2300000190734863;3.234999895095825;930
2021-07-19 11:28:00-04:00;3.2300000190734863;3.2390999794006348;3.2300000190734863;3.2390999794006348;546
2021-07-19 11:29:00-04:00;3.240000009536743;3.240000009536743;3.240000009536743;3.240000009536743;133
2021-07-19 11:30:00-04:00;3.240000009536743;3.240000009536743;3.2397000789642334;3.2397000789642334;623
2021-07-19 11:31:00-04:00;3.25;3.255000114440918;3.25;3.255000114440918;748
2021-07-19 11:33:00-04:00;3.259999990463257;3.259999990463257;3.259999990463257;3.259999990463257;667
2021-07-19 11:34:00-04:00;3.259999990463257;3.259999990463257;3.259999990463257;3.259999990463257;529
2021-07-19 11:35:00-04:00;3.25;3.25;3.25;3.25;184
2021-07-19 11:36:00-04:00;3.255000114440918;3.255000114440918;3.255000114440918;3.255000114440918;239
2021-07-19 11:38:00-04:00;3.257699966430664;3.257699966430664;3.257699966430664;3.257699966430664;103
2021-07-19 11:39:00-04:00;3.259999990463257;3.2699999809265137;3.255000114440918;3.2592999935150146;6856
2021-07-19 11:40:00-04:00;3.259999990463257;3.259999990463257;3.259999990463257;3.259999990463257;522
2021-07-19 11:41:00-04:00;3.2699999809265137;3.2699999809265137;3.255000114440918;3.255000114440918;1414
2021-07-19 11:43:00-04:00;3.255000114440918;3.255000114440918;3.255000114440918;3.255000114440918;209
2021-07-19 11:44:00-04:00;3.25;3.25;3.240000009536743;3.25;6634
2021-07-19 11:46:00-04:00;3.259999990463257;3.259999990463257;3.259999990463257;3.259999990463257;327
2021-07-19 11:48:00-04:00;3.259999990463257;3.259999990463257;3.259999990463257;3.259999990463257;1145
2021-07-19 11:50:00-04:00;3.265000104904175;3.2699999809265137;3.265000104904175;3.2699999809265137;498
2021-07-19 11:51:00-04:00;3.2699999809265137;3.2899999618530273;3.2699999809265137;3.2846999168395996;7911
2021-07-19 11:52:00-04:00;3.2899999618530273;3.2899999618530273;3.272599935531616;3.272599935531616;1637
2021-07-19 11:53:00-04:00;3.2750000953674316;3.2750000953674316;3.2750000953674316;3.2750000953674316;1078
2021-07-19 11:54:00-04:00;3.2699999809265137;3.2699999809265137;3.2699999809265137;3.2699999809265137;117
2021-07-19 11:55:00-04:00;3.2750000953674316;3.2750000953674316;3.2750000953674316;3.2750000953674316;252
2021-07-19 11:57:00-04:00;3.2850000858306885;3.2850000858306885;3.2850000858306885;3.2850000858306885;152
2021-07-19 11:58:00-04:00;3.2699999809265137;3.2699999809265137;3.2699999809265137;3.2699999809265137;304
2021-07-19 11:59:00-04:00;3.277600049972534;3.277600049972534;3.2750000953674316;3.2750000953674316;3303
2021-07-19 12:03:00-04:00;3.259999990463257;3.259999990463257;3.2500998973846436;3.259999990463257;5354
2021-07-19 12:04:00-04:00;3.2695000171661377;3.2695000171661377;3.240000009536743;3.240000009536743;2504
2021-07-19 12:05:00-04:00;3.23799991607666;3.240000009536743;3.23799991607666;3.240000009536743;4106
2021-07-19 12:06:00-04:00;3.23799991607666;3.23799991607666;3.23799991607666;3.23799991607666;541
2021-07-19 12:08:00-04:00;3.240000009536743;3.240000009536743;3.234999895095825;3.234999895095825;303
2021-07-19 12:10:00-04:00;3.2300000190734863;3.2300000190734863;3.225800037384033;3.225800037384033;501
2021-07-19 12:11:00-04:00;3.2300000190734863;3.2300000190734863;3.2300000190734863;3.2300000190734863;581
2021-07-19 12:12:00-04:00;3.23009991645813;3.23009991645813;3.23009991645813;3.23009991645813;1400
2021-07-19 12:13:00-04:00;3.240000009536743;3.240000009536743;3.240000009536743;3.240000009536743;1226
2021-07-19 12:14:00-04:00;3.240000009536743;3.240000009536743;3.240000009536743;3.240000009536743;1484
2021-07-19 12:15:00-04:00;3.240000009536743;3.244999885559082;3.240000009536743;3.244999885559082;309
2021-07-19 12:16:00-04:00;3.247999906539917;3.247999906539917;3.244999885559082;3.244999885559082;700
2021-07-19 12:19:00-04:00;3.240000009536743;3.240000009536743;3.240000009536743;3.240000009536743;351
2021-07-19 12:20:00-04:00;3.2300000190734863;3.2300000190734863;3.2300000190734863;3.2300000190734863;319
2021-07-19 12:22:00-04:00;3.240000009536743;3.240000009536743;3.240000009536743;3.240000009536743;1000
2021-07-19 12:23:00-04:00;3.240000009536743;3.25;3.240000009536743;3.25;212
2021-07-19 12:24:00-04:00;3.246799945831299;3.246799945831299;3.2467000484466553;3.2467000484466553;332
2021-07-19 12:28:00-04:00;3.247999906539917;3.247999906539917;3.247999906539917;3.247999906539917;155
2021-07-19 12:29:00-04:00;3.244999885559082;3.244999885559082;3.244999885559082;3.244999885559082;205
2021-07-19 12:30:00-04:00;3.240000009536743;3.240000009536743;3.240000009536743;3.240000009536743;2154
2021-07-19 12:31:00-04:00;3.234999895095825;3.240000009536743;3.234999895095825;3.240000009536743;259
2021-07-19 12:32:00-04:00;3.240000009536743;3.240000009536743;3.240000009536743;3.240000009536743;1945
2021-07-19 12:34:00-04:00;3.2219998836517334;3.2219998836517334;3.2219998836517334;3.2219998836517334;351
2021-07-19 12:35:00-04:00;3.2200000286102295;3.2200000286102295;3.2200000286102295;3.2200000286102295;1700
2021-07-19 12:36:00-04:00;3.2200000286102295;3.2200000286102295;3.2200000286102295;3.2200000286102295;862
2021-07-19 12:37:00-04:00;3.2149999141693115;3.2149999141693115;3.2149999141693115;3.2149999141693115;101
2021-07-19 12:40:00-04:00;3.2100000381469727;3.2100000381469727;3.200000047683716;3.200000047683716;923
2021-07-19 12:42:00-04:00;3.200000047683716;3.200000047683716;3.190000057220459;3.190000057220459;1388
2021-07-19 12:46:00-04:00;3.200000047683716;3.200000047683716;3.200000047683716;3.200000047683716;530
2021-07-19 12:49:00-04:00;3.200000047683716;3.200000047683716;3.200000047683716;3.200000047683716;535
2021-07-19 12:50:00-04:00;3.194999933242798;3.200000047683716;3.194999933242798;3.200000047683716;474
2021-07-19 12:58:00-04:00;3.194999933242798;3.194999933242798;3.194999933242798;3.194999933242798;222
2021-07-19 13:00:00-04:00;3.200000047683716;3.200000047683716;3.200000047683716;3.200000047683716;3710
2021-07-19 13:02:00-04:00;3.2049999237060547;3.2049999237060547;3.2049999237060547;3.2049999237060547;238
2021-07-19 13:03:00-04:00;3.2100000381469727;3.2100000381469727;3.2100000381469727;3.2100000381469727;590
2021-07-19 13:05:00-04:00;3.2181999683380127;3.2181999683380127;3.2181999683380127;3.2181999683380127;361
2021-07-19 13:09:00-04:00;3.2149999141693115;3.2149999141693115;3.2100000381469727;3.2100000381469727;424
2021-07-19 13:10:00-04:00;3.216900110244751;3.216900110244751;3.216900110244751;3.216900110244751;171
2021-07-19 13:12:00-04:00;3.210099935531616;3.210099935531616;3.2100000381469727;3.2100000381469727;1821
2021-07-19 13:19:00-04:00;3.2100000381469727;3.2100000381469727;3.194999933242798;3.194999933242798;2038
2021-07-19 13:21:00-04:00;3.194999933242798;3.194999933242798;3.194999933242798;3.194999933242798;965
2021-07-19 13:24:00-04:00;3.200000047683716;3.200000047683716;3.200000047683716;3.200000047683716;594
2021-07-19 13:27:00-04:00;3.2049999237060547;3.2049999237060547;3.200000047683716;3.200000047683716;1036
2021-07-19 13:28:00-04:00;3.198899984359741;3.200000047683716;3.198899984359741;3.200000047683716;4223
2021-07-19 13:31:00-04:00;3.200000047683716;3.200000047683716;3.200000047683716;3.200000047683716;552
2021-07-19 13:32:00-04:00;3.194999933242798;3.194999933242798;3.190000057220459;3.190000057220459;5152
2021-07-19 13:33:00-04:00;3.180000066757202;3.180000066757202;3.180000066757202;3.180000066757202;1440
2021-07-19 13:34:00-04:00;3.180000066757202;3.180000066757202;3.180000066757202;3.180000066757202;1202
2021-07-19 13:37:00-04:00;3.180000066757202;3.180000066757202;3.180000066757202;3.180000066757202;1000
2021-07-19 13:38:00-04:00;3.190000057220459;3.194999933242798;3.190000057220459;3.190000057220459;9121
2021-07-19 13:39:00-04:00;3.190000057220459;3.190000057220459;3.190000057220459;3.190000057220459;204
2021-07-19 13:40:00-04:00;3.194999933242798;3.194999933242798;3.190000057220459;3.190000057220459;737
2021-07-19 13:42:00-04:00;3.180000066757202;3.180000066757202;3.180000066757202;3.180000066757202;528
2021-07-19 13:43:00-04:00;3.180000066757202;3.180000066757202;3.1700000762939453;3.1700000762939453;1019
2021-07-19 13:44:00-04:00;3.180000066757202;3.180000066757202;3.179800033569336;3.179800033569336;328
2021-07-19 13:46:00-04:00;3.180000066757202;3.180000066757202;3.180000066757202;3.180000066757202;943
2021-07-19 13:48:00-04:00;3.180000066757202;3.180000066757202;3.180000066757202;3.180000066757202;200
2021-07-19 13:54:00-04:00;3.180000066757202;3.180000066757202;3.180000066757202;3.180000066757202;233
2021-07-19 13:55:00-04:00;3.184999942779541;3.184999942779541;3.184999942779541;3.184999942779541;106
2021-07-19 13:58:00-04:00;3.1865999698638916;3.1865999698638916;3.1865999698638916;3.1865999698638916;102
2021-07-19 13:59:00-04:00;3.180000066757202;3.180000066757202;3.180000066757202;3.180000066757202;100
2021-07-19 14:00:00-04:00;3.190000057220459;3.190000057220459;3.190000057220459;3.190000057220459;105
2021-07-19 14:02:00-04:00;3.1898999214172363;3.190000057220459;3.1898999214172363;3.190000057220459;1865
2021-07-19 14:03:00-04:00;3.200000047683716;3.2065999507904053;3.200000047683716;3.2065999507904053;758
2021-07-19 14:05:00-04:00;3.200000047683716;3.200000047683716;3.200000047683716;3.200000047683716;2481
2021-07-19 14:07:00-04:00;3.2000999450683594;3.2000999450683594;3.190000057220459;3.190000057220459;2904
2021-07-19 14:08:00-04:00;3.190000057220459;3.190000057220459;3.190000057220459;3.190000057220459;614
2021-07-19 14:10:00-04:00;3.190000057220459;3.190000057220459;3.190000057220459;3.190000057220459;401
2021-07-19 14:12:00-04:00;3.190000057220459;3.190000057220459;3.190000057220459;3.190000057220459;826
2021-07-19 14:14:00-04:00;3.1900999546051025;3.1900999546051025;3.1805999279022217;3.1805999279022217;14442
2021-07-19 14:15:00-04:00;3.184999942779541;3.184999942779541;3.180000066757202;3.1800999641418457;6229
2021-07-19 14:16:00-04:00;3.180000066757202;3.1802000999450684;3.180000066757202;3.1802000999450684;8083
2021-07-19 14:17:00-04:00;3.190000057220459;3.190000057220459;3.180000066757202;3.1800999641418457;6648
2021-07-19 14:22:00-04:00;3.180000066757202;3.190000057220459;3.180000066757202;3.190000057220459;4965
2021-07-19 14:26:00-04:00;3.184999942779541;3.184999942779541;3.184999942779541;3.184999942779541;110
2021-07-19 14:28:00-04:00;3.190000057220459;3.190000057220459;3.190000057220459;3.190000057220459;307
2021-07-19 14:29:00-04:00;3.184999942779541;3.184999942779541;3.184999942779541;3.184999942779541;123
2021-07-19 14:32:00-04:00;3.180000066757202;3.180000066757202;3.1700000762939453;3.1700000762939453;1355
2021-07-19 14:35:00-04:00;3.1682000160217285;3.1682000160217285;3.1682000160217285;3.1682000160217285;204
2021-07-19 14:37:00-04:00;3.1600000858306885;3.1600000858306885;3.1600000858306885;3.1600000858306885;237
2021-07-19 14:43:00-04:00;3.1500000953674316;3.1500000953674316;3.1500000953674316;3.1500000953674316;1659
2021-07-19 14:44:00-04:00;3.140000104904175;3.1500000953674316;3.140000104904175;3.1449999809265137;2204
2021-07-19 14:45:00-04:00;3.1500000953674316;3.1500000953674316;3.140000104904175;3.1500000953674316;4012
2021-07-19 14:46:00-04:00;3.140000104904175;3.1449999809265137;3.140000104904175;3.1449999809265137;3020
2021-07-19 14:47:00-04:00;3.1415998935699463;3.1449999809265137;3.1415998935699463;3.1449999809265137;810
2021-07-19 14:49:00-04:00;3.1500000953674316;3.1600000858306885;3.1500000953674316;3.1600000858306885;2087
2021-07-19 14:50:00-04:00;3.1600000858306885;3.1700000762939453;3.1600000858306885;3.1700000762939453;1042
2021-07-19 14:51:00-04:00;3.1600000858306885;3.1698999404907227;3.1600000858306885;3.1698999404907227;295
2021-07-19 14:52:00-04:00;3.1600000858306885;3.1600000858306885;3.1600000858306885;3.1600000858306885;988
2021-07-19 14:53:00-04:00;3.1500000953674316;3.1500000953674316;3.1500000953674316;3.1500000953674316;332
2021-07-19 14:54:00-04:00;3.1500000953674316;3.1500000953674316;3.1500000953674316;3.1500000953674316;343
2021-07-19 14:55:00-04:00;3.1600000858306885;3.1700000762939453;3.1600000858306885;3.1700000762939453;4125
2021-07-19 14:56:00-04:00;3.1600000858306885;3.1600000858306885;3.1600000858306885;3.1600000858306885;111
2021-07-19 14:58:00-04:00;3.1600000858306885;3.1600000858306885;3.1600000858306885;3.1600000858306885;302
2021-07-19 14:59:00-04:00;3.1500000953674316;3.1500000953674316;3.1500000953674316;3.1500000953674316;382
2021-07-19 15:03:00-04:00;3.1500000953674316;3.1600000858306885;3.1500000953674316;3.1600000858306885;1811
2021-07-19 15:04:00-04:00;3.1600000858306885;3.1600000858306885;3.1600000858306885;3.1600000858306885;100
2021-07-19 15:06:00-04:00;3.1500000953674316;3.1545000076293945;3.1500000953674316;3.1545000076293945;3158
2021-07-19 15:07:00-04:00;3.1500000953674316;3.1500000953674316;3.1500000953674316;3.1500000953674316;151
2021-07-19 15:08:00-04:00;3.1500000953674316;3.1500000953674316;3.1500000953674316;3.1500000953674316;2050
2021-07-19 15:09:00-04:00;3.1600000858306885;3.1600000858306885;3.1500000953674316;3.1500000953674316;13372
2021-07-19 15:10:00-04:00;3.1500000953674316;3.1500000953674316;3.140000104904175;3.1500000953674316;1965
2021-07-19 15:11:00-04:00;3.1500000953674316;3.1500000953674316;3.1500000953674316;3.1500000953674316;4356
2021-07-19 15:12:00-04:00;3.1549999713897705;3.1549999713897705;3.1549999713897705;3.1549999713897705;103
2021-07-19 15:13:00-04:00;3.1549999713897705;3.1549999713897705;3.1549999713897705;3.1549999713897705;125
2021-07-19 15:15:00-04:00;3.1500000953674316;3.1500000953674316;3.1500000953674316;3.1500000953674316;500
2021-07-19 15:16:00-04:00;3.1449999809265137;3.1449999809265137;3.1449999809265137;3.1449999809265137;400
2021-07-19 15:17:00-04:00;3.140000104904175;3.140000104904175;3.1301000118255615;3.1301000118255615;591
2021-07-19 15:21:00-04:00;3.134999990463257;3.134999990463257;3.130000114440918;3.130000114440918;224
2021-07-19 15:22:00-04:00;3.130000114440918;3.130000114440918;3.119999885559082;3.130000114440918;1531
2021-07-19 15:23:00-04:00;3.134999990463257;3.134999990463257;3.134999990463257;3.134999990463257;103
2021-07-19 15:24:00-04:00;3.134999990463257;3.134999990463257;3.134999990463257;3.134999990463257;601
2021-07-19 15:25:00-04:00;3.139899969100952;3.140000104904175;3.139899969100952;3.140000104904175;3339
2021-07-19 15:26:00-04:00;3.1500000953674316;3.1500000953674316;3.1500000953674316;3.1500000953674316;220
2021-07-19 15:29:00-04:00;3.140000104904175;3.140000104904175;3.140000104904175;3.140000104904175;323
2021-07-19 15:30:00-04:00;3.1449999809265137;3.1449999809265137;3.1449999809265137;3.1449999809265137;116
2021-07-19 15:31:00-04:00;3.1477999687194824;3.1477999687194824;3.1477999687194824;3.1477999687194824;616
2021-07-19 15:32:00-04:00;3.140000104904175;3.140000104904175;3.140000104904175;3.140000104904175;2468
2021-07-19 15:36:00-04:00;3.140000104904175;3.140000104904175;3.134999990463257;3.140000104904175;1357
2021-07-19 15:39:00-04:00;3.134999990463257;3.134999990463257;3.125;3.130000114440918;17462
2021-07-19 15:40:00-04:00;3.130000114440918;3.134999990463257;3.130000114440918;3.134999990463257;967
2021-07-19 15:41:00-04:00;3.134999990463257;3.134999990463257;3.134999990463257;3.134999990463257;419
2021-07-19 15:42:00-04:00;3.130000114440918;3.130000114440918;3.130000114440918;3.130000114440918;432
2021-07-19 15:44:00-04:00;3.130000114440918;3.130000114440918;3.125;3.125;1295
2021-07-19 15:45:00-04:00;3.125;3.130000114440918;3.125;3.130000114440918;1949
2021-07-19 15:46:00-04:00;3.119999885559082;3.119999885559082;3.119999885559082;3.119999885559082;128
2021-07-19 15:47:00-04:00;3.1298999786376953;3.1298999786376953;3.1298999786376953;3.1298999786376953;1106
2021-07-19 15:48:00-04:00;3.119999885559082;3.119999885559082;3.119999885559082;3.119999885559082;244
2021-07-19 15:50:00-04:00;3.125;3.125;3.125;3.125;407
2021-07-19 15:51:00-04:00;3.1201000213623047;3.125;3.1201000213623047;3.125;254
2021-07-19 15:52:00-04:00;3.130000114440918;3.130000114440918;3.130000114440918;3.130000114440918;2622
2021-07-19 15:53:00-04:00;3.130000114440918;3.130000114440918;3.130000114440918;3.130000114440918;121
2021-07-19 15:54:00-04:00;3.134999990463257;3.134999990463257;3.130000114440918;3.130000114440918;577
2021-07-19 15:55:00-04:00;3.140000104904175;3.140000104904175;3.130000114440918;3.130000114440918;3323
2021-07-19 15:56:00-04:00;3.130000114440918;3.140000104904175;3.130000114440918;3.134999990463257;20084
2021-07-19 15:57:00-04:00;3.134999990463257;3.140000104904175;3.130000114440918;3.140000104904175;1195
2021-07-19 15:58:00-04:00;3.140000104904175;3.140000104904175;3.140000104904175;3.140000104904175;867
2021-07-19 15:59:00-04:00;3.140000104904175;3.1500000953674316;3.134999990463257;3.1500000953674316;8784
2021-07-20 09:30:00-04:00;3.119999885559082;3.130000114440918;3.0969998836517334;3.130000114440918;10001
2021-07-20 09:32:00-04:00;3.119999885559082;3.119999885559082;3.109999895095825;3.109999895095825;2851
2021-07-20 09:33:00-04:00;3.130000114440918;3.134999990463257;3.130000114440918;3.130000114440918;1338
2021-07-20 09:34:00-04:00;3.139899969100952;3.1500000953674316;3.139899969100952;3.1500000953674316;3410
2021-07-20 09:35:00-04:00;3.1500000953674316;3.151599884033203;3.1500000953674316;3.151599884033203;770
2021-07-20 09:36:00-04:00;3.1600000858306885;3.1600000858306885;3.1549999713897705;3.1549999713897705;6087
2021-07-20 09:37:00-04:00;3.1507999897003174;3.1507999897003174;3.1507999897003174;3.1507999897003174;571
2021-07-20 09:42:00-04:00;3.1600000858306885;3.1700000762939453;3.1600000858306885;3.1700000762939453;2711
2021-07-20 09:43:00-04:00;3.1649999618530273;3.1649999618530273;3.1577999591827393;3.1600000858306885;7337
2021-07-20 09:45:00-04:00;3.160900115966797;3.160900115966797;3.1600000858306885;3.1600000858306885;1124
2021-07-20 09:46:00-04:00;3.169800043106079;3.1700000762939453;3.1626999378204346;3.1700000762939453;1208
2021-07-20 09:47:00-04:00;3.180000066757202;3.184999942779541;3.174999952316284;3.180000066757202;1940
2021-07-20 09:48:00-04:00;3.187700033187866;3.187700033187866;3.184299945831299;3.187700033187866;368
2021-07-20 09:49:00-04:00;3.184999942779541;3.184999942779541;3.184999942779541;3.184999942779541;229
2021-07-20 09:50:00-04:00;3.180000066757202;3.180000066757202;3.1700000762939453;3.1700000762939453;820
2021-07-20 09:51:00-04:00;3.1700000762939453;3.1700000762939453;3.1700000762939453;3.1700000762939453;1386
2021-07-20 09:52:00-04:00;3.1600000858306885;3.1600000858306885;3.1600000858306885;3.1600000858306885;522
2021-07-20 09:53:00-04:00;3.157399892807007;3.157399892807007;3.157399892807007;3.157399892807007;337
2021-07-20 09:54:00-04:00;3.1500000953674316;3.157900094985962;3.1500000953674316;3.157900094985962;975
2021-07-20 09:55:00-04:00;3.1600000858306885;3.1600000858306885;3.1600000858306885;3.1600000858306885;1218
2021-07-20 09:56:00-04:00;3.1649999618530273;3.1649999618530273;3.1649999618530273;3.1649999618530273;861
2021-07-20 09:58:00-04:00;3.174999952316284;3.174999952316284;3.174999952316284;3.174999952316284;128
2021-07-20 09:59:00-04:00;3.184999942779541;3.190000057220459;3.180000066757202;3.1898999214172363;848
2021-07-20 10:00:00-04:00;3.184999942779541;3.184999942779541;3.184999942779541;3.184999942779541;298
2021-07-20 10:02:00-04:00;3.184999942779541;3.184999942779541;3.1700000762939453;3.1700000762939453;3008
2021-07-20 10:04:00-04:00;3.1700000762939453;3.1700000762939453;3.125;3.125;25536
2021-07-20 10:05:00-04:00;3.130000114440918;3.130000114440918;3.119999885559082;3.125;3449
2021-07-20 10:06:00-04:00;3.130000114440918;3.130000114440918;3.125;3.125;210
2021-07-20 10:07:00-04:00;3.125;3.130000114440918;3.125;3.130000114440918;1278
2021-07-20 10:08:00-04:00;3.140000104904175;3.140000104904175;3.140000104904175;3.140000104904175;892
2021-07-20 10:09:00-04:00;3.1414999961853027;3.1449999809265137;3.140000104904175;3.1449999809265137;606
2021-07-20 10:10:00-04:00;3.1449999809265137;3.1449999809265137;3.1449999809265137;3.1449999809265137;134
2021-07-20 10:11:00-04:00;3.1449999809265137;3.1449999809265137;3.140000104904175;3.1449999809265137;1585
2021-07-20 10:12:00-04:00;3.1449999809265137;3.1449999809265137;3.1449999809265137;3.1449999809265137;1001
2021-07-20 10:13:00-04:00;3.1449999809265137;3.1449999809265137;3.1449999809265137;3.1449999809265137;323
2021-07-20 10:14:00-04:00;3.1449999809265137;3.1449999809265137;3.140000104904175;3.1449999809265137;535
2021-07-20 10:15:00-04:00;3.140000104904175;3.1449999809265137;3.140000104904175;3.1449999809265137;1231
2021-07-20 10:18:00-04:00;3.1449999809265137;3.1449999809265137;3.1449999809265137;3.1449999809265137;1842
2021-07-20 10:19:00-04:00;3.140000104904175;3.1500000953674316;3.140000104904175;3.1500000953674316;383
2021-07-20 10:20:00-04:00;3.1449999809265137;3.1449999809265137;3.1449999809265137;3.1449999809265137;110
2021-07-20 10:21:00-04:00;3.1449999809265137;3.1449999809265137;3.1449999809265137;3.1449999809265137;130
2021-07-20 10:22:00-04:00;3.1449999809265137;3.1449999809265137;3.1449999809265137;3.1449999809265137;100
2021-07-20 10:23:00-04:00;3.1449999809265137;3.1449999809265137;3.140000104904175;3.140000104904175;711
2021-07-20 10:24:00-04:00;3.140000104904175;3.1449999809265137;3.140000104904175;3.1449999809265137;616
2021-07-20 10:26:00-04:00;3.140000104904175;3.140000104904175;3.140000104904175;3.140000104904175;737
2021-07-20 10:28:00-04:00;3.134999990463257;3.134999990463257;3.125;3.125;594
2021-07-20 10:31:00-04:00;3.120300054550171;3.120300054550171;3.120300054550171;3.120300054550171;100
2021-07-20 10:32:00-04:00;3.130000114440918;3.130000114440918;3.130000114440918;3.130000114440918;1349
2021-07-20 10:33:00-04:00;3.130000114440918;3.130000114440918;3.125;3.125;1016
2021-07-20 10:35:00-04:00;3.119999885559082;3.125;3.119999885559082;3.125;4045
2021-07-20 10:36:00-04:00;3.119999885559082;3.119999885559082;3.115000009536743;3.115000009536743;2378
2021-07-20 10:38:00-04:00;3.115000009536743;3.115000009536743;3.115000009536743;3.115000009536743;310
2021-07-20 10:39:00-04:00;3.115000009536743;3.115000009536743;3.115000009536743;3.115000009536743;100
2021-07-20 10:40:00-04:00;3.110100030899048;3.115000009536743;3.110100030899048;3.115000009536743;1346
2021-07-20 10:42:00-04:00;3.115000009536743;3.130000114440918;3.115000009536743;3.130000114440918;4250
2021-07-20 10:43:00-04:00;3.130000114440918;3.130000114440918;3.130000114440918;3.130000114440918;455
2021-07-20 10:44:00-04:00;3.130000114440918;3.134999990463257;3.129300117492676;3.134999990463257;1106
2021-07-20 10:45:00-04:00;3.134999990463257;3.134999990463257;3.134999990463257;3.134999990463257;170
2021-07-20 10:46:00-04:00;3.134999990463257;3.134999990463257;3.134999990463257;3.134999990463257;132
2021-07-20 10:48:00-04:00;3.134999990463257;3.134999990463257;3.134999990463257;3.134999990463257;311
2021-07-20 10:51:00-04:00;3.134999990463257;3.140000104904175;3.134999990463257;3.134999990463257;639
2021-07-20 10:52:00-04:00;3.134999990463257;3.134999990463257;3.134999990463257;3.134999990463257;313
2021-07-20 10:54:00-04:00;3.130000114440918;3.130000114440918;3.125;3.125;2055
2021-07-20 10:56:00-04:00;3.125;3.125;3.119999885559082;3.119999885559082;537
2021-07-20 10:58:00-04:00;3.109999895095825;3.119999885559082;3.109999895095825;3.119999885559082;7102
2021-07-20 10:59:00-04:00;3.130000114440918;3.130000114440918;3.130000114440918;3.130000114440918;219
2021-07-20 11:00:00-04:00;3.125;3.134999990463257;3.125;3.134999990463257;3271
2021-07-20 11:02:00-04:00;3.130000114440918;3.130000114440918;3.125;3.125;1779
2021-07-20 11:03:00-04:00;3.125;3.125;3.125;3.125;223
2021-07-20 11:04:00-04:00;3.119999885559082;3.119999885559082;3.119999885559082;3.119999885559082;211
2021-07-20 11:07:00-04:00;3.119999885559082;3.119999885559082;3.119999885559082;3.119999885559082;539
2021-07-20 11:10:00-04:00;3.130000114440918;3.130000114440918;3.130000114440918;3.130000114440918;115
2021-07-20 11:13:00-04:00;3.125;3.128999948501587;3.125;3.128999948501587;605
2021-07-20 11:14:00-04:00;3.130000114440918;3.134999990463257;3.130000114440918;3.134999990463257;1320
2021-07-20 11:16:00-04:00;3.130000114440918;3.130000114440918;3.130000114440918;3.130000114440918;120
2021-07-20 11:17:00-04:00;3.134999990463257;3.134999990463257;3.134999990463257;3.134999990463257;120
2021-07-20 11:19:00-04:00;3.130000114440918;3.134999990463257;3.130000114440918;3.134999990463257;210
2021-07-20 11:20:00-04:00;3.134999990463257;3.134999990463257;3.134999990463257;3.134999990463257;102
2021-07-20 11:21:00-04:00;3.134999990463257;3.134999990463257;3.134999990463257;3.134999990463257;260
2021-07-20 11:23:00-04:00;3.134999990463257;3.134999990463257;3.134999990463257;3.134999990463257;124
2021-07-20 11:24:00-04:00;3.1373000144958496;3.1373000144958496;3.1373000144958496;3.1373000144958496;300
2021-07-20 11:25:00-04:00;3.134999990463257;3.134999990463257;3.134999990463257;3.134999990463257;104
2021-07-20 11:26:00-04:00;3.134999990463257;3.134999990463257;3.134999990463257;3.134999990463257;1047
2021-07-20 11:28:00-04:00;3.134999990463257;3.134999990463257;3.134999990463257;3.134999990463257;116
2021-07-20 11:30:00-04:00;3.134999990463257;3.134999990463257;3.134999990463257;3.134999990463257;131
2021-07-20 11:32:00-04:00;3.130000114440918;3.130000114440918;3.119999885559082;3.119999885559082;2359
2021-07-20 11:36:00-04:00;3.125;3.130000114440918;3.125;3.130000114440918;203
2021-07-20 11:38:00-04:00;3.130000114440918;3.130000114440918;3.125;3.125;819
2021-07-20 11:40:00-04:00;3.125;3.125;3.125;3.125;102
2021-07-20 11:41:00-04:00;3.1298999786376953;3.1298999786376953;3.1298999786376953;3.1298999786376953;208
2021-07-20 11:42:00-04:00;3.125;3.130000114440918;3.125;3.130000114440918;317
2021-07-20 11:43:00-04:00;3.130000114440918;3.130000114440918;3.119999885559082;3.130000114440918;10708
2021-07-20 11:45:00-04:00;3.130000114440918;3.130000114440918;3.130000114440918;3.130000114440918;111
2021-07-20 11:47:00-04:00;3.119999885559082;3.125;3.119999885559082;3.125;1100
2021-07-20 11:48:00-04:00;3.121000051498413;3.121000051498413;3.121000051498413;3.121000051498413;325
2021-07-20 11:51:00-04:00;3.130000114440918;3.130000114440918;3.130000114440918;3.130000114440918;404
2021-07-20 11:59:00-04:00;3.1273999214172363;3.130000114440918;3.1273999214172363;3.130000114440918;295
2021-07-20 12:00:00-04:00;3.130000114440918;3.130000114440918;3.130000114440918;3.130000114440918;210
2021-07-20 12:01:00-04:00;3.125;3.130000114440918;3.125;3.130000114440918;2874
2021-07-20 12:04:00-04:00;3.134999990463257;3.134999990463257;3.134999990463257;3.134999990463257;635
2021-07-20 12:06:00-04:00;3.134999990463257;3.134999990463257;3.134999990463257;3.134999990463257;526
2021-07-20 12:07:00-04:00;3.130000114440918;3.130000114440918;3.130000114440918;3.130000114440918;2298
2021-07-20 12:10:00-04:00;3.125;3.125;3.125;3.125;109
2021-07-20 12:13:00-04:00;3.130000114440918;3.130000114440918;3.125;3.125;731
2021-07-20 12:15:00-04:00;3.124300003051758;3.124300003051758;3.124300003051758;3.124300003051758;474
2021-07-20 12:17:00-04:00;3.1201000213623047;3.1201000213623047;3.1201000213623047;3.1201000213623047;203
2021-07-20 12:18:00-04:00;3.129699945449829;3.130000114440918;3.129699945449829;3.130000114440918;200
2021-07-20 12:19:00-04:00;3.130000114440918;3.140000104904175;3.125;3.140000104904175;3947
2021-07-20 12:20:00-04:00;3.134999990463257;3.134999990463257;3.134999990463257;3.134999990463257;530
2021-07-20 12:22:00-04:00;3.130000114440918;3.130000114440918;3.125;3.125;1049
2021-07-20 12:28:00-04:00;3.130000114440918;3.130000114440918;3.125;3.130000114440918;1953
2021-07-20 12:29:00-04:00;3.125;3.130000114440918;3.125;3.125;581
2021-07-20 12:31:00-04:00;3.120699882507324;3.125;3.120699882507324;3.125;1329
2021-07-20 12:32:00-04:00;3.130000114440918;3.130000114440918;3.130000114440918;3.130000114440918;212
2021-07-20 12:34:00-04:00;3.130000114440918;3.130000114440918;3.130000114440918;3.130000114440918;155
2021-07-20 12:35:00-04:00;3.119999885559082;3.130000114440918;3.119999885559082;3.130000114440918;1171
2021-07-20 12:37:00-04:00;3.130000114440918;3.134999990463257;3.130000114440918;3.134999990463257;645
2021-07-20 12:38:00-04:00;3.134999990463257;3.134999990463257;3.134999990463257;3.134999990463257;139
2021-07-20 12:40:00-04:00;3.140000104904175;3.140000104904175;3.130000114440918;3.130000114440918;2118
2021-07-20 12:41:00-04:00;3.134999990463257;3.134999990463257;3.134999990463257;3.134999990463257;230
2021-07-20 12:42:00-04:00;3.134999990463257;3.134999990463257;3.134999990463257;3.134999990463257;127
2021-07-20 12:44:00-04:00;3.1322999000549316;3.1322999000549316;3.1322999000549316;3.1322999000549316;323
2021-07-20 12:45:00-04:00;3.134999990463257;3.134999990463257;3.134999990463257;3.134999990463257;339
2021-07-20 12:49:00-04:00;3.134999990463257;3.134999990463257;3.134999990463257;3.134999990463257;233
2021-07-20 12:51:00-04:00;3.134999990463257;3.134999990463257;3.134999990463257;3.134999990463257;650
2021-07-20 12:52:00-04:00;3.130000114440918;3.134999990463257;3.130000114440918;3.134999990463257;418
2021-07-20 12:53:00-04:00;3.134999990463257;3.134999990463257;3.125;3.125;3059
2021-07-20 12:54:00-04:00;3.119999885559082;3.119999885559082;3.119999885559082;3.119999885559082;761
2021-07-20 12:56:00-04:00;3.119999885559082;3.119999885559082;3.111999988555908;3.111999988555908;983
2021-07-20 12:57:00-04:00;3.115799903869629;3.115799903869629;3.1122000217437744;3.1122000217437744;360
2021-07-20 12:58:00-04:00;3.109999895095825;3.119999885559082;3.109999895095825;3.118000030517578;2736
2021-07-20 13:00:00-04:00;3.119999885559082;3.119999885559082;3.115000009536743;3.115000009536743;769
2021-07-20 13:02:00-04:00;3.119999885559082;3.119999885559082;3.119999885559082;3.119999885559082;870
2021-07-20 13:03:00-04:00;3.109999895095825;3.109999895095825;3.109999895095825;3.109999895095825;879
2021-07-20 13:04:00-04:00;3.109999895095825;3.109999895095825;3.1050000190734863;3.1050000190734863;1024
2021-07-20 13:05:00-04:00;3.0999999046325684;3.0999999046325684;3.0999999046325684;3.0999999046325684;148
2021-07-20 13:09:00-04:00;3.0999999046325684;3.0999999046325684;3.0899999141693115;3.0950000286102295;3162
2021-07-20 13:12:00-04:00;3.0950000286102295;3.0950000286102295;3.0950000286102295;3.0950000286102295;200
2021-07-20 13:13:00-04:00;3.0999999046325684;3.115000009536743;3.0999999046325684;3.109999895095825;3379
2021-07-20 13:14:00-04:00;3.1198999881744385;3.119999885559082;3.1198999881744385;3.119999885559082;7951
2021-07-20 13:15:00-04:00;3.119999885559082;3.119999885559082;3.119999885559082;3.119999885559082;156
2021-07-20 13:17:00-04:00;3.125;3.125;3.125;3.125;120
2021-07-20 13:18:00-04:00;3.130000114440918;3.130000114440918;3.130000114440918;3.130000114440918;116
2021-07-20 13:19:00-04:00;3.130000114440918;3.130000114440918;3.130000114440918;3.130000114440918;171
2021-07-20 13:20:00-04:00;3.130000114440918;3.134999990463257;3.130000114440918;3.1308999061584473;780
2021-07-20 13:22:00-04:00;3.134999990463257;3.134999990463257;3.134999990463257;3.134999990463257;291
2021-07-20 13:23:00-04:00;3.130000114440918;3.130000114440918;3.130000114440918;3.130000114440918;2571
2021-07-20 13:25:00-04:00;3.1310999393463135;3.1310999393463135;3.130000114440918;3.130000114440918;1532
2021-07-20 13:28:00-04:00;3.130000114440918;3.134999990463257;3.130000114440918;3.130000114440918;1353
2021-07-20 13:29:00-04:00;3.134999990463257;3.134999990463257;3.130000114440918;3.130000114440918;376
2021-07-20 13:30:00-04:00;3.130000114440918;3.130000114440918;3.125;3.125;1346
2021-07-20 13:31:00-04:00;3.128999948501587;3.128999948501587;3.128999948501587;3.128999948501587;117
2021-07-20 13:32:00-04:00;3.125;3.125;3.125;3.125;178
2021-07-20 13:33:00-04:00;3.130000114440918;3.130000114440918;3.119999885559082;3.119999885559082;9442
2021-07-20 13:37:00-04:00;3.130000114440918;3.134999990463257;3.130000114440918;3.1301000118255615;3846
2021-07-20 13:40:00-04:00;3.134999990463257;3.140000104904175;3.134999990463257;3.140000104904175;200
2021-07-20 13:41:00-04:00;3.1375999450683594;3.1375999450683594;3.1375999450683594;3.1375999450683594;200
2021-07-20 13:42:00-04:00;3.140000104904175;3.1449999809265137;3.140000104904175;3.1449999809265137;910
2021-07-20 13:43:00-04:00;3.140000104904175;3.140000104904175;3.140000104904175;3.140000104904175;2773
2021-07-20 13:44:00-04:00;3.130000114440918;3.130000114440918;3.130000114440918;3.130000114440918;1241
2021-07-20 13:45:00-04:00;3.130000114440918;3.130000114440918;3.130000114440918;3.130000114440918;921
2021-07-20 13:48:00-04:00;3.130000114440918;3.130000114440918;3.130000114440918;3.130000114440918;101
2021-07-20 13:49:00-04:00;3.130000114440918;3.130000114440918;3.130000114440918;3.130000114440918;200
2021-07-20 13:51:00-04:00;3.134999990463257;3.134999990463257;3.134999990463257;3.134999990463257;129
2021-07-20 13:53:00-04:00;3.130000114440918;3.1301000118255615;3.130000114440918;3.1301000118255615;1074
2021-07-20 13:54:00-04:00;3.1301000118255615;3.1301000118255615;3.1301000118255615;3.1301000118255615;360
2021-07-20 13:55:00-04:00;3.1301000118255615;3.138000011444092;3.1301000118255615;3.1321001052856445;1373
2021-07-20 13:56:00-04:00;3.134999990463257;3.134999990463257;3.134999990463257;3.134999990463257;322
2021-07-20 13:57:00-04:00;3.134999990463257;3.134999990463257;3.134999990463257;3.134999990463257;123
2021-07-20 13:58:00-04:00;3.137700080871582;3.140000104904175;3.137700080871582;3.140000104904175;2136
2021-07-20 13:59:00-04:00;3.1326000690460205;3.1326000690460205;3.1305999755859375;3.1305999755859375;415
2021-07-20 14:00:00-04:00;3.139899969100952;3.139899969100952;3.139899969100952;3.139899969100952;771
2021-07-20 14:03:00-04:00;3.130000114440918;3.130000114440918;3.130000114440918;3.130000114440918;300
2021-07-20 14:04:00-04:00;3.131999969482422;3.131999969482422;3.131999969482422;3.131999969482422;201
2021-07-20 14:05:00-04:00;3.134999990463257;3.139899969100952;3.130000114440918;3.130000114440918;1138
2021-07-20 14:07:00-04:00;3.134999990463257;3.134999990463257;3.134999990463257;3.134999990463257;200
2021-07-20 14:08:00-04:00;3.134999990463257;3.140000104904175;3.134999990463257;3.134999990463257;6333
2021-07-20 14:09:00-04:00;3.134999990463257;3.134999990463257;3.134999990463257;3.134999990463257;542
2021-07-20 14:12:00-04:00;3.134999990463257;3.134999990463257;3.134999990463257;3.134999990463257;117
2021-07-20 14:15:00-04:00;3.134999990463257;3.134999990463257;3.130000114440918;3.130000114440918;404
2021-07-20 14:16:00-04:00;3.130000114440918;3.130000114440918;3.130000114440918;3.130000114440918;6291
2021-07-20 14:17:00-04:00;3.130000114440918;3.134999990463257;3.1287999153137207;3.134999990463257;3219
2021-07-20 14:18:00-04:00;3.134999990463257;3.140000104904175;3.134999990463257;3.140000104904175;240
2021-07-20 14:19:00-04:00;3.134999990463257;3.134999990463257;3.134999990463257;3.134999990463257;228
2021-07-20 14:20:00-04:00;3.134999990463257;3.134999990463257;3.134999990463257;3.134999990463257;1502
2021-07-20 14:21:00-04:00;3.134999990463257;3.134999990463257;3.130000114440918;3.130000114440918;1024
2021-07-20 14:22:00-04:00;3.134999990463257;3.1449999809265137;3.134999990463257;3.134999990463257;7135
2021-07-20 14:23:00-04:00;3.134999990463257;3.134999990463257;3.134999990463257;3.134999990463257;676
2021-07-20 14:25:00-04:00;3.134999990463257;3.134999990463257;3.134999990463257;3.134999990463257;955
2021-07-20 14:26:00-04:00;3.140000104904175;3.140000104904175;3.134999990463257;3.140000104904175;3026
2021-07-20 14:27:00-04:00;3.1449999809265137;3.1449999809265137;3.140000104904175;3.140000104904175;3542
2021-07-20 14:29:00-04:00;3.1500000953674316;3.1500000953674316;3.1500000953674316;3.1500000953674316;105
2021-07-20 14:30:00-04:00;3.1500000953674316;3.1549999713897705;3.1500000953674316;3.1549999713897705;1603
2021-07-20 14:32:00-04:00;3.1500000953674316;3.1600000858306885;3.1500000953674316;3.1600000858306885;1300
2021-07-20 14:33:00-04:00;3.1600000858306885;3.1700000762939453;3.1600000858306885;3.1700000762939453;2488
2021-07-20 14:34:00-04:00;3.1700000762939453;3.1700000762939453;3.1700000762939453;3.1700000762939453;511
2021-07-20 14:35:00-04:00;3.1714999675750732;3.1714999675750732;3.1714999675750732;3.1714999675750732;666
2021-07-20 14:39:00-04:00;3.174999952316284;3.180000066757202;3.174999952316284;3.180000066757202;534
2021-07-20 14:40:00-04:00;3.1700000762939453;3.180000066757202;3.1700000762939453;3.180000066757202;343
2021-07-20 14:41:00-04:00;3.174999952316284;3.174999952316284;3.174999952316284;3.174999952316284;201
2021-07-20 14:42:00-04:00;3.174999952316284;3.180000066757202;3.1600000858306885;3.1600000858306885;6567
2021-07-20 14:43:00-04:00;3.1600000858306885;3.1600000858306885;3.1600000858306885;3.1600000858306885;436
2021-07-20 14:45:00-04:00;3.1549999713897705;3.1549999713897705;3.1549999713897705;3.1549999713897705;113
2021-07-20 14:46:00-04:00;3.1600000858306885;3.1600000858306885;3.1600000858306885;3.1600000858306885;267
2021-07-20 14:47:00-04:00;3.1600000858306885;3.1649999618530273;3.1600000858306885;3.1649999618530273;510
2021-07-20 14:49:00-04:00;3.160099983215332;3.1649999618530273;3.160099983215332;3.1649999618530273;321
2021-07-20 14:50:00-04:00;3.1600000858306885;3.1600000858306885;3.1600000858306885;3.1600000858306885;250
2021-07-20 14:53:00-04:00;3.1649999618530273;3.1700000762939453;3.1649999618530273;3.1649999618530273;421
2021-07-20 14:55:00-04:00;3.1649999618530273;3.1649999618530273;3.1649999618530273;3.1649999618530273;292
2021-07-20 14:59:00-04:00;3.1649999618530273;3.1649999618530273;3.1600000858306885;3.1649999618530273;3300
2021-07-20 15:00:00-04:00;3.1600000858306885;3.1695001125335693;3.1600000858306885;3.1695001125335693;5784
2021-07-20 15:02:00-04:00;3.174999952316284;3.174999952316284;3.174999952316284;3.174999952316284;204
2021-07-20 15:04:00-04:00;3.180000066757202;3.184999942779541;3.180000066757202;3.184999942779541;842
2021-07-20 15:07:00-04:00;3.184999942779541;3.184999942779541;3.184999942779541;3.184999942779541;100
2021-07-20 15:08:00-04:00;3.184999942779541;3.184999942779541;3.184999942779541;3.184999942779541;248
2021-07-20 15:11:00-04:00;3.184999942779541;3.1868999004364014;3.184999942779541;3.1868999004364014;354
2021-07-20 15:12:00-04:00;3.184999942779541;3.184999942779541;3.184999942779541;3.184999942779541;337
2021-07-20 15:13:00-04:00;3.180000066757202;3.180000066757202;3.180000066757202;3.180000066757202;104
2021-07-20 15:14:00-04:00;3.184999942779541;3.190000057220459;3.184999942779541;3.184999942779541;1583
2021-07-20 15:15:00-04:00;3.184999942779541;3.190000057220459;3.184999942779541;3.184999942779541;800
2021-07-20 15:16:00-04:00;3.1826999187469482;3.184999942779541;3.1826999187469482;3.184999942779541;3779
2021-07-20 15:18:00-04:00;3.184999942779541;3.184999942779541;3.184999942779541;3.184999942779541;205
2021-07-20 15:22:00-04:00;3.190000057220459;3.190000057220459;3.184999942779541;3.184999942779541;1566
2021-07-20 15:24:00-04:00;3.190000057220459;3.190000057220459;3.190000057220459;3.190000057220459;290
2021-07-20 15:25:00-04:00;3.180000066757202;3.180000066757202;3.180000066757202;3.180000066757202;234
2021-07-20 15:26:00-04:00;3.184999942779541;3.184999942779541;3.184999942779541;3.184999942779541;101
2021-07-20 15:27:00-04:00;3.184999942779541;3.184999942779541;3.180000066757202;3.180000066757202;200
2021-07-20 15:28:00-04:00;3.184999942779541;3.200000047683716;3.184999942779541;3.200000047683716;2737
2021-07-20 15:30:00-04:00;3.190000057220459;3.2049999237060547;3.190000057220459;3.194999933242798;5491
2021-07-20 15:31:00-04:00;3.190000057220459;3.190000057220459;3.190000057220459;3.190000057220459;302
2021-07-20 15:32:00-04:00;3.194999933242798;3.194999933242798;3.194999933242798;3.194999933242798;278
2021-07-20 15:34:00-04:00;3.200000047683716;3.2100000381469727;3.200000047683716;3.2049999237060547;3371
2021-07-20 15:35:00-04:00;3.2049999237060547;3.2049999237060547;3.2049999237060547;3.2049999237060547;497
2021-07-20 15:36:00-04:00;3.2049999237060547;3.2049999237060547;3.2049999237060547;3.2049999237060547;240
2021-07-20 15:37:00-04:00;3.2049999237060547;3.2049999237060547;3.2049999237060547;3.2049999237060547;181
2021-07-20 15:38:00-04:00;3.200000047683716;3.2049999237060547;3.200000047683716;3.2049999237060547;1892
2021-07-20 15:39:00-04:00;3.2049999237060547;3.2049999237060547;3.2049999237060547;3.2049999237060547;114
2021-07-20 15:40:00-04:00;3.2100000381469727;3.2100000381469727;3.2100000381469727;3.2100000381469727;603
2021-07-20 15:41:00-04:00;3.2100000381469727;3.2100000381469727;3.2049999237060547;3.2049999237060547;211
2021-07-20 15:42:00-04:00;3.200000047683716;3.200000047683716;3.200000047683716;3.200000047683716;584
2021-07-20 15:44:00-04:00;3.2049999237060547;3.2049999237060547;3.2049999237060547;3.2049999237060547;100
2021-07-20 15:45:00-04:00;3.2049999237060547;3.2049999237060547;3.2049999237060547;3.2049999237060547;305
2021-07-20 15:46:00-04:00;3.2090001106262207;3.2100000381469727;3.2049999237060547;3.2100000381469727;3370
2021-07-20 15:47:00-04:00;3.2100000381469727;3.2149999141693115;3.2100000381469727;3.2149999141693115;726
2021-07-20 15:48:00-04:00;3.2149999141693115;3.2200000286102295;3.2100000381469727;3.2149999141693115;619
2021-07-20 15:49:00-04:00;3.2149999141693115;3.2149999141693115;3.2149999141693115;3.2149999141693115;100
2021-07-20 15:50:00-04:00;3.2100000381469727;3.2100000381469727;3.194999933242798;3.200000047683716;6376
2021-07-20 15:51:00-04:00;3.200000047683716;3.200000047683716;3.200000047683716;3.200000047683716;1271
2021-07-20 15:52:00-04:00;3.194999933242798;3.200000047683716;3.194999933242798;3.200000047683716;3500
2021-07-20 15:53:00-04:00;3.194999933242798;3.200000047683716;3.190000057220459;3.200000047683716;5605
2021-07-20 15:54:00-04:00;3.2049999237060547;3.2049999237060547;3.200000047683716;3.2049999237060547;1674
2021-07-20 15:55:00-04:00;3.200000047683716;3.200000047683716;3.190000057220459;3.190000057220459;4736
2021-07-20 15:56:00-04:00;3.190000057220459;3.200000047683716;3.180000066757202;3.190000057220459;6090
2021-07-20 15:57:00-04:00;3.180000066757202;3.190000057220459;3.180000066757202;3.190000057220459;1775
2021-07-20 15:58:00-04:00;3.1816000938415527;3.200000047683716;3.1816000938415527;3.190000057220459;11456
2021-07-20 15:59:00-04:00;3.1900999546051025;3.1900999546051025;3.180000066757202;3.190000057220459;11764
2021-07-21 09:30:00-04:00;3.2100000381469727;3.2100000381469727;3.180000066757202;3.190000057220459;7298
2021-07-21 09:31:00-04:00;3.190000057220459;3.190000057220459;3.1700000762939453;3.1700000762939453;3083
2021-07-21 09:32:00-04:00;3.1700000762939453;3.1700000762939453;3.1700000762939453;3.1700000762939453;1000
2021-07-21 09:33:00-04:00;3.1700000762939453;3.190000057220459;3.1700000762939453;3.190000057220459;1597
2021-07-21 09:34:00-04:00;3.190000057220459;3.2100000381469727;3.190000057220459;3.200000047683716;3254
2021-07-21 09:35:00-04:00;3.2100000381469727;3.2100000381469727;3.184999942779541;3.184999942779541;763
2021-07-21 09:37:00-04:00;3.190000057220459;3.190000057220459;3.190000057220459;3.190000057220459;364
2021-07-21 09:38:00-04:00;3.180000066757202;3.180000066757202;3.180000066757202;3.180000066757202;862
2021-07-21 09:39:00-04:00;3.180000066757202;3.180000066757202;3.180000066757202;3.180000066757202;2297
2021-07-21 09:40:00-04:00;3.1600000858306885;3.1649999618530273;3.1600000858306885;3.1600000858306885;2009
2021-07-21 09:41:00-04:00;3.1600000858306885;3.1600000858306885;3.1549999713897705;3.1549999713897705;28638
2021-07-21 09:42:00-04:00;3.1500000953674316;3.1500000953674316;3.1500000953674316;3.1500000953674316;437
2021-07-21 09:43:00-04:00;3.1600000858306885;3.1700000762939453;3.1600000858306885;3.1700000762939453;318
2021-07-21 09:44:00-04:00;3.1798999309539795;3.1798999309539795;3.1798999309539795;3.1798999309539795;210
2021-07-21 09:45:00-04:00;3.190000057220459;3.190000057220459;3.180000066757202;3.180000066757202;306
2021-07-21 09:46:00-04:00;3.1775999069213867;3.180000066757202;3.1775999069213867;3.1782000064849854;1424
2021-07-21 09:47:00-04:00;3.170300006866455;3.170300006866455;3.170300006866455;3.170300006866455;135
2021-07-21 09:48:00-04:00;3.1700000762939453;3.1700000762939453;3.1700000762939453;3.1700000762939453;154
2021-07-21 09:49:00-04:00;3.1649999618530273;3.1700000762939453;3.1600000858306885;3.1600000858306885;1154
2021-07-21 09:50:00-04:00;3.1600000858306885;3.1600000858306885;3.1600000858306885;3.1600000858306885;483
2021-07-21 09:51:00-04:00;3.1700000762939453;3.1700000762939453;3.1600000858306885;3.1600000858306885;1018
2021-07-21 09:52:00-04:00;3.1600000858306885;3.1700000762939453;3.1600000858306885;3.1700000762939453;1142
2021-07-21 09:53:00-04:00;3.1700000762939453;3.180000066757202;3.1700000762939453;3.180000066757202;619
2021-07-21 09:54:00-04:00;3.1698999404907227;3.1698999404907227;3.1698999404907227;3.1698999404907227;609
2021-07-21 09:55:00-04:00;3.1700000762939453;3.184999942779541;3.1700000762939453;3.184999942779541;777
2021-07-21 09:56:00-04:00;3.174999952316284;3.190000057220459;3.174999952316284;3.190000057220459;347
2021-07-21 09:57:00-04:00;3.190000057220459;3.190000057220459;3.180000066757202;3.180000066757202;1700
2021-07-21 09:58:00-04:00;3.184999942779541;3.184999942779541;3.184999942779541;3.184999942779541;323
2021-07-21 09:59:00-04:00;3.180000066757202;3.183000087738037;3.180000066757202;3.180000066757202;824
2021-07-21 10:04:00-04:00;3.190000057220459;3.2100000381469727;3.190000057220459;3.2100000381469727;3832
2021-07-21 10:10:00-04:00;3.194999933242798;3.194999933242798;3.190000057220459;3.190000057220459;2392
2021-07-21 10:11:00-04:00;3.190000057220459;3.190000057220459;3.190000057220459;3.190000057220459;264
2021-07-21 10:12:00-04:00;3.180000066757202;3.180000066757202;3.1649999618530273;3.1649999618530273;1098
2021-07-21 10:13:00-04:00;3.1700000762939453;3.1700000762939453;3.1700000762939453;3.1700000762939453;116
2021-07-21 10:14:00-04:00;3.1614999771118164;3.1700000762939453;3.1614999771118164;3.166800022125244;847
2021-07-21 10:15:00-04:00;3.168800115585327;3.168800115585327;3.1600000858306885;3.1600000858306885;401
2021-07-21 10:17:00-04:00;3.1700000762939453;3.1700000762939453;3.1700000762939453;3.1700000762939453;205
2021-07-21 10:18:00-04:00;3.1812000274658203;3.184999942779541;3.1700000762939453;3.1786000728607178;1099
2021-07-21 10:22:00-04:00;3.172300100326538;3.172300100326538;3.172300100326538;3.172300100326538;503
2021-07-21 10:25:00-04:00;3.170099973678589;3.180000066757202;3.170099973678589;3.180000066757202;245
2021-07-21 10:26:00-04:00;3.1700000762939453;3.1700000762939453;3.1700000762939453;3.1700000762939453;281
2021-07-21 10:29:00-04:00;3.1700000762939453;3.1700000762939453;3.1635000705718994;3.1635000705718994;1649
2021-07-21 10:30:00-04:00;3.1649999618530273;3.1649999618530273;3.1649999618530273;3.1649999618530273;127
2021-07-21 10:33:00-04:00;3.1649999618530273;3.1700000762939453;3.1649999618530273;3.1700000762939453;959
2021-07-21 10:36:00-04:00;3.180000066757202;3.184999942779541;3.180000066757202;3.184999942779541;349
2021-07-21 10:37:00-04:00;3.190000057220459;3.190000057220459;3.190000057220459;3.190000057220459;646
2021-07-21 10:41:00-04:00;3.194999933242798;3.200000047683716;3.190999984741211;3.194999933242798;8682
2021-07-21 10:43:00-04:00;3.2049999237060547;3.2049999237060547;3.2049999237060547;3.2049999237060547;254
2021-07-21 10:44:00-04:00;3.200000047683716;3.200000047683716;3.194999933242798;3.194999933242798;3920
2021-07-21 10:46:00-04:00;3.190000057220459;3.190000057220459;3.190000057220459;3.190000057220459;317
2021-07-21 10:47:00-04:00;3.184999942779541;3.184999942779541;3.184999942779541;3.184999942779541;212
2021-07-21 10:48:00-04:00;3.1700000762939453;3.1700000762939453;3.1700000762939453;3.1700000762939453;210
2021-07-21 10:50:00-04:00;3.180000066757202;3.180000066757202;3.180000066757202;3.180000066757202;503
2021-07-21 10:52:00-04:00;3.190000057220459;3.190000057220459;3.190000057220459;3.190000057220459;271
2021-07-21 10:53:00-04:00;3.190000057220459;3.197000026702881;3.190000057220459;3.197000026702881;920
2021-07-21 10:56:00-04:00;3.194999933242798;3.194999933242798;3.190700054168701;3.194999933242798;2203
2021-07-21 10:57:00-04:00;3.1914000511169434;3.1914000511169434;3.1914000511169434;3.1914000511169434;100
2021-07-21 10:58:00-04:00;3.199899911880493;3.200000047683716;3.199899911880493;3.200000047683716;8201
2021-07-21 11:00:00-04:00;3.200000047683716;3.2100000381469727;3.200000047683716;3.2095000743865967;1297
2021-07-21 11:05:00-04:00;3.2100000381469727;3.2100000381469727;3.2100000381469727;3.2100000381469727;783
2021-07-21 11:07:00-04:00;3.2100000381469727;3.2100000381469727;3.2100000381469727;3.2100000381469727;884
2021-07-21 11:08:00-04:00;3.2200000286102295;3.2200000286102295;3.2200000286102295;3.2200000286102295;380
2021-07-21 11:10:00-04:00;3.2200000286102295;3.2300000190734863;3.2200000286102295;3.2300000190734863;1832
2021-07-21 11:13:00-04:00;3.2249999046325684;3.2249999046325684;3.2249999046325684;3.2249999046325684;100
2021-07-21 11:14:00-04:00;3.2249999046325684;3.2249999046325684;3.2249999046325684;3.2249999046325684;200
2021-07-21 11:15:00-04:00;3.2200000286102295;3.2300000190734863;3.2200000286102295;3.2300000190734863;920
2021-07-21 11:21:00-04:00;3.2249999046325684;3.2300000190734863;3.2249999046325684;3.2300000190734863;201
2021-07-21 11:22:00-04:00;3.2200000286102295;3.2200000286102295;3.2149999141693115;3.2200000286102295;4179
2021-07-21 11:26:00-04:00;3.2200000286102295;3.2200000286102295;3.2200000286102295;3.2200000286102295;835
2021-07-21 11:29:00-04:00;3.2279999256134033;3.2300000190734863;3.2279999256134033;3.2300000190734863;1321
2021-07-21 11:30:00-04:00;3.2249999046325684;3.2249999046325684;3.220099925994873;3.220099925994873;899
2021-07-21 11:36:00-04:00;3.2300000190734863;3.2300000190734863;3.2300000190734863;3.2300000190734863;1600
2021-07-21 11:37:00-04:00;3.2249999046325684;3.2249999046325684;3.2249999046325684;3.2249999046325684;101
2021-07-21 11:38:00-04:00;3.2249999046325684;3.2300000190734863;3.2249999046325684;3.2300000190734863;231
2021-07-21 11:40:00-04:00;3.2300000190734863;3.2300000190734863;3.2300000190734863;3.2300000190734863;400
2021-07-21 11:43:00-04:00;3.2200000286102295;3.2249999046325684;3.2200000286102295;3.2249999046325684;3428
2021-07-21 11:46:00-04:00;3.2290000915527344;3.2290000915527344;3.2290000915527344;3.2290000915527344;621
2021-07-21 11:47:00-04:00;3.2300000190734863;3.25;3.2300000190734863;3.240000009536743;2545
2021-07-21 11:49:00-04:00;3.240000009536743;3.25;3.240000009536743;3.244999885559082;807
2021-07-21 11:50:00-04:00;3.244999885559082;3.244999885559082;3.244999885559082;3.244999885559082;208
2021-07-21 11:51:00-04:00;3.244999885559082;3.244999885559082;3.234999895095825;3.234999895095825;1418
2021-07-21 11:55:00-04:00;3.234999895095825;3.240000009536743;3.2300000190734863;3.2300000190734863;2370
2021-07-21 11:56:00-04:00;3.2300000190734863;3.2300000190734863;3.2300000190734863;3.2300000190734863;1401
2021-07-21 12:03:00-04:00;3.244999885559082;3.259999990463257;3.244999885559082;3.251699924468994;27821
2021-07-21 12:04:00-04:00;3.25;3.25;3.25;3.25;100
2021-07-21 12:05:00-04:00;3.259999990463257;3.259999990463257;3.259999990463257;3.259999990463257;1125
2021-07-21 12:07:00-04:00;3.259999990463257;3.259999990463257;3.259999990463257;3.259999990463257;1473
2021-07-21 12:09:00-04:00;3.265000104904175;3.2699999809265137;3.259999990463257;3.259999990463257;2632
2021-07-21 12:11:00-04:00;3.259999990463257;3.2613000869750977;3.259999990463257;3.259999990463257;1661
2021-07-21 12:15:00-04:00;3.261399984359741;3.261399984359741;3.261399984359741;3.261399984359741;379
2021-07-21 12:16:00-04:00;3.2699999809265137;3.2699999809265137;3.2699999809265137;3.2699999809265137;517
2021-07-21 12:20:00-04:00;3.2618000507354736;3.2699999809265137;3.2618000507354736;3.2699999809265137;914
2021-07-21 12:21:00-04:00;3.260999917984009;3.265000104904175;3.260999917984009;3.265000104904175;472
2021-07-21 12:22:00-04:00;3.2699999809265137;3.2699999809265137;3.2699999809265137;3.2699999809265137;480
2021-07-21 12:25:00-04:00;3.2699999809265137;3.2699999809265137;3.2699999809265137;3.2699999809265137;275
2021-07-21 12:26:00-04:00;3.2699999809265137;3.272200107574463;3.2699999809265137;3.2699999809265137;307
2021-07-21 12:28:00-04:00;3.2699999809265137;3.2699999809265137;3.2699999809265137;3.2699999809265137;2154
2021-07-21 12:29:00-04:00;3.259999990463257;3.259999990463257;3.259999990463257;3.259999990463257;242
2021-07-21 12:31:00-04:00;3.2600998878479004;3.2600998878479004;3.2600998878479004;3.2600998878479004;601
2021-07-21 12:34:00-04:00;3.259999990463257;3.259999990463257;3.259999990463257;3.259999990463257;277
2021-07-21 12:37:00-04:00;3.2699999809265137;3.2699999809265137;3.2699999809265137;3.2699999809265137;115
2021-07-21 12:39:00-04:00;3.2690000534057617;3.2690000534057617;3.2690000534057617;3.2690000534057617;1300
2021-07-21 12:40:00-04:00;3.2688000202178955;3.2688000202178955;3.2688000202178955;3.2688000202178955;500
2021-07-21 12:41:00-04:00;3.265000104904175;3.265000104904175;3.265000104904175;3.265000104904175;325
2021-07-21 12:44:00-04:00;3.2699999809265137;3.2699999809265137;3.2699999809265137;3.2699999809265137;604
2021-07-21 12:45:00-04:00;3.2720999717712402;3.2769999504089355;3.2720999717712402;3.2769999504089355;368
2021-07-21 12:48:00-04:00;3.2750000953674316;3.2750000953674316;3.2750000953674316;3.2750000953674316;115
2021-07-21 12:49:00-04:00;3.2699999809265137;3.2699999809265137;3.2699999809265137;3.2699999809265137;539
2021-07-21 12:54:00-04:00;3.2750000953674316;3.2750000953674316;3.2750000953674316;3.2750000953674316;338
2021-07-21 12:58:00-04:00;3.2699999809265137;3.2699999809265137;3.265000104904175;3.265000104904175;1366
2021-07-21 13:01:00-04:00;3.259999990463257;3.259999990463257;3.259999990463257;3.259999990463257;110
2021-07-21 13:03:00-04:00;3.259999990463257;3.259999990463257;3.259999990463257;3.259999990463257;102
2021-07-21 13:05:00-04:00;3.265000104904175;3.265000104904175;3.265000104904175;3.265000104904175;601
2021-07-21 13:07:00-04:00;3.265000104904175;3.265000104904175;3.265000104904175;3.265000104904175;901
2021-07-21 13:29:00-04:00;3.265000104904175;3.265000104904175;3.265000104904175;3.265000104904175;1293
2021-07-21 13:36:00-04:00;3.2699999809265137;3.2699999809265137;3.2699999809265137;3.2699999809265137;2001
2021-07-21 13:37:00-04:00;3.2699999809265137;3.2699999809265137;3.265000104904175;3.265000104904175;385
2021-07-21 13:39:00-04:00;3.265000104904175;3.265000104904175;3.265000104904175;3.265000104904175;102
2021-07-21 13:40:00-04:00;3.269200086593628;3.269200086593628;3.269200086593628;3.269200086593628;3020
2021-07-21 13:47:00-04:00;3.2699999809265137;3.2699999809265137;3.2699999809265137;3.2699999809265137;101
2021-07-21 13:48:00-04:00;3.265000104904175;3.265000104904175;3.259999990463257;3.259999990463257;503
2021-07-21 13:51:00-04:00;3.261199951171875;3.261199951171875;3.261199951171875;3.261199951171875;501
2021-07-21 13:52:00-04:00;3.259999990463257;3.265000104904175;3.259999990463257;3.265000104904175;336
2021-07-21 13:56:00-04:00;3.259999990463257;3.259999990463257;3.259999990463257;3.259999990463257;474
2021-07-21 14:02:00-04:00;3.2750000953674316;3.2750000953674316;3.2750000953674316;3.2750000953674316;1988
2021-07-21 14:05:00-04:00;3.2702999114990234;3.2799999713897705;3.2702999114990234;3.2799999713897705;2811
2021-07-21 14:06:00-04:00;3.2799999713897705;3.2799999713897705;3.2799999713897705;3.2799999713897705;183
2021-07-21 14:07:00-04:00;3.2799999713897705;3.2799999713897705;3.2799999713897705;3.2799999713897705;4668
2021-07-21 14:08:00-04:00;3.2799999713897705;3.2799999713897705;3.2699999809265137;3.2699999809265137;1321
2021-07-21 14:09:00-04:00;3.2699999809265137;3.2699999809265137;3.265000104904175;3.265000104904175;1210
2021-07-21 14:10:00-04:00;3.265000104904175;3.265000104904175;3.265000104904175;3.265000104904175;155
2021-07-21 14:12:00-04:00;3.265000104904175;3.265000104904175;3.265000104904175;3.265000104904175;327
2021-07-21 14:14:00-04:00;3.259999990463257;3.259999990463257;3.259999990463257;3.259999990463257;1224
2021-07-21 14:15:00-04:00;3.255000114440918;3.255000114440918;3.255000114440918;3.255000114440918;425
2021-07-21 14:17:00-04:00;3.255000114440918;3.255000114440918;3.255000114440918;3.255000114440918;156
2021-07-21 14:19:00-04:00;3.255000114440918;3.255000114440918;3.255000114440918;3.255000114440918;130
2021-07-21 14:21:00-04:00;3.255000114440918;3.255000114440918;3.255000114440918;3.255000114440918;126
2021-07-21 14:22:00-04:00;3.25;3.25;3.25;3.25;200
2021-07-21 14:23:00-04:00;3.25;3.25;3.25;3.25;419
2021-07-21 14:24:00-04:00;3.255000114440918;3.255000114440918;3.255000114440918;3.255000114440918;310
2021-07-21 14:31:00-04:00;3.255000114440918;3.255000114440918;3.255000114440918;3.255000114440918;120
2021-07-21 14:36:00-04:00;3.255000114440918;3.255000114440918;3.255000114440918;3.255000114440918;582
2021-07-21 14:51:00-04:00;3.2581000328063965;3.2581000328063965;3.2581000328063965;3.2581000328063965;192
2021-07-21 14:56:00-04:00;3.2585999965667725;3.2585999965667725;3.2585999965667725;3.2585999965667725;364
2021-07-21 14:58:00-04:00;3.255000114440918;3.255000114440918;3.255000114440918;3.255000114440918;411
2021-07-21 15:03:00-04:00;3.259999990463257;3.259999990463257;3.259999990463257;3.259999990463257;1729
2021-07-21 15:05:00-04:00;3.2699999809265137;3.2699999809265137;3.2699999809265137;3.2699999809265137;188
2021-07-21 15:06:00-04:00;3.259999990463257;3.259999990463257;3.259999990463257;3.259999990463257;588
2021-07-21 15:08:00-04:00;3.259999990463257;3.259999990463257;3.259999990463257;3.259999990463257;283
2021-07-21 15:09:00-04:00;3.265000104904175;3.265000104904175;3.265000104904175;3.265000104904175;146
2021-07-21 15:10:00-04:00;3.265000104904175;3.265000104904175;3.265000104904175;3.265000104904175;103
2021-07-21 15:11:00-04:00;3.265000104904175;3.265000104904175;3.260499954223633;3.260499954223633;245
2021-07-21 15:12:00-04:00;3.265000104904175;3.265000104904175;3.265000104904175;3.265000104904175;200
2021-07-21 15:13:00-04:00;3.265000104904175;3.265000104904175;3.265000104904175;3.265000104904175;101
2021-07-21 15:14:00-04:00;3.265000104904175;3.265000104904175;3.265000104904175;3.265000104904175;130
2021-07-21 15:15:00-04:00;3.265000104904175;3.265000104904175;3.265000104904175;3.265000104904175;202
2021-07-21 15:16:00-04:00;3.2699999809265137;3.2699999809265137;3.2699999809265137;3.2699999809265137;225
2021-07-21 15:17:00-04:00;3.265000104904175;3.265000104904175;3.265000104904175;3.265000104904175;100
2021-07-21 15:18:00-04:00;3.265000104904175;3.265000104904175;3.265000104904175;3.265000104904175;305
2021-07-21 15:20:00-04:00;3.265000104904175;3.265000104904175;3.265000104904175;3.265000104904175;131
2021-07-21 15:22:00-04:00;3.265000104904175;3.265000104904175;3.259999990463257;3.259999990463257;202
2021-07-21 15:24:00-04:00;3.265000104904175;3.265000104904175;3.265000104904175;3.265000104904175;156
2021-07-21 15:26:00-04:00;3.265000104904175;3.2799999713897705;3.265000104904175;3.2799999713897705;4104
2021-07-21 15:31:00-04:00;3.2750000953674316;3.2750000953674316;3.2750000953674316;3.2750000953674316;530
2021-07-21 15:33:00-04:00;3.2799999713897705;3.2799999713897705;3.2799999713897705;3.2799999713897705;102
2021-07-21 15:36:00-04:00;3.2750000953674316;3.2750000953674316;3.2750000953674316;3.2750000953674316;822
2021-07-21 15:39:00-04:00;3.2699999809265137;3.2799999713897705;3.2699999809265137;3.2699999809265137;492
2021-07-21 15:42:00-04:00;3.2750000953674316;3.2750000953674316;3.2750000953674316;3.2750000953674316;225
2021-07-21 15:43:00-04:00;3.2799999713897705;3.2799999713897705;3.2799999713897705;3.2799999713897705;105
2021-07-21 15:44:00-04:00;3.2750000953674316;3.2799999713897705;3.2750000953674316;3.2799999713897705;629
2021-07-21 15:45:00-04:00;3.2750000953674316;3.2750000953674316;3.2750000953674316;3.2750000953674316;149
2021-07-21 15:48:00-04:00;3.2699999809265137;3.2799999713897705;3.2699999809265137;3.2799999713897705;2426
2021-07-21 15:49:00-04:00;3.2750000953674316;3.2750000953674316;3.2699999809265137;3.2699999809265137;10817
2021-07-21 15:51:00-04:00;3.265000104904175;3.265000104904175;3.265000104904175;3.265000104904175;108
2021-07-21 15:52:00-04:00;3.265000104904175;3.265000104904175;3.265000104904175;3.265000104904175;119
2021-07-21 15:53:00-04:00;3.259999990463257;3.259999990463257;3.259999990463257;3.259999990463257;2088
2021-07-21 15:54:00-04:00;3.259999990463257;3.259999990463257;3.25;3.25;1429
2021-07-21 15:55:00-04:00;3.259999990463257;3.259999990463257;3.255000114440918;3.255000114440918;1263
2021-07-21 15:56:00-04:00;3.255000114440918;3.255000114440918;3.25;3.25;229
2021-07-21 15:57:00-04:00;3.255000114440918;3.255000114440918;3.25;3.25;1239
2021-07-21 15:58:00-04:00;3.259999990463257;3.259999990463257;3.255000114440918;3.255000114440918;2287
2021-07-21 15:59:00-04:00;3.255000114440918;3.2699999809265137;3.255000114440918;3.2699999809265137;8289
2021-07-22 09:30:00-04:00;3.25;3.259999990463257;3.25;3.25;4465
2021-07-22 09:31:00-04:00;3.25;3.255000114440918;3.240000009536743;3.244999885559082;2248
2021-07-22 09:32:00-04:00;3.2411999702453613;3.2411999702453613;3.2411999702453613;3.2411999702453613;516
2021-07-22 09:33:00-04:00;3.246299982070923;3.246299982070923;3.244999885559082;3.244999885559082;655
2021-07-22 09:34:00-04:00;3.25;3.25;3.25;3.25;191
2021-07-22 09:35:00-04:00;3.259999990463257;3.259999990463257;3.2572999000549316;3.2572999000549316;515
2021-07-22 09:39:00-04:00;3.25;3.25;3.25;3.25;371
2021-07-22 09:40:00-04:00;3.25;3.25;3.25;3.25;132
2021-07-22 09:41:00-04:00;3.25;3.25;3.222399950027466;3.222399950027466;1436
2021-07-22 09:42:00-04:00;3.222599983215332;3.2300000190734863;3.222599983215332;3.2300000190734863;354
2021-07-22 09:43:00-04:00;3.227299928665161;3.227299928665161;3.227299928665161;3.227299928665161;615
2021-07-22 09:44:00-04:00;3.2200000286102295;3.2200000286102295;3.2100000381469727;3.2100000381469727;1318
2021-07-22 09:45:00-04:00;3.200000047683716;3.200000047683716;3.200000047683716;3.200000047683716;303
2021-07-22 09:46:00-04:00;3.190000057220459;3.190000057220459;3.180000066757202;3.180000066757202;1173
2021-07-22 09:48:00-04:00;3.1816000938415527;3.1888999938964844;3.1816000938415527;3.1888999938964844;893
2021-07-22 09:49:00-04:00;3.1816999912261963;3.190000057220459;3.1816999912261963;3.184999942779541;1539
2021-07-22 09:50:00-04:00;3.194999933242798;3.194999933242798;3.194999933242798;3.194999933242798;1070
2021-07-22 09:51:00-04:00;3.180000066757202;3.180000066757202;3.1600000858306885;3.1700000762939453;956
2021-07-22 09:52:00-04:00;3.1700000762939453;3.1700000762939453;3.1700000762939453;3.1700000762939453;218
2021-07-22 09:53:00-04:00;3.177799940109253;3.177799940109253;3.177799940109253;3.177799940109253;1001
2021-07-22 09:54:00-04:00;3.184999942779541;3.184999942779541;3.180000066757202;3.180000066757202;613
2021-07-22 09:55:00-04:00;3.184999942779541;3.184999942779541;3.184999942779541;3.184999942779541;108
2021-07-22 09:56:00-04:00;3.190000057220459;3.190000057220459;3.190000057220459;3.190000057220459;907
2021-07-22 09:57:00-04:00;3.200000047683716;3.200000047683716;3.200000047683716;3.200000047683716;911
2021-07-22 09:58:00-04:00;3.200000047683716;3.200000047683716;3.200000047683716;3.200000047683716;1573
2021-07-22 09:59:00-04:00;3.200000047683716;3.200000047683716;3.1993000507354736;3.1993000507354736;516
2021-07-22 10:00:00-04:00;3.200000047683716;3.200000047683716;3.200000047683716;3.200000047683716;616
2021-07-22 10:02:00-04:00;3.2100000381469727;3.2100000381469727;3.2100000381469727;3.2100000381469727;1513
2021-07-22 10:03:00-04:00;3.2100000381469727;3.2100000381469727;3.200000047683716;3.2100000381469727;643
2021-07-22 10:05:00-04:00;3.2200000286102295;3.2200000286102295;3.2200000286102295;3.2200000286102295;115
2021-07-22 10:06:00-04:00;3.2200000286102295;3.2200000286102295;3.2200000286102295;3.2200000286102295;367
2021-07-22 10:09:00-04:00;3.2174999713897705;3.2174999713897705;3.2174999713897705;3.2174999713897705;203
2021-07-22 10:11:00-04:00;3.2100000381469727;3.2100000381469727;3.2100000381469727;3.2100000381469727;402
2021-07-22 10:12:00-04:00;3.200000047683716;3.200000047683716;3.200000047683716;3.200000047683716;1034
2021-07-22 10:13:00-04:00;3.200000047683716;3.200000047683716;3.200000047683716;3.200000047683716;1656
2021-07-22 10:14:00-04:00;3.190000057220459;3.190000057220459;3.190000057220459;3.190000057220459;332
2021-07-22 10:18:00-04:00;3.180000066757202;3.180000066757202;3.180000066757202;3.180000066757202;227
2021-07-22 10:20:00-04:00;3.1793999671936035;3.1798999309539795;3.1793999671936035;3.1798999309539795;1292
2021-07-22 10:22:00-04:00;3.1700000762939453;3.1700000762939453;3.1649999618530273;3.1700000762939453;1334
2021-07-22 10:23:00-04:00;3.1700000762939453;3.1700000762939453;3.1700000762939453;3.1700000762939453;399
2021-07-22 10:25:00-04:00;3.1700000762939453;3.1700000762939453;3.1700000762939453;3.1700000762939453;250
2021-07-22 10:26:00-04:00;3.180000066757202;3.180000066757202;3.170099973678589;3.1770999431610107;15713
2021-07-22 10:29:00-04:00;3.190000057220459;3.190000057220459;3.190000057220459;3.190000057220459;408
2021-07-22 10:33:00-04:00;3.180000066757202;3.180000066757202;3.180000066757202;3.180000066757202;539
2021-07-22 10:35:00-04:00;3.180000066757202;3.180000066757202;3.180000066757202;3.180000066757202;494
2021-07-22 10:37:00-04:00;3.184999942779541;3.184999942779541;3.184999942779541;3.184999942779541;201
2021-07-22 10:38:00-04:00;3.1874001026153564;3.1874001026153564;3.1874001026153564;3.1874001026153564;444
2021-07-22 10:41:00-04:00;3.190000057220459;3.190000057220459;3.190000057220459;3.190000057220459;102
2021-07-22 10:42:00-04:00;3.190000057220459;3.190000057220459;3.190000057220459;3.190000057220459;341
2021-07-22 10:45:00-04:00;3.190000057220459;3.190000057220459;3.1810998916625977;3.1810998916625977;612
2021-07-22 10:46:00-04:00;3.1800999641418457;3.1800999641418457;3.1800999641418457;3.1800999641418457;856
2021-07-22 10:51:00-04:00;3.180000066757202;3.180000066757202;3.180000066757202;3.180000066757202;1654
2021-07-22 10:55:00-04:00;3.1800999641418457;3.190000057220459;3.1800999641418457;3.190000057220459;219
2021-07-22 10:58:00-04:00;3.188499927520752;3.188499927520752;3.184999942779541;3.184999942779541;5512
2021-07-22 11:00:00-04:00;3.1700000762939453;3.1700000762939453;3.1700000762939453;3.1700000762939453;607
2021-07-22 11:01:00-04:00;3.180000066757202;3.180000066757202;3.180000066757202;3.180000066757202;159
2021-07-22 11:03:00-04:00;3.1700000762939453;3.1700000762939453;3.1700000762939453;3.1700000762939453;395
2021-07-22 11:06:00-04:00;3.1700000762939453;3.1700000762939453;3.1700000762939453;3.1700000762939453;1064
2021-07-22 11:07:00-04:00;3.1673998832702637;3.1673998832702637;3.1673998832702637;3.1673998832702637;281
2021-07-22 11:11:00-04:00;3.1649999618530273;3.1649999618530273;3.1549999713897705;3.1549999713897705;2358
2021-07-22 11:12:00-04:00;3.1600000858306885;3.1600000858306885;3.1600000858306885;3.1600000858306885;308
2021-07-22 11:13:00-04:00;3.1500000953674316;3.1549999713897705;3.1500000953674316;3.1549999713897705;311
2021-07-22 11:14:00-04:00;3.158099889755249;3.158099889755249;3.158099889755249;3.158099889755249;161
2021-07-22 11:15:00-04:00;3.150099992752075;3.150099992752075;3.150099992752075;3.150099992752075;602
2021-07-22 11:16:00-04:00;3.1500000953674316;3.1500000953674316;3.1500000953674316;3.1500000953674316;856
2021-07-22 11:19:00-04:00;3.1500000953674316;3.1600000858306885;3.1500000953674316;3.1600000858306885;731
2021-07-22 11:26:00-04:00;3.1549999713897705;3.1549999713897705;3.1500000953674316;3.1500000953674316;2531
2021-07-22 11:27:00-04:00;3.1500000953674316;3.1500000953674316;3.1500000953674316;3.1500000953674316;185
2021-07-22 11:29:00-04:00;3.1600000858306885;3.1700000762939453;3.1594998836517334;3.1600000858306885;1396
2021-07-22 11:30:00-04:00;3.1679000854492188;3.1679000854492188;3.1679000854492188;3.1679000854492188;1010
2021-07-22 11:32:00-04:00;3.180000066757202;3.180000066757202;3.180000066757202;3.180000066757202;250
2021-07-22 11:33:00-04:00;3.180000066757202;3.180000066757202;3.1789000034332275;3.180000066757202;995
2021-07-22 11:34:00-04:00;3.180000066757202;3.180000066757202;3.180000066757202;3.180000066757202;419
2021-07-22 11:35:00-04:00;3.1700000762939453;3.174999952316284;3.1700000762939453;3.174999952316284;956
2021-07-22 11:38:00-04:00;3.180000066757202;3.180000066757202;3.180000066757202;3.180000066757202;636
2021-07-22 11:39:00-04:00;3.184999942779541;3.184999942779541;3.184999942779541;3.184999942779541;1251
2021-07-22 11:42:00-04:00;3.180000066757202;3.180000066757202;3.180000066757202;3.180000066757202;576
2021-07-22 11:43:00-04:00;3.1898999214172363;3.1898999214172363;3.1898999214172363;3.1898999214172363;407
2021-07-22 11:44:00-04:00;3.180000066757202;3.180000066757202;3.180000066757202;3.180000066757202;609
2021-07-22 11:45:00-04:00;3.1798999309539795;3.1798999309539795;3.1798999309539795;3.1798999309539795;1101
2021-07-22 11:46:00-04:00;3.180000066757202;3.180000066757202;3.180000066757202;3.180000066757202;540
2021-07-22 11:50:00-04:00;3.180000066757202;3.180000066757202;3.174999952316284;3.174999952316284;253
2021-07-22 11:52:00-04:00;3.180000066757202;3.180000066757202;3.180000066757202;3.180000066757202;121
2021-07-22 11:56:00-04:00;3.1798999309539795;3.180000066757202;3.179800033569336;3.180000066757202;3165
2021-07-22 11:57:00-04:00;3.190000057220459;3.190000057220459;3.190000057220459;3.190000057220459;839
2021-07-22 11:58:00-04:00;3.186800003051758;3.186800003051758;3.186800003051758;3.186800003051758;129
2021-07-22 12:02:00-04:00;3.180000066757202;3.180000066757202;3.180000066757202;3.180000066757202;1933
2021-07-22 12:03:00-04:00;3.171999931335449;3.171999931335449;3.171999931335449;3.171999931335449;122
2021-07-22 12:05:00-04:00;3.1700000762939453;3.1700000762939453;3.1700000762939453;3.1700000762939453;1049
2021-07-22 12:06:00-04:00;3.174999952316284;3.174999952316284;3.174999952316284;3.174999952316284;122
2021-07-22 12:07:00-04:00;3.1700000762939453;3.1700000762939453;3.169300079345703;3.169300079345703;788
2021-07-22 12:09:00-04:00;3.1700000762939453;3.1700000762939453;3.1700000762939453;3.1700000762939453;459
2021-07-22 12:14:00-04:00;3.1700000762939453;3.1700000762939453;3.1700000762939453;3.1700000762939453;106
2021-07-22 12:15:00-04:00;3.1649999618530273;3.1649999618530273;3.1649999618530273;3.1649999618530273;197
2021-07-22 12:26:00-04:00;3.1700000762939453;3.174999952316284;3.1700000762939453;3.174999952316284;598
2021-07-22 12:29:00-04:00;3.180000066757202;3.180000066757202;3.180000066757202;3.180000066757202;274
2021-07-22 12:33:00-04:00;3.190000057220459;3.190000057220459;3.190000057220459;3.190000057220459;175
2021-07-22 12:36:00-04:00;3.1849000453948975;3.1849000453948975;3.1849000453948975;3.1849000453948975;291
2021-07-22 12:37:00-04:00;3.190000057220459;3.194999933242798;3.190000057220459;3.194999933242798;414
2021-07-22 12:40:00-04:00;3.190000057220459;3.190000057220459;3.190000057220459;3.190000057220459;346
2021-07-22 12:46:00-04:00;3.200000047683716;3.200000047683716;3.200000047683716;3.200000047683716;208
2021-07-22 12:47:00-04:00;3.200000047683716;3.200000047683716;3.200000047683716;3.200000047683716;655
2021-07-22 12:53:00-04:00;3.190000057220459;3.190000057220459;3.190000057220459;3.190000057220459;2704
2021-07-22 12:54:00-04:00;3.190000057220459;3.190000057220459;3.190000057220459;3.190000057220459;263
2021-07-22 12:57:00-04:00;3.190000057220459;3.190000057220459;3.190000057220459;3.190000057220459;235
2021-07-22 12:59:00-04:00;3.190000057220459;3.190000057220459;3.190000057220459;3.190000057220459;521
2021-07-22 13:03:00-04:00;3.200000047683716;3.200000047683716;3.200000047683716;3.200000047683716;102
2021-07-22 13:04:00-04:00;3.200000047683716;3.200000047683716;3.200000047683716;3.200000047683716;115
2021-07-22 13:06:00-04:00;3.200000047683716;3.200000047683716;3.1988000869750977;3.1988000869750977;397
2021-07-22 13:10:00-04:00;3.200000047683716;3.200000047683716;3.200000047683716;3.200000047683716;249
2021-07-22 13:12:00-04:00;3.200000047683716;3.200000047683716;3.200000047683716;3.200000047683716;1668
2021-07-22 13:13:00-04:00;3.2100000381469727;3.2100000381469727;3.2079999446868896;3.2100000381469727;1067
2021-07-22 13:14:00-04:00;3.2100000381469727;3.2100000381469727;3.2100000381469727;3.2100000381469727;363
2021-07-22 13:16:00-04:00;3.200000047683716;3.200000047683716;3.200000047683716;3.200000047683716;321
2021-07-22 13:17:00-04:00;3.2100000381469727;3.2100000381469727;3.2100000381469727;3.2100000381469727;920
2021-07-22 13:18:00-04:00;3.200000047683716;3.200000047683716;3.200000047683716;3.200000047683716;387
2021-07-22 13:22:00-04:00;3.2049999237060547;3.2049999237060547;3.190000057220459;3.190000057220459;11301
2021-07-22 13:34:00-04:00;3.200000047683716;3.200000047683716;3.200000047683716;3.200000047683716;153
2021-07-22 13:35:00-04:00;3.190000057220459;3.190000057220459;3.190000057220459;3.190000057220459;206
2021-07-22 13:42:00-04:00;3.194999933242798;3.194999933242798;3.190000057220459;3.190000057220459;2906
2021-07-22 13:46:00-04:00;3.190000057220459;3.190000057220459;3.190000057220459;3.190000057220459;207
2021-07-22 13:52:00-04:00;3.180000066757202;3.184999942779541;3.180000066757202;3.180000066757202;306
2021-07-22 13:54:00-04:00;3.184999942779541;3.184999942779541;3.184999942779541;3.184999942779541;161
2021-07-22 14:00:00-04:00;3.180000066757202;3.180000066757202;3.180000066757202;3.180000066757202;2268
2021-07-22 14:02:00-04:00;3.1798999309539795;3.1798999309539795;3.1798999309539795;3.1798999309539795;5391
2021-07-22 14:05:00-04:00;3.1700000762939453;3.174999952316284;3.1700000762939453;3.174999952316284;303
2021-07-22 14:08:00-04:00;3.1700000762939453;3.1700000762939453;3.1700000762939453;3.1700000762939453;243
2021-07-22 14:11:00-04:00;3.180000066757202;3.180000066757202;3.180000066757202;3.180000066757202;415
2021-07-22 14:14:00-04:00;3.180000066757202;3.184999942779541;3.180000066757202;3.184999942779541;732
2021-07-22 14:15:00-04:00;3.190000057220459;3.190000057220459;3.190000057220459;3.190000057220459;1646
2021-07-22 14:24:00-04:00;3.200000047683716;3.200000047683716;3.200000047683716;3.200000047683716;1741
2021-07-22 14:25:00-04:00;3.190000057220459;3.194999933242798;3.190000057220459;3.194999933242798;638
2021-07-22 14:33:00-04:00;3.190000057220459;3.190000057220459;3.190000057220459;3.190000057220459;1164
2021-07-22 14:36:00-04:00;3.194999933242798;3.194999933242798;3.194999933242798;3.194999933242798;236
2021-07-22 14:44:00-04:00;3.190000057220459;3.190000057220459;3.184999942779541;3.184999942779541;1611
2021-07-22 14:46:00-04:00;3.180000066757202;3.180000066757202;3.180000066757202;3.180000066757202;797
2021-07-22 14:48:00-04:00;3.180000066757202;3.180000066757202;3.180000066757202;3.180000066757202;300
2021-07-22 14:54:00-04:00;3.180000066757202;3.180000066757202;3.180000066757202;3.180000066757202;842
2021-07-22 14:55:00-04:00;3.180000066757202;3.180000066757202;3.180000066757202;3.180000066757202;301
2021-07-22 14:56:00-04:00;3.180000066757202;3.180000066757202;3.180000066757202;3.180000066757202;598
2021-07-22 14:58:00-04:00;3.180000066757202;3.180000066757202;3.180000066757202;3.180000066757202;908
2021-07-22 15:00:00-04:00;3.180000066757202;3.180000066757202;3.180000066757202;3.180000066757202;148
2021-07-22 15:03:00-04:00;3.190000057220459;3.190000057220459;3.190000057220459;3.190000057220459;101
2021-07-22 15:04:00-04:00;3.180000066757202;3.190000057220459;3.180000066757202;3.190000057220459;206
2021-07-22 15:05:00-04:00;3.1872000694274902;3.1872000694274902;3.1872000694274902;3.1872000694274902;175
2021-07-22 15:07:00-04:00;3.184999942779541;3.184999942779541;3.184999942779541;3.184999942779541;259
2021-07-22 15:09:00-04:00;3.190000057220459;3.190000057220459;3.190000057220459;3.190000057220459;165
2021-07-22 15:10:00-04:00;3.190000057220459;3.190000057220459;3.180000066757202;3.180000066757202;750
2021-07-22 15:13:00-04:00;3.180000066757202;3.190000057220459;3.180000066757202;3.190000057220459;3349
2021-07-22 15:15:00-04:00;3.190000057220459;3.190000057220459;3.190000057220459;3.190000057220459;356
2021-07-22 15:17:00-04:00;3.180000066757202;3.180000066757202;3.180000066757202;3.180000066757202;142
2021-07-22 15:19:00-04:00;3.174999952316284;3.174999952316284;3.174999952316284;3.174999952316284;210
2021-07-22 15:23:00-04:00;3.1700000762939453;3.1700000762939453;3.1700000762939453;3.1700000762939453;1345
2021-07-22 15:24:00-04:00;3.174999952316284;3.174999952316284;3.174999952316284;3.174999952316284;538
2021-07-22 15:27:00-04:00;3.1700000762939453;3.1700000762939453;3.1600000858306885;3.1600000858306885;594
2021-07-22 15:29:00-04:00;3.1602001190185547;3.1700000762939453;3.1602001190185547;3.1649999618530273;578
2021-07-22 15:30:00-04:00;3.1600000858306885;3.1600000858306885;3.1600000858306885;3.1600000858306885;880
2021-07-22 15:37:00-04:00;3.1500000953674316;3.1500000953674316;3.1500000953674316;3.1500000953674316;156
2021-07-22 15:38:00-04:00;3.1500000953674316;3.1500000953674316;3.1500000953674316;3.1500000953674316;201
2021-07-22 15:39:00-04:00;3.1500000953674316;3.1500000953674316;3.140000104904175;3.1449999809265137;1234
2021-07-22 15:40:00-04:00;3.140000104904175;3.140000104904175;3.130000114440918;3.134999990463257;1673
2021-07-22 15:41:00-04:00;3.134999990463257;3.134999990463257;3.134999990463257;3.134999990463257;337
2021-07-22 15:43:00-04:00;3.130000114440918;3.130000114440918;3.130000114440918;3.130000114440918;242
2021-07-22 15:44:00-04:00;3.137399911880493;3.138000011444092;3.137399911880493;3.138000011444092;1654
2021-07-22 15:46:00-04:00;3.140000104904175;3.1449999809265137;3.140000104904175;3.1449999809265137;1680
2021-07-22 15:47:00-04:00;3.1458001136779785;3.1458001136779785;3.1458001136779785;3.1458001136779785;261
2021-07-22 15:48:00-04:00;3.140000104904175;3.140000104904175;3.140000104904175;3.140000104904175;470
2021-07-22 15:49:00-04:00;3.1449999809265137;3.1449999809265137;3.1449999809265137;3.1449999809265137;341
2021-07-22 15:50:00-04:00;3.1500000953674316;3.1500000953674316;3.140000104904175;3.1449999809265137;622
2021-07-22 15:52:00-04:00;3.140000104904175;3.140000104904175;3.140000104904175;3.140000104904175;482
2021-07-22 15:53:00-04:00;3.1449999809265137;3.1468000411987305;3.140000104904175;3.140000104904175;1064
2021-07-22 15:54:00-04:00;3.1449999809265137;3.1449999809265137;3.140000104904175;3.1449999809265137;367
2021-07-22 15:55:00-04:00;3.1500000953674316;3.1500000953674316;3.140000104904175;3.146899938583374;847
2021-07-22 15:56:00-04:00;3.140000104904175;3.1500000953674316;3.140000104904175;3.1500000953674316;5878
2021-07-22 15:57:00-04:00;3.140000104904175;3.1500000953674316;3.140000104904175;3.1500000953674316;1576
2021-07-22 15:58:00-04:00;3.1500000953674316;3.1500000953674316;3.140000104904175;3.140000104904175;1616
2021-07-22 15:59:00-04:00;3.140000104904175;3.1500000953674316;3.134999990463257;3.140000104904175;17290
2021-07-23 09:30:00-04:00;3.140000104904175;3.1500000953674316;3.140000104904175;3.1500000953674316;4880
2021-07-23 09:32:00-04:00;3.130000114440918;3.130000114440918;3.119999885559082;3.119999885559082;2391
2021-07-23 09:38:00-04:00;3.109999895095825;3.109999895095825;3.109800100326538;3.109800100326538;1028
2021-07-23 09:40:00-04:00;3.10260009765625;3.109999895095825;3.10260009765625;3.109999895095825;306
2021-07-23 09:41:00-04:00;3.119999885559082;3.119999885559082;3.119999885559082;3.119999885559082;100
2021-07-23 09:42:00-04:00;3.1298000812530518;3.1298000812530518;3.119999885559082;3.119999885559082;610
2021-07-23 09:43:00-04:00;3.121000051498413;3.130000114440918;3.121000051498413;3.130000114440918;456
2021-07-23 09:47:00-04:00;3.119999885559082;3.119999885559082;3.119999885559082;3.119999885559082;2309
2021-07-23 09:48:00-04:00;3.1226999759674072;3.1226999759674072;3.1226999759674072;3.1226999759674072;296
2021-07-23 09:49:00-04:00;3.125;3.125;3.125;3.125;156
2021-07-23 09:50:00-04:00;3.109999895095825;3.109999895095825;3.109999895095825;3.109999895095825;12722
2021-07-23 09:51:00-04:00;3.109999895095825;3.109999895095825;3.1050000190734863;3.1050000190734863;281
2021-07-23 09:52:00-04:00;3.0999999046325684;3.0999999046325684;3.0899999141693115;3.0899999141693115;3376
2021-07-23 09:53:00-04:00;3.0999999046325684;3.1078999042510986;3.0999999046325684;3.1078999042510986;1310
2021-07-23 09:54:00-04:00;3.0999999046325684;3.0999999046325684;3.0899999141693115;3.0899999141693115;297
2021-07-23 09:55:00-04:00;3.0850000381469727;3.0850000381469727;3.0850000381469727;3.0850000381469727;433
2021-07-23 09:58:00-04:00;3.0850000381469727;3.109999895095825;3.0850000381469727;3.109999895095825;25641
2021-07-23 09:59:00-04:00;3.109999895095825;3.130000114440918;3.109999895095825;3.130000114440918;1707
2021-07-23 10:01:00-04:00;3.109999895095825;3.109999895095825;3.0999999046325684;3.0999999046325684;954
2021-07-23 10:03:00-04:00;3.0999999046325684;3.0999999046325684;3.0999999046325684;3.0999999046325684;126
2021-07-23 10:04:00-04:00;3.109999895095825;3.109999895095825;3.109999895095825;3.109999895095825;112
2021-07-23 10:05:00-04:00;3.0999999046325684;3.0999999046325684;3.0899999141693115;3.0899999141693115;200
2021-07-23 10:06:00-04:00;3.0950000286102295;3.0950000286102295;3.0950000286102295;3.0950000286102295;100
2021-07-23 10:07:00-04:00;3.0899999141693115;3.0899999141693115;3.0899999141693115;3.0899999141693115;1535
2021-07-23 10:09:00-04:00;3.0799999237060547;3.0799999237060547;3.0799999237060547;3.0799999237060547;621
2021-07-23 10:10:00-04:00;3.0799999237060547;3.0799999237060547;3.0701000690460205;3.075000047683716;1685
2021-07-23 10:12:00-04:00;3.0701000690460205;3.0701000690460205;3.065000057220459;3.065000057220459;1813
2021-07-23 10:13:00-04:00;3.059999942779541;3.059999942779541;3.059999942779541;3.059999942779541;250
2021-07-23 10:14:00-04:00;3.065000057220459;3.065000057220459;3.059999942779541;3.059999942779541;240
2021-07-23 10:15:00-04:00;3.069999933242798;3.0999999046325684;3.069999933242798;3.0999999046325684;6501
2021-07-23 10:16:00-04:00;3.0999999046325684;3.115000009536743;3.0999999046325684;3.115000009536743;1253
2021-07-23 10:17:00-04:00;3.119999885559082;3.119999885559082;3.119999885559082;3.119999885559082;322
2021-07-23 10:18:00-04:00;3.119999885559082;3.1224000453948975;3.115000009536743;3.119999885559082;2898
2021-07-23 10:20:00-04:00;3.130000114440918;3.130000114440918;3.119999885559082;3.119999885559082;1381
2021-07-23 10:22:00-04:00;3.109999895095825;3.109999895095825;3.109999895095825;3.109999895095825;101
2021-07-23 10:23:00-04:00;3.115000009536743;3.119999885559082;3.115000009536743;3.118499994277954;1212
2021-07-23 10:24:00-04:00;3.119999885559082;3.119999885559082;3.119999885559082;3.119999885559082;358
2021-07-23 10:25:00-04:00;3.130000114440918;3.130000114440918;3.125;3.125;322
2021-07-23 10:27:00-04:00;3.130000114440918;3.130000114440918;3.130000114440918;3.130000114440918;500
2021-07-23 10:28:00-04:00;3.134999990463257;3.134999990463257;3.134999990463257;3.134999990463257;144
2021-07-23 10:30:00-04:00;3.119999885559082;3.119999885559082;3.119999885559082;3.119999885559082;604
2021-07-23 10:31:00-04:00;3.119999885559082;3.1215999126434326;3.119999885559082;3.1215999126434326;301
2021-07-23 10:32:00-04:00;3.119999885559082;3.119999885559082;3.119999885559082;3.119999885559082;200
2021-07-23 10:34:00-04:00;3.115000009536743;3.115000009536743;3.115000009536743;3.115000009536743;270
2021-07-23 10:35:00-04:00;3.115000009536743;3.115000009536743;3.115000009536743;3.115000009536743;182
2021-07-23 10:37:00-04:00;3.0950000286102295;3.0950000286102295;3.0950000286102295;3.0950000286102295;505
2021-07-23 10:38:00-04:00;3.0899999141693115;3.0899999141693115;3.0899999141693115;3.0899999141693115;573
2021-07-23 10:39:00-04:00;3.088900089263916;3.088900089263916;3.088900089263916;3.088900089263916;124
2021-07-23 10:41:00-04:00;3.0899999141693115;3.0899999141693115;3.089200019836426;3.089200019836426;569
2021-07-23 10:44:00-04:00;3.0799999237060547;3.0899999141693115;3.0799999237060547;3.0850000381469727;3535
2021-07-23 10:45:00-04:00;3.0850000381469727;3.0850000381469727;3.0850000381469727;3.0850000381469727;382
2021-07-23 10:48:00-04:00;3.0801000595092773;3.0801000595092773;3.0801000595092773;3.0801000595092773;137
2021-07-23 10:49:00-04:00;3.0850000381469727;3.0850000381469727;3.0850000381469727;3.0850000381469727;1000
2021-07-23 10:50:00-04:00;3.0850000381469727;3.0850000381469727;3.0850000381469727;3.0850000381469727;443
2021-07-23 10:51:00-04:00;3.0799999237060547;3.0899999141693115;3.0799999237060547;3.0850000381469727;20401
2021-07-23 10:55:00-04:00;3.0850000381469727;3.0850000381469727;3.0850000381469727;3.0850000381469727;159
2021-07-23 10:58:00-04:00;3.0850000381469727;3.0850000381469727;3.0850000381469727;3.0850000381469727;661
2021-07-23 11:00:00-04:00;3.0850000381469727;3.0899999141693115;3.0850000381469727;3.0899999141693115;407
2021-07-23 11:03:00-04:00;3.0799999237060547;3.089900016784668;3.0799999237060547;3.089900016784668;321
2021-07-23 11:04:00-04:00;3.089900016784668;3.089900016784668;3.089900016784668;3.089900016784668;223
2021-07-23 11:10:00-04:00;3.0850000381469727;3.0850000381469727;3.0850000381469727;3.0850000381469727;305
2021-07-23 11:15:00-04:00;3.0850000381469727;3.0899999141693115;3.0850000381469727;3.0899999141693115;2798
2021-07-23 11:18:00-04:00;3.0899999141693115;3.0899999141693115;3.0850000381469727;3.0850000381469727;5814
2021-07-23 11:21:00-04:00;3.0850000381469727;3.0850000381469727;3.0850000381469727;3.0850000381469727;101
2021-07-23 11:23:00-04:00;3.0850000381469727;3.0882999897003174;3.0850000381469727;3.0882999897003174;1351
2021-07-23 11:24:00-04:00;3.0899999141693115;3.0950000286102295;3.0850000381469727;3.0950000286102295;475
2021-07-23 11:27:00-04:00;3.0899999141693115;3.0899999141693115;3.0899999141693115;3.0899999141693115;101
2021-07-23 11:30:00-04:00;3.090100049972534;3.090100049972534;3.090100049972534;3.090100049972534;4062
2021-07-23 11:32:00-04:00;3.0950000286102295;3.0950000286102295;3.0950000286102295;3.0950000286102295;454
2021-07-23 11:36:00-04:00;3.0950000286102295;3.0950000286102295;3.0950000286102295;3.0950000286102295;439
2021-07-23 11:38:00-04:00;3.0950000286102295;3.099900007247925;3.0950000286102295;3.099900007247925;358
2021-07-23 11:41:00-04:00;3.093899965286255;3.0999999046325684;3.093899965286255;3.0999999046325684;2285
2021-07-23 11:44:00-04:00;3.1073999404907227;3.1073999404907227;3.1073999404907227;3.1073999404907227;100
2021-07-23 11:45:00-04:00;3.0999999046325684;3.0999999046325684;3.0999999046325684;3.0999999046325684;1711
2021-07-23 11:46:00-04:00;3.0899999141693115;3.0899999141693115;3.0899999141693115;3.0899999141693115;1538
2021-07-23 11:47:00-04:00;3.0850000381469727;3.0850000381469727;3.0850000381469727;3.0850000381469727;143
2021-07-23 11:48:00-04:00;3.069999933242798;3.0710999965667725;3.069999933242798;3.0710999965667725;218
2021-07-23 11:54:00-04:00;3.077199935913086;3.077199935913086;3.077199935913086;3.077199935913086;114
2021-07-23 11:55:00-04:00;3.075000047683716;3.075000047683716;3.075000047683716;3.075000047683716;629
2021-07-23 11:58:00-04:00;3.075000047683716;3.075000047683716;3.075000047683716;3.075000047683716;101
2021-07-23 11:59:00-04:00;3.069999933242798;3.069999933242798;3.069999933242798;3.069999933242798;752
2021-07-23 12:04:00-04:00;3.059999942779541;3.059999942779541;3.059999942779541;3.059999942779541;101
2021-07-23 12:06:00-04:00;3.065000057220459;3.065000057220459;3.065000057220459;3.065000057220459;200
2021-07-23 12:07:00-04:00;3.065000057220459;3.065000057220459;3.065000057220459;3.065000057220459;182
2021-07-23 12:09:00-04:00;3.065000057220459;3.065000057220459;3.062999963760376;3.062999963760376;252
2021-07-23 12:10:00-04:00;3.069999933242798;3.069999933242798;3.065000057220459;3.069999933242798;1365
2021-07-23 12:11:00-04:00;3.075000047683716;3.075000047683716;3.069999933242798;3.069999933242798;2999
2021-07-23 12:17:00-04:00;3.059999942779541;3.065000057220459;3.059999942779541;3.065000057220459;422
2021-07-23 12:21:00-04:00;3.061199903488159;3.061199903488159;3.061199903488159;3.061199903488159;319
2021-07-23 12:23:00-04:00;3.0622000694274902;3.0622000694274902;3.0622000694274902;3.0622000694274902;601
2021-07-23 12:24:00-04:00;3.059999942779541;3.059999942779541;3.059999942779541;3.059999942779541;111
2021-07-23 12:26:00-04:00;3.059999942779541;3.059999942779541;3.055000066757202;3.055000066757202;1989
2021-07-23 12:27:00-04:00;3.059999942779541;3.069999933242798;3.055000066757202;3.069999933242798;4905
2021-07-23 12:28:00-04:00;3.065000057220459;3.065000057220459;3.065000057220459;3.065000057220459;163
2021-07-23 12:29:00-04:00;3.059999942779541;3.059999942779541;3.059999942779541;3.059999942779541;213
2021-07-23 12:30:00-04:00;3.0589001178741455;3.0589001178741455;3.0589001178741455;3.0589001178741455;228
2021-07-23 12:34:00-04:00;3.058199882507324;3.058199882507324;3.058199882507324;3.058199882507324;501
2021-07-23 12:35:00-04:00;3.049999952316284;3.052299976348877;3.049999952316284;3.052299976348877;931
2021-07-23 12:36:00-04:00;3.058799982070923;3.058799982070923;3.058799982070923;3.058799982070923;201
2021-07-23 12:37:00-04:00;3.055000066757202;3.055000066757202;3.055000066757202;3.055000066757202;413
2021-07-23 12:43:00-04:00;3.059999942779541;3.059999942779541;3.059999942779541;3.059999942779541;1318
2021-07-23 12:45:00-04:00;3.059999942779541;3.059999942779541;3.059999942779541;3.059999942779541;461
2021-07-23 12:46:00-04:00;3.059999942779541;3.065000057220459;3.059999942779541;3.065000057220459;952
2021-07-23 12:49:00-04:00;3.065000057220459;3.069999933242798;3.065000057220459;3.069999933242798;390
2021-07-23 12:50:00-04:00;3.065000057220459;3.065000057220459;3.065000057220459;3.065000057220459;495
2021-07-23 12:52:00-04:00;3.069999933242798;3.069999933242798;3.069999933242798;3.069999933242798;247
2021-07-23 12:53:00-04:00;3.065000057220459;3.065000057220459;3.065000057220459;3.065000057220459;1154
2021-07-23 12:54:00-04:00;3.0699000358581543;3.069999933242798;3.0699000358581543;3.069999933242798;1323
2021-07-23 12:55:00-04:00;3.069999933242798;3.069999933242798;3.069999933242798;3.069999933242798;1233
2021-07-23 12:58:00-04:00;3.065000057220459;3.065000057220459;3.065000057220459;3.065000057220459;235
2021-07-23 13:05:00-04:00;3.0699000358581543;3.0699000358581543;3.0699000358581543;3.0699000358581543;156
2021-07-23 13:09:00-04:00;3.059999942779541;3.065000057220459;3.059999942779541;3.065000057220459;910
2021-07-23 13:10:00-04:00;3.065000057220459;3.065000057220459;3.065000057220459;3.065000057220459;151
2021-07-23 13:11:00-04:00;3.0673000812530518;3.0673000812530518;3.0673000812530518;3.0673000812530518;100
2021-07-23 13:12:00-04:00;3.065000057220459;3.066999912261963;3.059999942779541;3.059999942779541;502
2021-07-23 13:13:00-04:00;3.059999942779541;3.059999942779541;3.059999942779541;3.059999942779541;269
2021-07-23 13:14:00-04:00;3.059999942779541;3.0601000785827637;3.055000066757202;3.055000066757202;3609
2021-07-23 13:19:00-04:00;3.049999952316284;3.049999952316284;3.049999952316284;3.049999952316284;1237
2021-07-23 13:22:00-04:00;3.0492000579833984;3.0492000579833984;3.0492000579833984;3.0492000579833984;166
2021-07-23 13:23:00-04:00;3.0450000762939453;3.0450000762939453;3.0450000762939453;3.0450000762939453;193
2021-07-23 13:24:00-04:00;3.0450000762939453;3.0450000762939453;3.0450000762939453;3.0450000762939453;100
2021-07-23 13:26:00-04:00;3.0450000762939453;3.059999942779541;3.0450000762939453;3.0583999156951904;2604
2021-07-23 13:27:00-04:00;3.0566000938415527;3.0566000938415527;3.0566000938415527;3.0566000938415527;190
2021-07-23 13:28:00-04:00;3.049999952316284;3.049999952316284;3.0450000762939453;3.0450000762939453;1111
2021-07-23 13:30:00-04:00;3.049999952316284;3.049999952316284;3.049999952316284;3.049999952316284;425
2021-07-23 13:31:00-04:00;3.049999952316284;3.049999952316284;3.049999952316284;3.049999952316284;100
2021-07-23 13:32:00-04:00;3.0450000762939453;3.0450000762939453;3.0450000762939453;3.0450000762939453;803
2021-07-23 13:35:00-04:00;3.0450000762939453;3.0450000762939453;3.0450000762939453;3.0450000762939453;141
2021-07-23 13:38:00-04:00;3.0499000549316406;3.0499000549316406;3.0499000549316406;3.0499000549316406;1084
2021-07-23 13:39:00-04:00;3.049999952316284;3.049999952316284;3.049999952316284;3.049999952316284;1004
2021-07-23 13:41:00-04:00;3.0499000549316406;3.0499000549316406;3.048799991607666;3.048799991607666;605
2021-07-23 13:42:00-04:00;3.0425000190734863;3.0425000190734863;3.0425000190734863;3.0425000190734863;291
2021-07-23 13:44:00-04:00;3.0399999618530273;3.0450000762939453;3.0399999618530273;3.0450000762939453;287
2021-07-23 13:46:00-04:00;3.0399999618530273;3.0399999618530273;3.0399999618530273;3.0399999618530273;1022
2021-07-23 13:47:00-04:00;3.0494000911712646;3.0499000549316406;3.0450000762939453;3.0499000549316406;4032
2021-07-23 13:48:00-04:00;3.0487000942230225;3.0487000942230225;3.0450000762939453;3.0450000762939453;2750
2021-07-23 13:49:00-04:00;3.0450000762939453;3.049999952316284;3.0450000762939453;3.049999952316284;4104
2021-07-23 13:54:00-04:00;3.055000066757202;3.069999933242798;3.049999952316284;3.069999933242798;13687
2021-07-23 13:55:00-04:00;3.065000057220459;3.065000057220459;3.0648000240325928;3.0648000240325928;5101
2021-07-23 13:56:00-04:00;3.0699000358581543;3.0699000358581543;3.0699000358581543;3.0699000358581543;201
2021-07-23 13:59:00-04:00;3.065000057220459;3.069999933242798;3.065000057220459;3.065000057220459;937
2021-07-23 14:00:00-04:00;3.069000005722046;3.069000005722046;3.069000005722046;3.069000005722046;1070
2021-07-23 14:04:00-04:00;3.065000057220459;3.065000057220459;3.065000057220459;3.065000057220459;102
2021-07-23 14:09:00-04:00;3.059999942779541;3.059999942779541;3.059999942779541;3.059999942779541;1087
2021-07-23 14:10:00-04:00;3.059999942779541;3.059999942779541;3.059999942779541;3.059999942779541;121
2021-07-23 14:11:00-04:00;3.059999942779541;3.059999942779541;3.059999942779541;3.059999942779541;712
2021-07-23 14:13:00-04:00;3.0611000061035156;3.0611000061035156;3.0611000061035156;3.0611000061035156;200
2021-07-23 14:14:00-04:00;3.065000057220459;3.0799999237060547;3.065000057220459;3.075000047683716;4801
2021-07-23 14:16:00-04:00;3.0799999237060547;3.0799999237060547;3.0799999237060547;3.0799999237060547;327
2021-07-23 14:21:00-04:00;3.079900026321411;3.079900026321411;3.079900026321411;3.079900026321411;160
2021-07-23 14:22:00-04:00;3.0799999237060547;3.089900016784668;3.0799999237060547;3.089900016784668;1817
2021-07-23 14:23:00-04:00;3.0899999141693115;3.0899999141693115;3.0801000595092773;3.0801000595092773;645
2021-07-23 14:26:00-04:00;3.0899999141693115;3.0899999141693115;3.0899999141693115;3.0899999141693115;211
2021-07-23 14:28:00-04:00;3.0799999237060547;3.0799999237060547;3.0799999237060547;3.0799999237060547;924
2021-07-23 14:31:00-04:00;3.075000047683716;3.075000047683716;3.069999933242798;3.069999933242798;427
2021-07-23 14:38:00-04:00;3.069999933242798;3.069999933242798;3.065000057220459;3.065000057220459;2094
2021-07-23 14:39:00-04:00;3.069999933242798;3.075000047683716;3.069999933242798;3.075000047683716;2296
2021-07-23 14:40:00-04:00;3.075000047683716;3.075000047683716;3.075000047683716;3.075000047683716;100
2021-07-23 14:42:00-04:00;3.0701000690460205;3.0701000690460205;3.0701000690460205;3.0701000690460205;361
2021-07-23 14:43:00-04:00;3.069999933242798;3.069999933242798;3.069999933242798;3.069999933242798;153
2021-07-23 14:44:00-04:00;3.069999933242798;3.069999933242798;3.069999933242798;3.069999933242798;301
2021-07-23 14:45:00-04:00;3.069999933242798;3.069999933242798;3.069999933242798;3.069999933242798;298
2021-07-23 14:46:00-04:00;3.065000057220459;3.065000057220459;3.065000057220459;3.065000057220459;100
2021-07-23 14:48:00-04:00;3.059999942779541;3.059999942779541;3.059999942779541;3.059999942779541;501
2021-07-23 14:50:00-04:00;3.059999942779541;3.059999942779541;3.059999942779541;3.059999942779541;133
2021-07-23 14:51:00-04:00;3.059999942779541;3.059999942779541;3.059999942779541;3.059999942779541;774
2021-07-23 14:52:00-04:00;3.0601000785827637;3.069999933242798;3.0601000785827637;3.069999933242798;4770
2021-07-23 14:54:00-04:00;3.059999942779541;3.059999942779541;3.059999942779541;3.059999942779541;180
2021-07-23 14:55:00-04:00;3.065000057220459;3.065000057220459;3.065000057220459;3.065000057220459;123
2021-07-23 14:56:00-04:00;3.061199903488159;3.061199903488159;3.061199903488159;3.061199903488159;1002
2021-07-23 14:57:00-04:00;3.059999942779541;3.059999942779541;3.059999942779541;3.059999942779541;500
2021-07-23 14:58:00-04:00;3.059999942779541;3.065000057220459;3.059999942779541;3.065000057220459;1100
2021-07-23 14:59:00-04:00;3.0699000358581543;3.0699000358581543;3.0601000785827637;3.0601000785827637;7224
2021-07-23 15:02:00-04:00;3.059999942779541;3.069999933242798;3.059999942779541;3.065000057220459;10763
2021-07-23 15:05:00-04:00;3.059999942779541;3.059999942779541;3.059999942779541;3.059999942779541;187
2021-07-23 15:07:00-04:00;3.059999942779541;3.069999933242798;3.0599000453948975;3.065000057220459;9545
2021-07-23 15:09:00-04:00;3.069999933242798;3.0799999237060547;3.069999933242798;3.0799999237060547;2937
2021-07-23 15:10:00-04:00;3.069999933242798;3.069999933242798;3.069999933242798;3.069999933242798;1333
2021-07-23 15:11:00-04:00;3.065000057220459;3.079900026321411;3.065000057220459;3.079900026321411;200
2021-07-23 15:14:00-04:00;3.075000047683716;3.075000047683716;3.059999942779541;3.065000057220459;19544
2021-07-23 15:16:00-04:00;3.069999933242798;3.069999933242798;3.065000057220459;3.069999933242798;330
2021-07-23 15:17:00-04:00;3.065000057220459;3.069999933242798;3.065000057220459;3.065000057220459;734
2021-07-23 15:18:00-04:00;3.075000047683716;3.075000047683716;3.075000047683716;3.075000047683716;314
2021-07-23 15:20:00-04:00;3.0799999237060547;3.0799999237060547;3.0799999237060547;3.0799999237060547;1864
2021-07-23 15:21:00-04:00;3.0701000690460205;3.0701000690460205;3.0701000690460205;3.0701000690460205;100
2021-07-23 15:22:00-04:00;3.0776000022888184;3.0776000022888184;3.0776000022888184;3.0776000022888184;632
2021-07-23 15:23:00-04:00;3.0732998847961426;3.0732998847961426;3.0732998847961426;3.0732998847961426;185
2021-07-23 15:24:00-04:00;3.0768001079559326;3.0768001079559326;3.0768001079559326;3.0768001079559326;183
2021-07-23 15:25:00-04:00;3.075000047683716;3.075000047683716;3.075000047683716;3.075000047683716;126
2021-07-23 15:29:00-04:00;3.0799999237060547;3.0799999237060547;3.0799999237060547;3.0799999237060547;112
2021-07-23 15:34:00-04:00;3.069999933242798;3.075000047683716;3.069999933242798;3.075000047683716;205
2021-07-23 15:35:00-04:00;3.0797998905181885;3.0797998905181885;3.0797998905181885;3.0797998905181885;104
2021-07-23 15:36:00-04:00;3.0764999389648438;3.0764999389648438;3.075000047683716;3.075000047683716;205
2021-07-23 15:37:00-04:00;3.069999933242798;3.069999933242798;3.069999933242798;3.069999933242798;4028
2021-07-23 15:40:00-04:00;3.0683000087738037;3.069999933242798;3.0683000087738037;3.069999933242798;496
2021-07-23 15:41:00-04:00;3.069999933242798;3.069999933242798;3.063199996948242;3.063199996948242;262
2021-07-23 15:42:00-04:00;3.069999933242798;3.069999933242798;3.06820011138916;3.06820011138916;566
2021-07-23 15:49:00-04:00;3.069999933242798;3.069999933242798;3.069999933242798;3.069999933242798;392
2021-07-23 15:50:00-04:00;3.065000057220459;3.065000057220459;3.065000057220459;3.065000057220459;107
2021-07-23 15:51:00-04:00;3.062299966812134;3.062299966812134;3.059999942779541;3.059999942779541;217
2021-07-23 15:52:00-04:00;3.059999942779541;3.069999933242798;3.059999942779541;3.065000057220459;1806
2021-07-23 15:53:00-04:00;3.065000057220459;3.065000057220459;3.065000057220459;3.065000057220459;816
2021-07-23 15:54:00-04:00;3.069999933242798;3.069999933242798;3.069999933242798;3.069999933242798;129
2021-07-23 15:55:00-04:00;3.069999933242798;3.069999933242798;3.069999933242798;3.069999933242798;518
2021-07-23 15:56:00-04:00;3.065000057220459;3.065000057220459;3.059999942779541;3.059999942779541;1484
2021-07-23 15:57:00-04:00;3.066499948501587;3.066499948501587;3.065000057220459;3.065000057220459;208
2021-07-23 15:58:00-04:00;3.065000057220459;3.0673000812530518;3.065000057220459;3.065000057220459;968
2021-07-23 15:59:00-04:00;3.059999942779541;3.069999933242798;3.059999942779541;3.069999933242798;4893
